Date,Open Price,High Price,Low Price,Close Price,WAP,No.of Shares,No. of Trades,Total Turnover (Rs.),Deliverable Quantity,% Deli. Qty to Traded Qty,Spread High-Low,Spread Close-Open,Unix Date
2021-05-06,634.6,635.0,619.15,626.15,629.8234986798494,178010.0,644.0,112114881.0,166991.0,93.81,15.850000000000025,-8.450000000000045,1620259200.0
2021-05-05,615.45,635.05,615.45,632.85,628.4616066154755,6772.0,383.0,4255942.0,3074.0,45.39,19.59999999999991,17.399999999999977,1620153000.0
2021-05-04,629.7,646.4,620.1,622.6,634.6898212809623,35083.0,1222.0,22266823.0,11853.0,33.79,26.299999999999955,-7.100000000000023,1620086400.0
2021-05-03,594.6,635.0,594.6,629.7,627.4642633931204,84801.0,4284.0,53209597.0,41873.0,49.38,40.4,35.1,1620000000.0
2021-04-30,615.0,622.3,604.55,608.0,614.2994992060584,16374.0,929.0,10058540.0,5479.0,33.46,17.75,-7.0,1619740800.0
2021-04-29,618.0,631.0,618.0,622.55,624.3417878281009,62176.0,3119.0,38819075.0,27726.0,44.59,13.0,4.55,1619654400.0
2021-04-28,617.9,620.65,607.2,612.45,613.2051804423749,13744.0,490.0,8427892.0,3636.0,26.46,13.45,-5.45,1619568000.0
2021-04-27,614.35,631.6,608.95,612.05,617.1188010577165,67693.0,1207.0,41774623.0,5480.0,8.1,22.65,-2.3,1619481600.0
2021-04-26,585.8,619.0,585.8,616.5,609.9866113066762,33237.0,1275.0,20274125.0,11802.0,35.51,33.2,30.7,1619395200.0
2021-04-23,583.0,603.0,583.0,596.5,596.1197371574658,50068.0,1884.0,29846523.0,19027.0,38.0,20.0,13.5,1619136000.0
2021-04-22,580.0,589.0,578.0,581.0,585.2234692410884,83488.0,1784.0,48859137.0,7422.0,8.89,11.0,1.0,1619049600.0
2021-04-20,598.0,603.0,580.3,583.5,589.93326376067,37371.0,2139.0,22046396.0,13866.0,37.1,22.7,-14.5,1618876800.0
2021-04-19,588.3,602.4,575.0,590.15,592.3230035309143,53244.0,1463.0,31537646.0,8867.0,16.65,27.4,1.85,1618790400.0
2021-04-16,620.0,620.0,597.5,610.45,609.7586173902644,41805.0,929.0,25490959.0,4753.0,11.37,22.5,-9.55,1618531200.0
2021-04-15,595.0,619.4,579.0,616.45,601.8997030266012,47479.0,2449.0,28577596.0,15972.0,33.64,40.4,21.45,1618444800.0
2021-04-13,585.05,603.75,585.05,591.05,593.8147816235776,59141.0,1768.0,35118800.0,6917.0,11.7,18.7,6.0,1618272000.0
2021-04-12,605.0,608.4,589.0,590.6,599.2063087683543,43178.0,2573.0,25872530.0,18625.0,43.14,19.4,-14.4,1618185600.0
2021-04-09,630.0,630.0,612.75,614.3,617.5991488499341,9869.0,533.0,6095086.0,5129.0,51.97,17.25,-15.7,1617926400.0
2021-04-08,618.0,631.5,618.0,628.0,626.4844853306813,20110.0,1005.0,12598603.0,12784.0,63.57,13.5,10.0,1617840000.0
2021-04-07,601.5,625.0,600.45,622.75,617.2106982081384,33987.0,1557.0,20977140.0,14077.0,41.42,24.55,21.25,1617753600.0
2021-04-06,600.5,605.0,596.7,599.0,600.3550264550265,13230.0,685.0,7942697.0,6808.0,51.46,8.3,-1.5,1617667200.0
2021-04-05,611.0,611.0,590.2,600.5,602.0067314058706,18124.0,929.0,10910770.0,8707.0,48.04,20.8,-10.5,1617580800.0
2021-04-01,599.0,609.7,599.0,607.45,605.4684309053778,11752.0,564.0,7115465.0,6590.0,56.08,10.7,8.45,1617235200.0
2021-03-31,596.0,601.65,590.0,593.0,593.9201430656466,62349.0,1108.0,37030327.0,51976.0,83.36,11.65,-3.0,1617148800.0
2021-03-30,604.1,612.0,594.5,596.15,602.396163777204,65064.0,1867.0,39194304.0,9354.0,14.38,17.5,-7.95,1617062400.0
2021-03-26,599.95,613.1,599.0,604.1,605.1374601729631,10985.0,558.0,6647435.0,4339.0,39.5,14.1,4.15,1616716800.0
2021-03-25,606.0,606.0,591.4,596.2,594.9515409139213,9410.0,454.0,5598494.0,4188.0,44.51,14.6,-9.8,1616630400.0
2021-03-24,612.0,612.0,600.35,602.7,604.7138606108066,6385.0,346.0,3861098.0,1972.0,30.88,11.65,-9.3,1616544000.0
2021-03-23,597.8,609.25,597.8,605.2,604.6146793716199,19415.0,930.0,11738594.0,7647.0,39.39,11.45,7.4,1616457600.0
2021-03-22,614.95,614.95,595.9,597.8,600.9591403242223,67793.0,1677.0,40740823.0,12166.0,17.95,19.05,-17.15,1616371200.0
2021-03-19,590.0,612.1,583.1,609.25,596.2951371014791,29139.0,1580.0,17375444.0,10382.0,35.63,29.0,19.25,1616112000.0
2021-03-18,612.0,618.15,597.6,603.2,607.7006659320652,20873.0,638.0,12684536.0,4744.0,22.73,20.55,-8.8,1616025600.0
2021-03-17,620.0,625.2,610.15,612.0,617.5340208629682,8436.0,443.0,5209517.0,2988.0,35.42,15.05,-8.0,1615939200.0
2021-03-16,623.85,623.85,616.1,617.75,618.0697504645607,30136.0,397.0,18626150.0,4092.0,13.58,7.75,-6.1,1615852800.0
2021-03-15,623.75,631.5,615.3,620.55,622.6721062817093,19119.0,1121.0,11904868.0,8268.0,43.24,16.2,-3.2,1615766400.0
2021-03-12,626.5,634.7,623.75,626.2,627.5013431013431,8190.0,426.0,5139236.0,2962.0,36.17,10.95,-0.3,1615507200.0
2021-03-10,622.5,635.3,622.5,628.15,630.4235454855972,8783.0,477.0,5537010.0,5464.0,62.21,12.8,5.65,1615334400.0
2021-03-09,635.0,635.0,627.25,630.35,630.7695046560764,25558.0,1059.0,16121207.0,12317.0,48.19,7.75,-4.65,1615248000.0
2021-03-08,632.0,645.1,621.0,630.0,630.0380393082689,33886.0,1188.0,21349469.0,14950.0,44.12,24.1,-2.0,1615161600.0
2021-03-05,635.95,646.0,626.1,631.35,636.394291497217,53359.0,1998.0,33957363.0,16667.0,31.24,19.9,-4.6,1614902400.0
2021-03-04,610.75,639.5,610.75,635.95,633.2866298451281,81293.0,3196.0,51481770.0,48147.0,59.23,28.75,25.2,1614816000.0
2021-03-03,623.9,631.9,623.4,624.65,627.7472564342733,71531.0,2966.0,44903389.0,27339.0,38.22,8.5,0.75,1614729600.0
2021-03-02,630.0,630.0,618.95,620.15,624.7170047831106,60630.0,2143.0,37876592.0,27527.0,45.4,11.05,-9.85,1614643200.0
2021-03-01,604.0,620.0,600.05,617.0,609.5163183727167,19763.0,914.0,12045871.0,6581.0,33.3,19.95,13.0,1614556800.0
2021-02-26,594.0,612.05,594.0,605.4,606.8192052980132,12080.0,678.0,7330376.0,5105.0,42.26,18.05,11.4,1614297600.0
2021-02-25,606.85,617.65,600.65,613.25,610.128631402183,29775.0,1560.0,18166580.0,16073.0,53.98,17.0,6.4,1614211200.0
2021-02-24,607.0,617.0,580.1,600.45,600.4311182401466,43640.0,1755.0,26202814.0,24898.0,57.05,36.9,-6.55,1614124800.0
2021-02-23,609.1,618.4,589.8,602.9,601.5092234750389,25099.0,1057.0,15097280.0,5347.0,21.3,28.6,-6.2,1614038400.0
2021-02-22,609.0,614.65,604.0,605.35,607.283619140944,30615.0,1883.0,18591988.0,16546.0,54.05,10.65,-3.65,1613952000.0
2021-02-19,621.9,627.6,608.65,611.6,614.8372233552383,13239.0,680.0,8139830.0,5819.0,43.95,18.95,-10.3,1613692800.0
2021-02-18,612.3,623.85,608.55,621.15,614.2318391171508,21929.0,868.0,13469490.0,7965.0,36.32,15.3,8.85,1613606400.0
2021-02-17,617.5,622.85,604.0,606.1,609.460886230327,17219.0,997.0,10494307.0,8296.0,48.18,18.85,-11.4,1613520000.0
2021-02-16,640.0,640.0,617.35,617.95,621.8491663010092,18232.0,825.0,11337554.0,11307.0,62.02,22.65,-22.05,1613433600.0
2021-02-15,626.05,627.55,619.75,624.55,624.3847949803005,6853.0,321.0,4278909.0,2483.0,36.23,7.8,-1.5,1613347200.0
2021-02-12,625.65,625.85,619.0,621.1,621.9576951130562,8226.0,345.0,5116224.0,3280.0,39.87,6.85,-4.55,1613088000.0
2021-02-11,618.0,632.9,609.4,620.65,626.654422388341,63676.0,1634.0,39902847.0,12280.0,19.29,23.5,2.65,1613001600.0
2021-02-10,606.0,618.85,601.35,617.15,612.6995706926159,34940.0,1917.0,21407723.0,18642.0,53.35,17.5,11.15,1612915200.0
2021-02-09,605.0,620.4,599.0,607.75,610.664472683001,26284.0,1298.0,16050705.0,9389.0,35.72,21.4,2.75,1612828800.0
2021-02-08,618.0,618.0,605.0,605.65,610.013784385722,33226.0,1861.0,20268318.0,15860.0,47.73,13.0,-12.35,1612742400.0
2021-02-05,625.0,625.0,607.7,609.05,612.6904347826087,10925.0,576.0,6693643.0,6382.0,58.42,17.3,-15.95,1612483200.0
2021-02-04,637.2,637.2,614.8,615.8,624.6426700531788,12599.0,927.0,7869873.0,7371.0,58.5,22.4,-21.4,1612396800.0
2021-02-03,630.4,637.65,625.0,634.4,633.8935725697432,24411.0,1291.0,15473976.0,11370.0,46.58,12.65,4.0,1612310400.0
2021-02-02,632.0,635.0,621.3,630.25,628.1868222658267,9683.0,488.0,6082733.0,3909.0,40.37,13.7,-1.75,1612224000.0
2021-02-01,617.5,626.7,603.2,623.45,618.2595988359358,31957.0,1353.0,19757722.0,9642.0,30.17,23.5,5.95,1612137600.0
2021-01-29,638.55,638.55,609.2,610.75,623.1914144968332,7105.0,601.0,4427775.0,2842.0,40.0,29.35,-27.8,1611878400.0
2021-01-28,602.1,630.75,602.1,623.6,615.3371313057061,10883.0,710.0,6696714.0,4438.0,40.78,28.65,21.5,1611792000.0
2021-01-27,628.0,639.45,612.9,614.25,620.262985876036,42835.0,2579.0,26568965.0,21646.0,50.53,26.55,-13.75,1611705600.0
2021-01-25,654.0,673.35,625.7,628.0,638.3436516796914,29559.0,1644.0,18868800.0,8910.0,30.14,47.65,-26.0,1611532800.0
2021-01-22,666.0,687.0,659.55,661.75,668.951361935732,57198.0,2979.0,38262680.0,23697.0,41.43,27.45,-4.25,1611273600.0
2021-01-21,726.9,730.0,704.0,709.5,717.9886570791979,29622.0,1804.0,21268260.0,13302.0,44.91,26.0,-17.4,1611187200.0
2021-01-20,706.7,724.0,702.5,719.9,713.9108161933292,119506.0,5417.0,85316626.0,47725.0,39.94,21.5,13.2,1611100800.0
2021-01-19,690.05,705.25,690.05,701.5,700.4131493506494,28336.0,1278.0,19846907.0,11184.0,39.47,15.2,11.45,1611014400.0
2021-01-18,699.9,702.65,670.6,687.1,688.2698004525818,87498.0,4477.0,60222231.0,38207.0,43.67,32.05,-12.8,1610928000.0
2021-01-15,702.9,709.05,687.15,692.0,700.3815382957322,55672.0,3198.0,38991641.0,21862.0,39.27,21.9,-10.9,1610668800.0
2021-01-14,698.8,710.0,689.0,694.8,698.7450938942325,85149.0,4271.0,59497446.0,25120.0,29.5,21.0,-4.0,1610582400.0
2021-01-13,668.0,694.0,650.9,683.6,673.1865208065844,269482.0,14026.0,181411650.0,78070.0,28.97,43.1,15.6,1610496000.0
2021-01-12,628.0,669.5,628.0,661.85,652.5573303664852,151002.0,7588.0,98537462.0,57034.0,37.77,41.5,33.85,1610409600.0
2021-01-11,634.8,634.8,622.35,624.7,626.7884004829406,44726.0,2004.0,28033738.0,26406.0,59.04,12.45,-10.1,1610323200.0
2021-01-08,627.45,628.65,621.05,623.2,624.481372045221,7784.0,500.0,4860963.0,4442.0,57.07,7.6,-4.25,1610064000.0
2021-01-07,634.0,634.0,621.0,622.45,625.5208968609866,5575.0,344.0,3487279.0,2790.0,50.04,13.0,-11.55,1609977600.0
2021-01-06,633.0,638.9,619.5,622.0,628.6974421547361,22128.0,1405.0,13911817.0,9501.0,42.94,19.4,-11.0,1609891200.0
2021-01-05,619.2,632.95,617.35,630.0,626.0592680986476,7542.0,359.0,4721739.0,4403.0,58.38,15.6,10.8,1609804800.0
2021-01-04,620.0,627.2,619.9,624.85,624.193472646161,8518.0,535.0,5316880.0,4057.0,47.63,7.3,4.85,1609718400.0
2021-01-01,610.0,623.85,610.0,620.4,619.4094079975603,26233.0,1520.0,16248967.0,16454.0,62.72,13.85,10.4,1609459200.0
2020-12-31,613.0,616.55,608.9,614.3,612.932133784928,23620.0,1551.0,14477457.0,9796.0,41.47,7.65,1.3,1609372800.0
2020-12-30,607.0,612.7,605.1,609.6,609.761050533474,34116.0,1528.0,20802608.0,9364.0,27.45,7.6,2.6,1609286400.0
2020-12-29,619.0,619.0,603.0,605.35,610.8956782277102,11014.0,873.0,6728405.0,4453.0,40.43,16.0,-13.65,1609200000.0
2020-12-28,611.0,624.0,602.0,604.1,613.323803141985,26862.0,1847.0,16475104.0,10263.0,38.21,22.0,-6.9,1609113600.0
2020-12-24,597.0,613.0,597.0,605.4,608.4209639311746,308549.0,682.0,187727680.0,303617.0,98.4,16.0,8.4,1608768000.0
2020-12-23,577.0,597.0,577.0,594.55,588.1778169014085,13632.0,889.0,8018040.0,6021.0,44.17,20.0,17.55,1608681600.0
2020-12-22,553.1,588.85,553.1,576.25,573.541539655268,18043.0,1335.0,10348410.0,7638.0,42.33,35.75,23.15,1608595200.0
2020-12-21,603.0,616.45,570.0,580.7,592.1898537192656,25704.0,1842.0,15221648.0,15006.0,58.38,46.45,-22.3,1608508800.0
2020-12-18,617.0,617.0,603.6,608.1,608.0261121856867,4136.0,321.0,2514796.0,2015.0,48.72,13.4,-8.9,1608249600.0
2020-12-17,617.0,618.9,614.0,614.7,615.7067198177676,3512.0,296.0,2162362.0,1565.0,44.56,4.9,-2.3,1608163200.0
2020-12-16,616.9,619.2,613.0,614.85,615.6857083071772,19116.0,1061.0,11769448.0,13372.0,69.95,6.2,-2.05,1608076800.0
2020-12-15,628.45,628.45,610.1,612.4,618.053955078125,8192.0,713.0,5063098.0,4023.0,49.11,18.35,-16.05,1607990400.0
2020-12-14,621.0,628.9,620.0,627.1,623.8741258741259,3003.0,239.0,1873494.0,1797.0,59.84,8.9,6.1,1607904000.0
2020-12-11,624.9,628.35,620.9,622.15,624.6272680145153,3858.0,330.0,2409812.0,1887.0,48.91,7.45,-2.75,1607644800.0
2020-12-10,634.5,634.5,618.15,619.1,623.6092230672957,20774.0,1071.0,12954858.0,11607.0,55.87,16.35,-15.4,1607558400.0
2020-12-09,624.15,639.0,621.2,630.65,633.9870006572701,13693.0,778.0,8681184.0,4455.0,32.53,17.8,6.5,1607472000.0
2020-12-08,631.45,632.4,617.0,619.9,623.265981859906,9151.0,578.0,5703507.0,3967.0,43.35,15.4,-11.55,1607385600.0
2020-12-07,630.0,632.6,623.65,627.4,626.5349770642201,5232.0,497.0,3278031.0,2800.0,53.52,8.95,-2.6,1607299200.0
2020-12-04,639.0,639.8,623.9,628.9,633.291798333812,13924.0,948.0,8817955.0,5231.0,37.57,15.9,-10.1,1607040000.0
2020-12-03,616.0,634.8,610.0,628.3,622.1519954541608,82713.0,6024.0,51460058.0,46709.0,56.47,24.8,12.3,1606953600.0
2020-12-02,595.0,606.35,590.0,603.55,599.7155871420042,51921.0,2996.0,31137833.0,29011.0,55.88,16.35,8.55,1606867200.0
2020-12-01,583.0,594.0,578.0,592.3,589.2000960845544,16652.0,1347.0,9811360.0,9661.0,58.02,16.0,9.3,1606780800.0
2020-11-27,592.0,602.0,578.0,581.65,589.1328384027678,13874.0,898.0,8173629.0,6704.0,48.32,24.0,-10.35,1606435200.0
2020-11-26,589.9,605.75,576.7,596.7,597.4104812989272,55184.0,2228.0,32967500.0,10784.0,19.54,29.05,6.8,1606348800.0
2020-11-25,598.0,599.45,580.55,584.45,590.7215264302935,34014.0,1435.0,20092802.0,4411.0,12.97,18.9,-13.55,1606262400.0
2020-11-24,570.25,593.75,570.25,591.1,585.0198074787116,16206.0,1280.0,9480831.0,12230.0,75.47,23.5,20.85,1606176000.0
2020-11-23,571.5,577.0,570.8,574.5,573.5611895299438,7297.0,707.0,4185276.0,4243.0,58.15,6.2,3.0,1606089600.0
2020-11-20,582.35,583.25,568.5,572.1,572.2094492591557,35770.0,1949.0,20467932.0,7188.0,20.1,14.75,-10.25,1605830400.0
2020-11-19,582.0,589.0,579.4,581.35,583.4597499087864,30149.0,821.0,17590728.0,5686.0,18.86,9.6,-0.65,1605744000.0
2020-11-18,584.0,585.65,580.0,581.6,582.8313444709626,5028.0,602.0,2930476.0,2324.0,46.22,5.65,-2.4,1605657600.0
2020-11-17,586.35,587.4,579.55,582.75,583.8659472919693,33733.0,716.0,19695550.0,3749.0,11.11,7.85,-3.6,1605571200.0
2020-11-14,588.8,588.8,580.55,585.85,585.7317822651448,2278.0,202.0,1334297.0,1911.0,83.89,8.25,-2.95,1605312000.0
2020-11-13,580.0,585.0,574.0,581.95,579.015508816656,4707.0,486.0,2725426.0,2728.0,57.96,11.0,1.95,1605225600.0
2020-11-12,594.0,594.0,576.55,577.85,579.7359094265321,4063.0,579.0,2355467.0,2270.0,55.87,17.45,-16.15,1605139200.0
2020-11-11,588.1,592.4,580.0,583.9,586.3473612374886,4396.0,322.0,2577583.0,1661.0,37.78,12.4,-4.2,1605052800.0
2020-11-10,603.0,603.0,582.0,584.4,585.4752028854824,11090.0,1301.0,6492920.0,4485.0,40.44,21.0,-18.6,1604966400.0
2020-11-09,604.95,605.5,588.8,596.4,594.9642584097859,5232.0,677.0,3112853.0,2005.0,38.32,16.7,-8.55,1604880000.0
2020-11-06,578.0,609.45,578.0,601.1,593.9234481094682,29013.0,2992.0,17231501.0,15184.0,52.34,31.45,23.1,1604620800.0
2020-11-05,582.0,582.0,573.45,576.6,577.416824424328,29053.0,1063.0,16775691.0,7746.0,26.66,8.55,-5.4,1604534400.0
2020-11-04,574.4,578.0,565.95,575.35,570.7739052725648,2238.0,261.0,1277392.0,730.0,32.62,12.05,0.95,1604448000.0
2020-11-03,571.8,577.8,564.25,567.05,571.0447604002105,3798.0,382.0,2168828.0,1416.0,37.28,13.55,-4.75,1604361600.0
2020-11-02,560.0,577.25,555.25,571.8,561.2997940267765,29130.0,1549.0,16350663.0,4437.0,15.23,22.0,11.8,1604275200.0
2020-10-30,568.0,585.75,560.15,563.15,564.4799131693198,34550.0,646.0,19502781.0,2390.0,6.92,25.6,-4.85,1604016000.0
2020-10-29,569.7,576.0,565.2,568.0,570.1166958041958,6864.0,650.0,3913281.0,2813.0,40.98,10.8,-1.7,1603929600.0
2020-10-28,572.0,585.05,566.6,570.05,576.3548450662594,20299.0,544.0,11699427.0,2077.0,10.23,18.45,-1.95,1603843200.0
2020-10-27,572.5,585.9,565.0,582.15,574.5647041888585,6947.0,919.0,3991501.0,2729.0,39.28,20.9,9.65,1603756800.0
2020-10-26,589.15,599.0,574.8,576.85,582.3055342633756,13046.0,1136.0,7596758.0,6187.0,47.42,24.2,-12.3,1603670400.0
2020-10-23,581.95,591.95,579.9,589.95,583.3943747295543,34665.0,935.0,20223366.0,5374.0,15.5,12.05,8.0,1603411200.0
2020-10-22,566.0,585.0,566.0,579.15,576.31772538747,9162.0,845.0,5280223.0,3742.0,40.84,19.0,13.15,1603324800.0
2020-10-21,577.45,587.45,567.35,571.35,579.9727851597709,34393.0,1011.0,19947004.0,2016.0,5.86,20.1,-6.1,1603238400.0
2020-10-20,569.0,577.5,561.15,574.9,572.5621222296844,5956.0,677.0,3410180.0,3274.0,54.97,16.35,5.9,1603152000.0
2020-10-19,592.0,592.0,562.1,568.9,570.0378479096308,25761.0,850.0,14684745.0,3164.0,12.28,29.9,-23.1,1603065600.0
2020-10-16,574.5,582.3,568.8,577.1,575.3987073318522,4951.0,626.0,2848799.0,2391.0,48.29,13.5,2.6,1602806400.0
2020-10-15,602.95,602.95,571.6,573.65,579.5527570789866,6710.0,963.0,3888799.0,3243.0,48.33,31.35,-29.3,1602720000.0
2020-10-14,588.15,588.15,581.0,583.1,585.3546164123479,14221.0,459.0,8324328.0,1133.0,7.97,7.15,-5.05,1602633600.0
2020-10-13,590.0,596.4,585.3,588.15,590.3910147392289,7056.0,811.0,4165799.0,2338.0,33.13,11.1,-1.85,1602547200.0
2020-10-12,585.0,608.6,585.0,593.5,600.6923326308964,12338.0,468.0,7411342.0,1212.0,9.82,23.6,8.5,1602460800.0
2020-10-09,605.0,613.8,601.7,609.65,606.2284836065573,6832.0,685.0,4141753.0,3066.0,44.88,12.1,4.65,1602201600.0
2020-10-08,612.65,613.8,598.0,600.9,603.2494790786732,17757.0,994.0,10711901.0,4807.0,27.07,15.8,-11.75,1602115200.0
2020-10-07,619.6,619.6,605.0,609.05,613.0281058101086,4234.0,572.0,2595561.0,2333.0,55.1,14.6,-10.55,1602028800.0
2020-10-06,623.0,627.35,617.0,620.9,623.00904159132,2765.0,250.0,1722620.0,1422.0,51.43,10.35,-2.1,1601942400.0
2020-10-05,635.0,635.0,614.6,620.05,620.6078449816574,10631.0,340.0,6597682.0,1102.0,10.37,20.4,-14.95,1601856000.0
2020-10-01,620.0,622.65,614.6,618.9,618.5566820276498,3255.0,292.0,2013402.0,1443.0,44.33,8.05,-1.1,1601510400.0
2020-09-30,633.0,633.0,611.0,613.75,617.2088785046728,2140.0,266.0,1320827.0,582.0,27.2,22.0,-19.25,1601424000.0
2020-09-29,646.0,646.0,611.0,616.9,619.6798288200813,27807.0,1183.0,17231437.0,3705.0,13.32,35.0,-29.1,1601337600.0
2020-09-28,636.85,639.1,621.3,624.65,624.43242157543,27383.0,1189.0,17098833.0,4611.0,16.84,17.8,-12.2,1601251200.0
2020-09-25,630.0,645.45,624.9,630.05,633.9450188741177,6093.0,678.0,3862627.0,3066.0,50.32,20.55,0.05,1600992000.0
2020-09-24,621.0,670.0,616.0,634.5,630.6961699655587,24099.0,1025.0,15199147.0,3579.0,14.85,54.0,13.5,1600905600.0
2020-09-23,651.95,657.0,628.0,647.65,644.6787771377935,6771.0,750.0,4365120.0,3560.0,52.58,29.0,-4.3,1600819200.0
2020-09-22,656.0,657.0,610.5,646.2,638.7598138091544,6445.0,677.0,4116807.0,1910.0,29.64,46.5,-9.8,1600732800.0
2020-09-21,684.4,700.0,623.65,639.25,681.2234444398323,48182.0,3131.0,32822708.0,12383.0,25.7,76.35,-45.15,1600646400.0
2020-09-18,660.6,683.95,655.25,676.3,666.5958985029359,56711.0,1751.0,37803320.0,11998.0,21.16,28.7,15.7,1600387200.0
2020-09-17,675.0,676.75,649.0,656.2,668.1279463583182,29231.0,776.0,19530048.0,3732.0,12.77,27.75,-18.8,1600300800.0
2020-09-16,682.45,688.0,669.3,673.25,673.8139089494474,50126.0,1093.0,33775596.0,6937.0,13.84,18.7,-9.2,1600214400.0
2020-09-15,659.0,687.3,653.6,668.1,672.1914198313809,67015.0,2741.0,45046908.0,19778.0,29.51,33.7,9.1,1600128000.0
2020-09-14,644.0,655.55,632.75,653.25,647.5181254841208,12910.0,1002.0,8359459.0,3588.0,27.79,22.8,9.25,1600041600.0
2020-09-11,647.0,647.0,614.2,625.0,630.0818233295583,10596.0,704.0,6676347.0,3856.0,36.39,32.8,-22.0,1599782400.0
2020-09-10,622.5,635.0,618.8,629.7,628.3546186864232,17007.0,997.0,10686427.0,1957.0,11.51,16.2,7.2,1599696000.0
2020-09-09,630.0,630.0,605.9,608.25,610.3753379345441,31441.0,801.0,19190811.0,4723.0,15.02,24.1,-21.75,1599609600.0
2020-09-08,612.0,625.0,606.55,615.3,616.4088185201539,15853.0,1395.0,9771929.0,6524.0,41.15,18.45,3.3,1599523200.0
2020-09-07,607.15,610.55,601.0,609.1,607.0615683732988,1543.0,200.0,936696.0,349.0,22.62,9.55,1.95,1599436800.0
2020-09-04,592.35,616.25,592.35,607.4,607.138102189781,6850.0,583.0,4158896.0,3063.0,44.72,23.9,15.05,1599177600.0
2020-09-03,616.55,626.7,607.0,610.75,618.2918722409764,3851.0,388.0,2381042.0,1781.0,46.25,19.7,-5.8,1599091200.0
2020-09-02,609.55,618.8,600.05,617.1,609.5170571311138,4866.0,462.0,2965910.0,2241.0,46.05,18.75,7.55,1599004800.0
2020-09-01,601.0,619.0,596.55,612.95,607.4820610687024,2620.0,295.0,1591603.0,1107.0,42.25,22.45,11.95,1598918400.0
2020-08-31,641.5,641.5,593.0,599.65,607.8309312071962,9783.0,793.0,5946410.0,2996.0,30.62,48.5,-41.85,1598832000.0
2020-08-28,642.4,652.9,621.65,624.95,639.7393109173931,16863.0,1463.0,10787924.0,6582.0,39.03,31.25,-17.45,1598572800.0
2020-08-27,665.0,665.0,631.0,636.2,634.9226302653695,19633.0,453.0,12465436.0,1409.0,7.18,34.0,-28.8,1598486400.0
2020-08-26,656.0,663.6,634.0,638.6,650.7338578404775,14744.0,1081.0,9594420.0,4859.0,32.96,29.6,-17.4,1598400000.0
2020-08-25,625.55,655.0,623.05,650.2,638.0108187595189,19041.0,1037.0,12148364.0,4482.0,23.54,31.95,24.65,1598313600.0
2020-08-24,615.0,640.05,615.0,621.15,623.0331226040756,29738.0,1026.0,18527759.0,5016.0,16.87,25.05,6.15,1598227200.0
2020-08-21,638.0,647.1,633.0,636.7,642.2444375291738,12854.0,1060.0,8255410.0,3579.0,27.84,14.1,-1.3,1597968000.0
2020-08-20,608.5,640.5,606.75,632.55,624.1809371077953,43026.0,3133.0,26856009.0,10401.0,24.17,33.75,24.05,1597881600.0
2020-08-19,588.5,610.0,588.5,605.55,600.2689386562804,10270.0,904.0,6164762.0,3138.0,30.56,21.5,17.05,1597795200.0
2020-08-18,592.0,592.15,587.25,588.35,589.4084602368865,2955.0,320.0,1741702.0,1071.0,36.24,4.9,-3.65,1597708800.0
2020-08-17,598.45,598.45,587.85,594.15,593.7011559063998,3547.0,419.0,2105858.0,1795.0,50.61,10.6,-4.3,1597622400.0
2020-08-14,598.95,601.25,581.8,595.1,592.7883568883842,25543.0,1595.0,15141593.0,13611.0,53.29,19.45,-3.85,1597363200.0
2020-08-13,582.0,605.0,576.5,597.05,591.7217524980784,27321.0,2442.0,16166430.0,13353.0,48.87,28.5,15.05,1597276800.0
2020-08-12,580.0,582.0,564.05,578.85,575.4519572953736,8711.0,826.0,5012762.0,3714.0,42.64,17.95,-1.15,1597190400.0
2020-08-11,572.0,583.2,561.2,576.7,572.8763489719414,17606.0,1807.0,10086061.0,6211.0,35.28,22.0,4.7,1597104000.0
2020-08-10,597.95,597.95,566.55,570.0,572.3408624229979,17532.0,1375.0,10034280.0,12286.0,70.08,31.4,-27.95,1597017600.0
2020-08-07,570.0,583.1,568.0,580.8,577.4587444587445,6993.0,727.0,4038169.0,2334.0,33.38,15.1,10.8,1596758400.0
2020-08-06,576.9,579.95,564.0,568.85,572.0284501295694,54411.0,1572.0,31124640.0,8098.0,14.88,15.95,-8.05,1596672000.0
2020-08-05,565.0,573.75,559.75,568.7,565.4154286343128,18174.0,1110.0,10275860.0,12354.0,67.98,14.0,3.7,1596585600.0
2020-08-04,548.0,560.0,548.0,556.25,555.0091743119266,6104.0,642.0,3387776.0,1793.0,29.37,12.0,8.25,1596499200.0
2020-08-03,552.45,552.45,539.0,548.65,545.0367395507958,6723.0,549.0,3664282.0,2179.0,32.41,13.45,-3.8,1596412800.0
2020-07-31,560.4,560.4,547.75,549.0,554.8896885323265,25428.0,773.0,14109735.0,3006.0,11.82,12.65,-11.4,1596153600.0
2020-07-30,569.35,569.45,554.15,556.3,558.4776403425309,5255.0,658.0,2934800.0,1642.0,31.25,15.3,-13.05,1596067200.0
2020-07-29,575.0,579.35,560.3,562.4,567.0954014029618,6415.0,1053.0,3637917.0,3617.0,56.38,19.05,-12.6,1595980800.0
2020-07-28,561.05,585.45,558.25,575.8,573.5491559086395,5035.0,572.0,2887820.0,2231.0,44.31,27.2,14.75,1595894400.0
2020-07-27,580.0,580.0,561.45,564.4,566.5999134324052,6931.0,852.0,3927104.0,3451.0,49.79,18.55,-15.6,1595808000.0
2020-07-24,565.7,587.4,565.7,576.4,576.4543906937154,7049.0,624.0,4063427.0,1973.0,27.99,21.7,10.7,1595548800.0
2020-07-23,575.9,588.45,574.0,583.45,583.4820224719101,7120.0,524.0,4154392.0,2158.0,30.31,14.45,7.55,1595462400.0
2020-07-22,589.05,595.05,571.6,573.2,582.2538629057348,9643.0,1149.0,5614674.0,4892.0,50.73,23.45,-15.85,1595376000.0
2020-07-21,604.1,609.25,585.75,589.05,591.720429719889,55478.0,1287.0,32827466.0,7857.0,14.16,23.5,-15.05,1595289600.0
2020-07-20,613.35,614.7,601.1,602.45,606.7474313955,7689.0,1052.0,4665281.0,3321.0,43.19,13.6,-10.9,1595203200.0
2020-07-17,610.0,619.0,608.0,609.9,612.5553043759082,6193.0,748.0,3793555.0,2594.0,41.89,11.0,-0.1,1594944000.0
2020-07-16,629.15,631.5,606.15,609.7,615.4479982353589,9067.0,906.0,5580267.0,4263.0,47.02,25.35,-19.45,1594857600.0
2020-07-15,640.15,645.0,623.6,627.15,635.2368369924228,10294.0,968.0,6539128.0,2615.0,25.4,21.4,-13.0,1594771200.0
2020-07-14,650.1,650.1,627.55,630.0,638.8704883227176,10833.0,847.0,6920884.0,4245.0,39.19,22.55,-20.1,1594684800.0
2020-07-13,641.0,662.2,630.05,656.0,642.8390327048045,9387.0,934.0,6034330.0,3680.0,39.2,32.15,15.0,1594598400.0
2020-07-10,658.5,658.5,623.0,631.65,638.9834789732387,7324.0,773.0,4679915.0,2922.0,39.9,35.5,-26.85,1594339200.0
2020-07-09,670.0,678.5,642.6,652.95,664.081848384174,13244.0,1103.0,8795100.0,4618.0,34.87,35.9,-17.05,1594252800.0
2020-07-08,640.35,675.65,628.9,667.35,664.2243443797959,23718.0,2119.0,15754073.0,7188.0,30.31,46.75,27.0,1594166400.0
2020-07-07,632.95,637.6,621.6,636.0,628.9902173913043,1840.0,279.0,1157342.0,777.0,42.23,16.0,3.05,1594080000.0
2020-07-06,633.95,638.05,626.85,632.55,632.9879435067172,5806.0,407.0,3675128.0,2036.0,35.07,11.2,-1.4,1593993600.0
2020-07-03,635.6,640.8,625.8,629.1,631.8464454976303,4220.0,369.0,2666392.0,1185.0,28.08,15.0,-6.5,1593734400.0
2020-07-02,645.0,650.0,631.5,635.6,638.6489583333333,10560.0,794.0,6744133.0,4252.0,40.27,18.5,-9.4,1593648000.0
2020-07-01,625.0,645.0,620.6,641.75,635.9142130490072,10223.0,913.0,6500951.0,3836.0,37.52,24.4,16.75,1593561600.0
2020-06-30,621.0,627.5,613.6,621.6,622.5047332185886,16268.0,1723.0,10126907.0,8754.0,53.81,13.9,0.6,1593475200.0
2020-06-29,617.0,627.3,599.85,611.7,616.1930757723268,42113.0,2338.0,25949739.0,6602.0,15.68,27.45,-5.3,1593388800.0
2020-06-26,616.55,621.8,605.85,607.4,614.0495934959349,2460.0,295.0,1510562.0,1043.0,42.4,15.95,-9.15,1593129600.0
2020-06-25,595.05,617.7,595.05,612.6,612.6337438573075,16483.0,1488.0,10098042.0,5697.0,34.56,22.65,17.55,1593043200.0
2020-06-24,612.0,629.1,603.0,606.7,618.3530612244898,25480.0,1855.0,15755636.0,9613.0,37.73,26.1,-5.3,1592956800.0
2020-06-23,597.45,613.95,597.0,609.55,606.3509453072248,5924.0,619.0,3592023.0,2709.0,45.73,16.95,12.1,1592870400.0
2020-06-22,601.4,603.75,593.85,597.0,599.08987845981,9791.0,694.0,5865689.0,2586.0,26.41,9.9,-4.4,1592784000.0
2020-06-19,610.0,610.0,594.0,599.35,600.2366631799163,11472.0,1045.0,6885915.0,3227.0,28.13,16.0,-10.65,1592524800.0
2020-06-18,608.35,613.55,598.45,602.25,606.6221314663555,5142.0,556.0,3119251.0,2421.0,47.08,15.1,-6.1,1592438400.0
2020-06-17,606.5,614.55,600.1,603.35,608.8258731773483,5898.0,773.0,3590855.0,2923.0,49.56,14.45,-3.15,1592352000.0
2020-06-16,621.0,628.15,602.05,606.8,614.7563487215289,11459.0,1357.0,7044493.0,4144.0,36.16,26.1,-14.2,1592265600.0
2020-06-15,624.7,629.9,610.0,615.85,620.9608036241875,5077.0,611.0,3152618.0,1529.0,30.12,19.9,-8.85,1592179200.0
2020-06-12,604.1,642.7,591.6,639.35,612.5711019661637,6561.0,831.0,4019079.0,1661.0,25.32,51.1,35.25,1591920000.0
2020-06-11,624.6,630.6,616.2,618.8,622.8335787923417,1358.0,186.0,845808.0,824.0,60.68,14.4,-5.8,1591833600.0
2020-06-10,629.1,640.0,621.25,626.9,633.5948001414928,5654.0,502.0,3582345.0,1669.0,29.52,18.75,-2.2,1591747200.0
2020-06-09,655.2,666.3,616.95,623.65,635.9773343834777,22854.0,1500.0,14534626.0,5267.0,23.05,49.35,-31.55,1591660800.0
2020-06-08,624.35,651.7,619.0,648.85,638.5476117575015,13064.0,987.0,8341986.0,2895.0,22.16,32.7,24.5,1591574400.0
2020-06-05,613.25,619.9,604.0,616.8,613.4722104369962,2357.0,372.0,1445954.0,1290.0,54.73,15.9,3.55,1591315200.0
2020-06-04,619.2,622.85,601.0,608.2,609.8085723493393,6206.0,468.0,3784472.0,2040.0,32.87,21.85,-11.0,1591228800.0
2020-06-03,620.95,625.0,603.0,614.8,613.7960387694901,7119.0,641.0,4369614.0,2813.0,39.51,22.0,-6.15,1591142400.0
2020-06-02,628.0,628.0,604.5,614.95,614.2556077761161,9362.0,611.0,5750661.0,2029.0,21.67,23.5,-13.05,1591056000.0
2020-06-01,556.0,633.2,556.0,614.85,596.6504976130755,24718.0,1511.0,14748007.0,7995.0,32.34,77.2,58.85,1590969600.0
2020-05-29,569.7,581.0,543.0,552.6,563.850051825406,17366.0,1142.0,9791820.0,3607.0,20.77,38.0,-17.1,1590710400.0
2020-05-28,561.0,576.95,557.45,571.95,567.9336214881135,12956.0,859.0,7358148.0,2223.0,17.16,19.5,10.95,1590624000.0
2020-05-27,557.0,571.75,556.1,560.65,562.8979300499643,14010.0,1260.0,7886200.0,2769.0,19.76,15.65,3.65,1590537600.0
2020-05-26,540.1,556.0,534.0,552.5,543.1507987220447,6260.0,715.0,3400124.0,1249.0,19.95,22.0,12.4,1590451200.0
2020-05-22,550.0,576.0,546.75,549.6,565.746444433355,20039.0,1100.0,11336993.0,11076.0,55.27,29.25,-0.4,1590105600.0
2020-05-21,565.0,584.15,565.0,568.05,574.1285274842851,7477.0,581.0,4292759.0,1909.0,25.53,19.15,3.05,1590019200.0
2020-05-20,575.8,589.0,575.25,577.25,580.9073301549464,6712.0,471.0,3899050.0,1541.0,22.96,13.75,1.45,1589932800.0
2020-05-19,571.4,587.25,570.0,580.75,580.6598832744586,13022.0,1101.0,7561353.0,5563.0,42.72,17.25,9.35,1589846400.0
2020-05-18,574.55,579.0,559.9,567.9,567.0323558420938,41569.0,1673.0,23570968.0,6569.0,15.8,19.1,-6.65,1589760000.0
2020-05-15,594.0,598.0,571.0,580.25,579.9777003172901,22377.0,1190.0,12978161.0,2626.0,11.74,27.0,-13.75,1589500800.0
2020-05-14,609.0,615.05,588.0,592.7,601.9807905745753,11713.0,942.0,7051001.0,2689.0,22.96,27.05,-16.3,1589414400.0
2020-05-13,638.8,638.8,592.0,594.85,606.1879622545268,7842.0,824.0,4753726.0,2103.0,26.82,46.8,-43.95,1589328000.0
2020-05-12,596.7,602.05,585.0,597.7,592.6763557868592,33818.0,1518.0,20043129.0,4991.0,14.76,17.05,1.0,1589241600.0
2020-05-11,627.95,634.8,604.45,607.45,617.4337862502535,14793.0,992.0,9133698.0,1978.0,13.37,30.35,-20.5,1589155200.0
2020-05-08,649.0,649.0,614.45,618.05,628.8327493898119,50804.0,2627.0,31947219.0,13075.0,25.74,34.55,-30.95,1588896000.0
2020-05-07,641.9,664.6,630.0,636.5,649.2864141084258,9186.0,988.0,5964345.0,1788.0,19.46,34.6,-5.4,1588809600.0
2020-05-06,674.6,674.6,635.6,647.65,645.5204710772427,14435.0,1311.0,9318088.0,3434.0,23.79,39.0,-26.95,1588723200.0
2020-05-05,633.6,659.85,632.15,654.7,645.3434127237124,21959.0,1625.0,14171096.0,1981.0,9.02,27.7,21.1,1588636800.0
2020-05-04,656.0,656.0,592.45,630.15,612.8179698023685,49739.0,2703.0,30480953.0,5574.0,11.21,63.55,-25.85,1588550400.0
2020-04-30,631.7,666.0,625.55,656.85,642.1068840034886,33251.0,1847.0,21350696.0,5567.0,16.74,40.45,25.15,1588204800.0
2020-04-29,612.0,629.0,609.65,623.35,619.4166197099559,33719.0,1792.0,20886109.0,4875.0,14.46,19.35,11.35,1588118400.0
2020-04-28,591.05,612.7,576.5,606.7,598.975551842406,11371.0,985.0,6810951.0,3395.0,29.86,36.2,15.65,1588032000.0
2020-04-27,599.3,603.0,579.25,584.7,587.9268437855094,18481.0,1165.0,10865476.0,2029.0,10.98,23.75,-14.6,1587945600.0
2020-04-24,603.55,609.35,592.45,595.7,600.5438675022381,6702.0,492.0,4024845.0,1328.0,19.81,16.9,-7.85,1587686400.0
2020-04-23,613.5,616.0,592.0,613.15,607.0495326356156,25034.0,1204.0,15196878.0,3597.0,14.37,24.0,-0.35,1587600000.0
2020-04-22,605.4,610.05,585.55,604.8,598.2424242424241,13233.0,878.0,7916542.0,2465.0,18.63,24.5,-0.6,1587513600.0
2020-04-21,586.85,612.5,574.3,607.25,595.720251508323,27514.0,1800.0,16390647.0,2249.0,8.17,38.2,20.4,1587427200.0
2020-04-20,599.45,610.0,570.0,597.35,590.0234284520893,52671.0,2404.0,31077124.0,5906.0,11.21,40.0,-2.1,1587340800.0
2020-04-17,534.0,597.85,534.0,589.8,572.0264970234621,34268.0,2296.0,19602204.0,5747.0,16.77,63.85,55.8,1587081600.0
2020-04-16,504.5,525.0,504.5,521.85,515.5065118702091,13437.0,1212.0,6926861.0,2909.0,21.65,20.5,17.35,1586995200.0
2020-04-15,510.0,526.5,500.5,504.5,516.7748657812941,14156.0,1004.0,7315465.0,3787.0,26.75,26.0,-5.5,1586908800.0
2020-04-13,467.2,507.0,461.0,503.95,492.73028014150486,20918.0,1551.0,10306932.0,3779.0,18.07,46.0,36.75,1586736000.0
2020-04-09,461.7,473.4,453.65,468.65,466.73954183266926,6024.0,657.0,2811639.0,2762.0,45.85,19.75,6.95,1586390400.0
2020-04-08,442.1,474.1,442.1,452.1,459.0111569616384,6543.0,491.0,3003310.0,1049.0,16.03,32.0,10.0,1586304000.0
2020-04-07,432.9,472.6,432.8,449.8,452.4932382098447,34902.0,3065.0,15792919.0,8765.0,25.11,39.8,16.9,1586217600.0
2020-04-03,383.35,429.45,383.35,423.9,413.1184577268504,19374.0,1571.0,8003757.0,4518.0,23.32,46.1,40.55,1585872000.0
2020-04-01,424.4,424.4,387.9,393.1,400.88802083333326,12672.0,940.0,5080053.0,4443.0,35.06,36.5,-31.3,1585699200.0
2020-03-31,383.1,414.0,382.0,408.8,400.218948035488,6312.0,563.0,2526182.0,1330.0,21.07,32.0,25.7,1585612800.0
2020-03-30,389.0,390.0,366.2,382.2,376.0703762466002,8824.0,556.0,3318445.0,2042.0,23.14,23.8,-6.8,1585526400.0
2020-03-27,405.0,418.0,384.0,389.95,404.9569752281617,9971.0,513.0,4037826.0,3668.0,36.79,34.0,-15.05,1585267200.0
2020-03-26,377.1,400.0,373.5,391.35,388.3456454121306,10288.0,582.0,3995300.0,3461.0,33.64,26.5,14.25,1585180800.0
2020-03-25,400.0,404.2,375.0,378.8,388.5951417004049,7904.0,783.0,3071456.0,2616.0,33.1,29.2,-21.2,1585094400.0
2020-03-24,434.45,435.6,400.8,403.95,413.51747655583966,4692.0,315.0,1940224.0,1822.0,38.83,34.8,-30.5,1585008000.0
2020-03-23,475.0,505.3,381.0,412.85,416.74479505530246,6148.0,769.0,2562147.0,2198.0,35.75,124.3,-62.15,1584921600.0
2020-03-20,467.15,480.5,456.0,471.55,470.1534653465346,4242.0,480.0,1994391.0,1473.0,34.72,24.5,4.4,1584662400.0
2020-03-19,462.05,482.2,446.35,466.0,464.8117330643806,5949.0,644.0,2765165.0,1481.0,24.89,35.85,3.95,1584576000.0
2020-03-18,494.8,498.6,477.0,488.6,487.1276951672862,10760.0,672.0,5241494.0,4368.0,40.59,21.6,-6.2,1584489600.0
2020-03-17,483.3,506.85,470.3,482.45,488.93675341296927,9376.0,546.0,4584271.0,1644.0,17.53,36.55,-0.85,1584403200.0
2020-03-16,527.1,527.1,476.0,481.65,495.0391122430417,10994.0,803.0,5442460.0,2112.0,19.21,51.1,-45.45,1584316800.0
2020-03-13,499.95,529.5,431.0,525.15,493.71119825319727,22441.0,1052.0,11079373.0,8692.0,38.73,98.5,25.2,1584057600.0
2020-03-12,567.7,567.7,504.05,506.8,518.3729147238628,9651.0,745.0,5002817.0,4054.0,42.01,63.65,-60.9,1583971200.0
2020-03-11,590.0,594.05,563.0,566.1,577.317334317888,5417.0,722.0,3127328.0,1695.0,31.29,31.05,-23.9,1583884800.0
2020-03-09,585.55,608.8,578.7,593.15,597.3222961730448,12020.0,1056.0,7179814.0,3220.0,26.79,30.1,7.6,1583712000.0
2020-03-06,609.0,609.0,587.55,594.0,593.238639337113,11465.0,612.0,6801481.0,2296.0,20.03,21.45,-15.0,1583452800.0
2020-03-05,615.1,630.0,608.8,619.5,619.5143042071197,7725.0,588.0,4785748.0,1240.0,16.05,21.2,4.4,1583366400.0
2020-03-04,631.0,631.75,608.0,610.2,620.074957730603,10646.0,586.0,6601318.0,5375.0,50.49,23.75,-20.8,1583280000.0
2020-03-03,642.0,650.0,625.75,631.3,633.0304168231319,7989.0,711.0,5057280.0,2328.0,29.14,24.25,-10.7,1583193600.0
2020-03-02,655.9,655.95,633.5,641.4,643.1423691973296,6441.0,615.0,4142480.0,1032.0,16.02,22.45,-14.5,1583107200.0
2020-02-28,654.7,657.05,632.0,646.4,647.3760496531581,8217.0,872.0,5319489.0,2438.0,29.67,25.05,-8.3,1582848000.0
2020-02-27,668.45,668.45,642.35,664.45,655.2168601099572,6548.0,621.0,4290360.0,1059.0,16.17,26.1,-4.0,1582761600.0
2020-02-26,680.0,684.35,666.35,669.3,672.344614680997,4373.0,314.0,2940163.0,2442.0,55.84,18.0,-10.7,1582675200.0
2020-02-25,683.2,686.0,673.5,683.7,681.6322989656322,2997.0,410.0,2042852.0,726.0,24.22,12.5,0.5,1582588800.0
2020-02-24,688.0,688.7,677.0,678.95,683.3131850419085,6204.0,704.0,4239275.0,2931.0,47.24,11.7,-9.05,1582502400.0
2020-02-20,691.2,699.85,682.0,697.7,692.9935288169869,4945.0,467.0,3426853.0,1659.0,33.55,17.85,6.5,1582156800.0
2020-02-19,694.5,694.5,679.0,689.45,687.1840784126225,4183.0,390.0,2874491.0,1171.0,27.99,15.5,-5.05,1582070400.0
2020-02-18,681.5,689.0,673.3,686.15,679.859057591623,4775.0,438.0,3246327.0,1115.0,23.35,15.7,4.65,1581984000.0
2020-02-17,716.55,716.55,699.25,702.3,704.7058349018553,3719.0,387.0,2620801.0,2173.0,58.43,17.3,-14.25,1581897600.0
2020-02-14,729.05,730.0,710.5,713.85,718.3057187622405,5106.0,651.0,3667669.0,2624.0,51.39,19.5,-15.2,1581638400.0
2020-02-13,719.45,747.2,718.5,726.2,734.1045531197302,13046.0,1129.0,9577128.0,3420.0,26.21,28.7,6.75,1581552000.0
2020-02-12,728.0,745.4,708.0,718.5,720.3984729445613,18074.0,1320.0,13020482.0,4893.0,27.07,37.4,-9.5,1581465600.0
2020-02-11,725.0,735.0,724.45,728.4,729.4673584905661,5300.0,495.0,3866177.0,2204.0,41.58,10.55,3.4,1581379200.0
2020-02-10,730.6,730.6,716.8,721.1,722.111463414634,4100.0,384.0,2960657.0,991.0,24.17,13.8,-9.5,1581292800.0
2020-02-07,726.3,733.0,723.8,730.6,728.742171189979,2874.0,300.0,2094405.0,1003.0,34.9,9.2,4.3,1581033600.0
2020-02-06,727.9,729.6,718.8,721.3,723.7064462809917,3025.0,196.0,2189212.0,759.0,25.09,10.8,-6.6,1580947200.0
2020-02-05,715.85,728.05,712.0,723.2,721.7146710449161,8527.0,433.0,6154061.0,1857.0,21.78,16.05,7.35,1580860800.0
2020-02-04,702.4,716.0,696.35,713.4,707.204609988308,5987.0,634.0,4234034.0,1613.0,26.94,19.65,11.0,1580774400.0
2020-02-03,699.8,703.6,682.4,694.6,693.1842683170293,5009.0,615.0,3472160.0,773.0,15.43,21.2,-5.2,1580688000.0
2020-02-01,705.35,722.2,685.35,699.0,709.5412276080084,7592.0,660.0,5386837.0,2058.0,27.11,36.85,-6.35,1580515200.0
2020-01-31,718.0,723.25,706.9,709.65,713.874821319175,4897.0,517.0,3495845.0,1037.0,21.18,16.35,-8.35,1580428800.0
2020-01-30,743.65,743.65,718.0,719.3,725.2351708575113,6204.0,480.0,4499359.0,3118.0,50.26,25.65,-24.35,1580342400.0
2020-01-29,737.1,746.0,736.1,740.4,740.7474615132656,3053.0,250.0,2261502.0,1101.0,36.06,9.9,3.3,1580256000.0
2020-01-28,750.65,750.65,730.5,733.0,737.9496359223301,6592.0,673.0,4864564.0,2563.0,38.88,20.15,-17.65,1580169600.0
2020-01-27,748.5,766.25,744.0,745.65,750.0754065460555,304947.0,607.0,228733245.0,301767.0,98.96,22.25,-2.85,1580083200.0
2020-01-24,742.4,757.6,740.7,752.85,751.7550116550116,4290.0,522.0,3225029.0,1822.0,42.47,16.9,10.45,1579824000.0
2020-01-23,750.7,758.0,737.35,739.8,744.1841920785138,5706.0,867.0,4246315.0,1392.0,24.4,20.65,-10.9,1579737600.0
2020-01-22,750.9,751.0,741.45,748.4,745.4881769641495,3933.0,441.0,2932005.0,1068.0,27.15,9.55,-2.5,1579651200.0
2020-01-21,756.05,766.1,743.6,746.95,754.9294239750909,5781.0,603.0,4364247.0,1115.0,19.29,22.5,-9.1,1579564800.0
2020-01-20,783.9,783.9,757.4,759.45,766.9382756727074,9105.0,685.0,6982973.0,1611.0,17.69,26.5,-24.45,1579478400.0
2020-01-17,749.85,780.0,747.3,769.9,767.5356762513312,15963.0,1281.0,12252172.0,4345.0,27.22,32.7,20.05,1579219200.0
2020-01-16,754.75,754.75,740.7,746.7,747.6067567567567,2960.0,349.0,2212916.0,891.0,30.1,14.05,-8.05,1579132800.0
2020-01-15,733.45,751.25,733.0,749.75,745.5243619489559,6465.0,738.0,4819815.0,1814.0,28.06,18.25,16.3,1579046400.0
2020-01-14,738.75,741.4,732.0,736.4,737.6797827532697,9022.0,634.0,6655347.0,1113.0,12.34,9.4,-2.35,1578960000.0
2020-01-13,738.3,745.8,732.05,738.75,738.284218043323,8402.0,697.0,6203064.0,1637.0,19.48,13.75,0.45,1578873600.0
2020-01-10,740.25,749.9,735.35,737.45,741.5986129172085,4614.0,586.0,3421736.0,1898.0,41.14,14.55,-2.8,1578614400.0
2020-01-09,730.0,746.65,728.4,738.2,740.1432996413433,6134.0,407.0,4540039.0,2500.0,40.76,18.25,8.2,1578528000.0
2020-01-08,725.0,727.95,713.1,721.0,722.4069020866773,6230.0,408.0,4500595.0,1555.0,24.96,14.85,-4.0,1578441600.0
2020-01-07,733.3,737.6,722.0,726.15,725.4422406446114,12907.0,1232.0,9363283.0,2824.0,21.88,15.6,-7.15,1578355200.0
2020-01-06,737.55,737.55,721.8,728.8,727.2324069218669,9535.0,556.0,6934161.0,3604.0,37.8,15.75,-8.75,1578268800.0
2020-01-03,751.3,755.15,738.75,742.4,746.6030039255845,5859.0,338.0,4374347.0,987.0,16.85,16.4,-8.9,1578009600.0
2020-01-02,749.75,760.0,747.3,754.35,753.1843075788308,21692.0,1467.0,16338074.0,3947.0,18.2,12.7,4.6,1577923200.0
2020-01-01,742.5,749.1,738.5,746.95,744.0077165906699,2851.0,175.0,2121166.0,831.0,29.15,10.6,4.45,1577836800.0
2019-12-31,745.15,747.0,735.55,737.25,739.8402632366137,3343.0,187.0,2473286.0,820.0,24.53,11.45,-7.9,1577750400.0
2019-12-30,750.0,755.0,742.3,747.45,749.4285714285713,4550.0,378.0,3409900.0,2399.0,52.73,12.7,-2.55,1577664000.0
2019-12-27,734.4,749.15,734.4,748.3,745.9299007444168,8060.0,451.0,6012195.0,3245.0,40.26,14.75,13.9,1577404800.0
2019-12-26,742.1,747.4,729.0,731.55,737.4156411274315,5038.0,236.0,3715100.0,1839.0,36.5,18.4,-10.55,1577318400.0
2019-12-24,739.8,744.0,738.15,741.95,741.8147713950761,853.0,47.0,632768.0,378.0,44.31,5.85,2.15,1577145600.0
2019-12-23,741.6,747.85,738.4,741.25,743.4435846230655,4006.0,152.0,2978235.0,1636.0,40.84,9.45,-0.35,1577059200.0
2019-12-20,736.05,747.0,736.05,741.5,743.9640256539517,71412.0,375.0,53127959.0,68266.0,95.59,10.95,5.45,1576800000.0
2019-12-19,738.35,742.95,732.4,738.5,738.7971440010675,14986.0,403.0,11071614.0,2474.0,16.51,10.55,0.15,1576713600.0
2019-12-18,743.0,747.0,734.0,737.25,739.6775461194192,9161.0,416.0,6776186.0,2494.0,27.22,13.0,-5.75,1576627200.0
2019-12-17,731.7,745.55,726.9,742.4,738.8168692575472,17523.0,850.0,12946288.0,3398.0,19.39,18.65,10.7,1576540800.0
2019-12-16,736.4,741.85,725.1,729.7,730.5819672131147,11224.0,893.0,8200052.0,1455.0,12.96,16.75,-6.7,1576454400.0
2019-12-13,729.15,738.2,729.0,734.0,732.9676519799219,3586.0,109.0,2628422.0,1335.0,37.23,9.2,4.85,1576195200.0
2019-12-12,725.5,730.5,722.0,726.55,726.2782507739937,2584.0,160.0,1876703.0,491.0,19.0,8.5,1.05,1576108800.0
2019-12-11,719.45,722.85,715.0,721.15,720.252561247216,2245.0,96.0,1616967.0,473.0,21.07,7.85,1.7,1576022400.0
2019-12-10,729.25,731.65,716.75,718.55,722.1200990507635,2423.0,143.0,1749697.0,414.0,17.09,14.9,-10.7,1575936000.0
2019-12-09,725.75,734.2,710.45,730.25,723.4691486946651,22025.0,799.0,15934408.0,7425.0,33.71,23.75,4.5,1575849600.0
2019-12-06,740.5,740.5,720.15,725.0,728.8574734549414,14692.0,600.0,10708374.0,3158.0,21.49,20.35,-15.5,1575590400.0
2019-12-05,742.55,744.0,733.0,740.45,737.774174352871,3361.0,285.0,2479659.0,622.0,18.51,11.0,-2.1,1575504000.0
2019-12-04,733.45,740.0,727.0,738.05,734.0048298068077,4348.0,372.0,3191453.0,960.0,22.08,13.0,4.6,1575417600.0
2019-12-03,746.55,748.05,731.0,732.8,735.407624633431,9548.0,603.0,7021672.0,3492.0,36.57,17.05,-13.75,1575331200.0
2019-12-02,751.5,769.0,741.25,745.1,756.5996031308565,18142.0,1001.0,13726230.0,4017.0,22.14,27.75,-6.4,1575244800.0
2019-11-29,749.75,763.0,747.35,750.6,754.2783977110157,6990.0,547.0,5272406.0,2298.0,32.88,15.65,0.85,1574985600.0
2019-11-28,747.0,754.5,737.1,748.85,745.5660152008686,9210.0,922.0,6866663.0,3416.0,37.09,17.4,1.85,1574899200.0
2019-11-27,736.2,747.7,735.0,746.15,742.1211146838157,6531.0,735.0,4846793.0,2153.0,32.97,12.7,9.95,1574812800.0
2019-11-26,751.85,754.0,729.0,732.1,736.8094089264173,17409.0,1174.0,12827115.0,7727.0,44.38,25.0,-19.75,1574726400.0
2019-11-25,749.95,754.85,742.05,747.95,747.6764366004832,9519.0,960.0,7117132.0,3442.0,36.16,12.8,-2.0,1574640000.0
2019-11-22,741.75,747.6,730.95,745.35,741.0667805968187,7607.0,638.0,5637295.0,2143.0,28.17,16.65,3.6,1574380800.0
2019-11-21,752.6,752.6,737.0,739.15,741.6181214421251,4216.0,387.0,3126662.0,1929.0,45.75,15.6,-13.45,1574294400.0
2019-11-20,751.0,762.1,748.0,749.45,753.4207153675871,8583.0,414.0,6466610.0,2168.0,25.26,14.1,-1.55,1574208000.0
2019-11-19,763.0,771.2,743.7,753.2,754.687941843404,14994.0,727.0,11315791.0,2847.0,18.99,27.5,-9.8,1574121600.0
2019-11-18,755.0,766.0,747.35,760.75,758.8472495088408,6108.0,563.0,4635039.0,1665.0,27.26,18.65,5.75,1574035200.0
2019-11-15,757.0,770.0,748.9,755.85,759.0374619527043,12813.0,718.0,9725547.0,2673.0,20.86,21.1,-1.15,1573776000.0
2019-11-14,755.0,768.9,746.9,759.5,759.3090909090909,7590.0,562.0,5763156.0,1722.0,22.69,22.0,4.5,1573689600.0
2019-11-13,768.2,776.4,749.95,752.05,757.5988628565827,10201.0,680.0,7728266.0,4936.0,48.39,26.45,-16.15,1573603200.0
2019-11-11,763.0,771.0,759.5,768.2,764.182064603569,4427.0,331.0,3383034.0,1410.0,31.85,11.5,5.2,1573430400.0
2019-11-08,776.3,777.0,765.15,766.8,771.4687146820096,9733.0,436.0,7508705.0,3318.0,34.09,11.85,-9.5,1573171200.0
2019-11-07,780.75,785.95,771.05,776.6,778.2718880285885,6716.0,381.0,5226874.0,1354.0,20.16,14.9,-4.15,1573084800.0
2019-11-06,804.0,804.25,774.1,778.3,787.6662800506115,18968.0,702.0,14940454.0,7941.0,41.87,30.15,-25.7,1572998400.0
2019-11-05,834.95,845.85,798.0,803.0,827.3089807647501,38627.0,1287.0,31956464.0,6939.0,17.96,47.85,-31.95,1572912000.0
2019-11-04,803.25,834.75,802.8,825.75,823.528523301516,17810.0,597.0,14667043.0,7463.0,41.9,31.95,22.5,1572825600.0
2019-11-01,799.0,810.55,797.7,800.4,804.3561400390972,5627.0,148.0,4526112.0,1581.0,28.1,12.85,1.4,1572566400.0
2019-10-31,814.0,815.65,796.0,797.6,799.7081230669054,6143.0,289.0,4912607.0,3106.0,50.56,19.65,-16.4,1572480000.0
2019-10-30,819.35,819.35,805.45,809.7,812.0305938812237,3334.0,204.0,2707310.0,1249.0,37.46,13.9,-9.65,1572393600.0
2019-10-29,796.75,820.6,792.9,810.3,811.8336828309306,7630.0,374.0,6194291.0,4843.0,63.47,27.7,13.55,1572307200.0
2019-10-27,797.25,803.0,792.0,795.15,797.0370653419945,2617.0,59.0,2085846.0,2022.0,77.26,11.0,-2.1,1572134400.0
2019-10-25,810.0,814.45,794.4,796.4,806.5460197119029,6595.0,284.0,5319171.0,1779.0,26.97,20.05,-13.6,1571961600.0
2019-10-24,800.0,810.95,791.0,805.3,798.1726943942134,4424.0,184.0,3531116.0,1390.0,31.42,19.95,5.3,1571875200.0
2019-10-23,805.85,808.25,794.05,795.9,798.7647659326237,6857.0,205.0,5477130.0,1534.0,22.37,14.2,-9.95,1571788800.0
2019-10-22,814.0,819.25,798.95,804.2,814.8140485567575,60177.0,297.0,49033065.0,54934.0,91.29,20.3,-9.8,1571702400.0
2019-10-18,789.0,815.0,789.0,813.25,808.5904032830873,12671.0,419.0,10245649.0,5393.0,42.56,26.0,24.25,1571356800.0
2019-10-17,785.9,791.5,783.9,790.2,788.4734390323636,12236.0,299.0,9647761.0,3331.0,27.22,7.6,4.3,1571270400.0
2019-10-16,785.0,788.7,774.75,782.25,781.229536258948,6426.0,259.0,5020181.0,1257.0,19.56,13.95,-2.75,1571184000.0
2019-10-15,774.25,784.9,772.55,782.55,780.7621771537528,17307.0,662.0,13512651.0,5782.0,33.41,12.35,8.3,1571097600.0
2019-10-14,760.3,778.0,755.95,770.0,770.3356114584848,6877.0,371.0,5297598.0,2894.0,42.08,22.05,9.7,1571011200.0
2019-10-11,760.0,774.3,747.7,756.45,760.3608029901133,16588.0,739.0,12612865.0,2414.0,14.55,26.6,-3.55,1570752000.0
2019-10-10,768.0,768.0,744.85,756.3,755.7880081498012,10307.0,377.0,7789907.0,1775.0,17.22,23.15,-11.7,1570665600.0
2019-10-09,736.7,761.6,729.1,755.9,748.3702098315439,20302.0,1052.0,15193412.0,3835.0,18.89,32.5,19.2,1570579200.0
2019-10-07,731.65,741.0,725.0,731.15,733.899762550882,5896.0,298.0,4327073.0,2243.0,38.04,16.0,-0.5,1570406400.0
2019-10-04,756.0,760.0,729.0,731.65,743.4149307645997,8305.0,493.0,6174061.0,2512.0,30.25,31.0,-24.35,1570147200.0
2019-10-03,735.25,752.95,730.5,748.85,742.4593711258875,8873.0,447.0,6587842.0,2977.0,33.55,22.45,13.6,1570060800.0
2019-10-01,775.0,775.0,725.4,734.85,739.1312895496714,16277.0,797.0,12030840.0,4422.0,27.17,49.6,-40.15,1569888000.0
2019-09-30,764.85,764.85,735.0,746.05,745.5073056691994,17110.0,666.0,12755630.0,4360.0,25.48,29.85,-18.8,1569801600.0
2019-09-27,774.85,784.65,760.2,763.05,772.6794792312461,11291.0,484.0,8724324.0,3407.0,30.17,24.45,-11.8,1569542400.0
2019-09-26,775.0,784.0,766.4,775.75,775.4230769230769,9178.0,455.0,7116833.0,2405.0,26.2,17.6,0.75,1569456000.0
2019-09-25,791.55,799.95,768.3,771.1,775.2903379162151,157761.0,1347.0,122310579.0,127484.0,80.81,31.65,-20.45,1569369600.0
2019-09-24,816.45,821.75,782.05,790.5,795.143954845136,21083.0,949.0,16764020.0,8269.0,39.22,39.7,-25.95,1569283200.0
2019-09-23,841.95,854.9,804.65,816.4,818.7525287796526,44389.0,1864.0,36343606.0,11296.0,25.45,50.25,-25.55,1569196800.0
2019-09-20,802.8,848.35,800.0,841.95,831.282892790216,40556.0,1444.0,33713509.0,12868.0,31.73,48.35,39.15,1568937600.0
2019-09-19,812.1,815.05,796.0,802.05,803.5612128581198,13159.0,542.0,10574062.0,5039.0,38.29,19.05,-10.05,1568851200.0
2019-09-18,819.2,823.0,804.0,814.55,812.1367956809368,13151.0,620.0,10680411.0,2202.0,16.74,19.0,-4.65,1568764800.0
2019-09-17,823.1,838.1,811.0,814.3,826.5751154383075,27937.0,991.0,23092029.0,6591.0,23.59,27.1,-8.8,1568678400.0
2019-09-16,825.0,829.05,817.75,821.35,822.8708957415565,17025.0,644.0,14009377.0,5058.0,29.71,11.3,-3.65,1568592000.0
2019-09-13,806.65,827.0,804.3,824.8,819.6228297133518,29374.0,1723.0,24075601.0,8822.0,30.03,22.7,18.15,1568332800.0
2019-09-12,819.85,833.05,801.0,805.45,817.0250078149421,57582.0,2165.0,47045934.0,12007.0,20.85,32.05,-14.4,1568246400.0
2019-09-11,803.0,821.7,800.0,817.4,812.6039529227586,35771.0,1097.0,29067656.0,14125.0,39.49,21.7,14.4,1568160000.0
2019-09-09,785.65,812.0,785.65,800.35,801.2644245368963,13172.0,576.0,10554255.0,3403.0,25.84,26.35,14.7,1567987200.0
2019-09-06,765.4,788.0,765.4,784.25,778.7341675568443,6553.0,488.0,5103045.0,2063.0,31.48,22.6,18.85,1567728000.0
2019-09-05,764.1,767.9,757.4,764.3,762.3417721518987,1738.0,134.0,1324950.0,439.0,25.26,10.5,0.2,1567641600.0
2019-09-04,766.0,769.15,751.95,754.3,758.6707175925926,3456.0,259.0,2621966.0,660.0,19.1,17.2,-11.7,1567555200.0
2019-09-03,774.3,798.2,759.0,762.45,780.9595698566188,11996.0,753.0,9368391.0,2539.0,21.17,39.2,-11.85,1567468800.0
2019-08-30,763.1,780.0,763.1,774.3,771.0368105814824,8014.0,535.0,6179089.0,2506.0,31.27,16.9,11.2,1567123200.0
2019-08-29,763.25,764.1,747.55,754.85,756.9876135425267,4844.0,290.0,3666848.0,1030.0,21.26,16.55,-8.4,1567036800.0
2019-08-28,776.1,781.9,762.2,763.9,772.2769049489395,5092.0,310.0,3932434.0,810.0,15.91,19.7,-12.2,1566950400.0
2019-08-27,771.0,782.6,769.8,776.05,777.0381458232739,4142.0,298.0,3218492.0,887.0,21.41,12.8,5.05,1566864000.0
2019-08-26,761.15,772.75,746.15,768.65,758.7566840122016,11146.0,521.0,8457102.0,2987.0,26.8,26.6,7.5,1566777600.0
2019-08-23,753.75,762.6,751.0,756.95,756.4851360511282,10327.0,464.0,7812222.0,4283.0,41.47,11.6,3.2,1566518400.0
2019-08-22,769.0,776.3,751.0,755.75,760.7434646218194,5738.0,321.0,4365146.0,1336.0,23.28,25.3,-13.25,1566432000.0
2019-08-21,771.25,784.0,769.2,773.85,777.4125439307921,3699.0,242.0,2875649.0,615.0,16.63,14.8,2.6,1566345600.0
2019-08-20,800.0,800.7,765.0,777.15,777.8705797450083,12471.0,948.0,9700824.0,3714.0,29.78,35.7,-22.85,1566259200.0
2019-08-19,790.0,816.9,790.0,798.35,806.4968571917725,40887.0,2015.0,32975237.0,6455.0,15.79,26.9,8.35,1566172800.0
2019-08-16,761.95,811.6,761.95,789.3,796.4385885885885,53280.0,2760.0,42434248.0,9838.0,18.46,49.65,27.35,1565913600.0
2019-08-14,740.5,771.4,739.75,763.45,759.4791666666665,12624.0,863.0,9587665.0,3187.0,25.25,31.65,22.95,1565740800.0
2019-08-13,758.5,765.0,737.9,741.3,748.4141938161443,4819.0,391.0,3606608.0,1572.0,32.62,27.1,-17.2,1565654400.0
2019-08-09,749.25,776.25,749.25,754.15,767.1591646230519,12641.0,366.0,9697659.0,1689.0,13.36,27.0,4.9,1565308800.0
2019-08-08,745.95,758.0,742.6,753.8,753.9995988768552,2493.0,235.0,1879721.0,654.0,26.23,15.4,7.85,1565222400.0
2019-08-07,761.9,761.9,743.0,744.3,752.8765471278958,3151.0,222.0,2372314.0,763.0,24.21,18.9,-17.6,1565136000.0
2019-08-06,739.45,760.2,739.2,752.9,753.2430420711975,6180.0,243.0,4655042.0,1879.0,30.4,21.0,13.45,1565049600.0
2019-08-05,736.8,750.8,722.0,742.5,735.121096460791,2882.0,229.0,2118619.0,600.0,20.82,28.8,5.7,1564963200.0
2019-08-02,748.95,755.0,724.0,751.15,741.2768499486125,7784.0,373.0,5770099.0,1032.0,13.26,31.0,2.2,1564704000.0
2019-08-01,748.0,751.5,728.7,748.4,744.9328571428571,7700.0,376.0,5735983.0,1807.0,23.47,22.8,0.4,1564617600.0
2019-07-31,718.0,746.1,715.3,743.55,735.2930617880567,5794.0,314.0,4260288.0,1977.0,34.12,30.8,25.55,1564531200.0
2019-07-30,740.7,744.4,720.0,723.55,732.3641946150211,4234.0,483.0,3100830.0,1448.0,34.2,24.4,-17.15,1564444800.0
2019-07-29,750.0,754.35,733.0,735.1,741.6814888833376,4003.0,379.0,2968951.0,1131.0,28.25,21.35,-14.9,1564358400.0
2019-07-26,762.15,766.0,746.95,752.8,754.009542451676,4087.0,286.0,3081637.0,671.0,16.42,19.05,-9.35,1564099200.0
2019-07-25,754.95,763.45,754.1,760.0,759.3834940569634,4459.0,238.0,3386091.0,2047.0,45.91,9.35,5.05,1564012800.0
2019-07-24,749.3,763.65,747.0,752.95,751.7628286954301,7834.0,339.0,5889310.0,3272.0,41.77,16.65,3.65,1563926400.0
2019-07-23,756.25,757.0,737.0,749.3,745.5332747638919,9106.0,511.0,6788826.0,2092.0,22.97,20.0,-6.95,1563840000.0
2019-07-22,755.0,768.0,743.9,756.35,758.64197276104,4846.0,250.0,3676379.0,1014.0,20.92,24.1,1.35,1563753600.0
2019-07-19,783.9,784.1,756.0,763.1,770.2922499146465,5858.0,343.0,4512372.0,1165.0,19.89,28.1,-20.8,1563494400.0
2019-07-18,782.0,785.85,775.25,775.95,781.4116684841875,3668.0,175.0,2866218.0,1166.0,31.79,10.6,-6.05,1563408000.0
2019-07-17,775.3,787.9,775.1,783.6,783.3140877598152,6062.0,271.0,4748450.0,2291.0,37.79,12.8,8.3,1563321600.0
2019-07-16,783.5,785.6,769.4,772.1,774.8670668953687,3498.0,175.0,2710485.0,1806.0,51.63,16.2,-11.4,1563235200.0
2019-07-15,780.5,785.7,771.0,784.1,779.9935936546675,3278.0,192.0,2556819.0,805.0,24.56,14.7,3.6,1563148800.0
2019-07-12,782.0,793.6,777.0,780.1,785.7347027972029,16016.0,598.0,12584327.0,5426.0,33.88,16.6,-1.9,1562889600.0
2019-07-11,776.7,787.8,776.7,785.9,784.0501580611169,4745.0,296.0,3720318.0,1845.0,38.88,11.1,9.2,1562803200.0
2019-07-10,789.75,794.25,770.15,774.9,784.6569405610174,22174.0,680.0,17398983.0,6482.0,29.23,24.1,-14.85,1562716800.0
2019-07-09,768.55,788.85,768.2,785.2,783.3323782234957,15007.0,526.0,11755469.0,2914.0,19.42,20.65,16.65,1562630400.0
2019-07-08,769.9,776.65,760.0,768.6,769.8089260808927,7170.0,350.0,5519530.0,2875.0,40.1,16.65,-1.3,1562544000.0
2019-07-05,783.55,784.55,763.45,768.55,773.3594016054489,8222.0,362.0,6358561.0,3068.0,37.31,21.1,-15.0,1562284800.0
2019-07-04,792.95,794.3,778.5,779.95,782.9319593450028,3542.0,188.0,2773145.0,1203.0,33.96,15.8,-13.0,1562198400.0
2019-07-03,791.55,793.35,783.45,791.2,788.1812656417591,5594.0,300.0,4409086.0,1334.0,23.85,9.9,-0.35,1562112000.0
2019-07-02,792.0,812.3,781.2,787.45,798.9580240858105,77473.0,1861.0,61897675.0,8896.0,11.48,31.1,-4.55,1562025600.0
2019-07-01,789.95,797.6,779.0,784.25,789.4336722629463,8458.0,350.0,6677030.0,3635.0,42.98,18.6,-5.7,1561939200.0
2019-06-28,785.45,790.1,781.95,783.55,786.8574729417486,8223.0,321.0,6470329.0,3292.0,40.03,8.15,-1.9,1561680000.0
2019-06-27,787.3,787.35,776.55,782.55,782.6674850391283,19551.0,779.0,15301932.0,2292.0,11.72,10.8,-4.75,1561593600.0
2019-06-26,789.0,796.4,778.05,783.3,787.5682648826115,32286.0,1116.0,25427429.0,7807.0,24.18,18.35,-5.7,1561507200.0
2019-06-25,754.95,790.0,754.85,787.85,779.884495460942,36241.0,1092.0,28263794.0,9609.0,26.51,35.15,32.9,1561420800.0
2019-06-24,761.25,761.25,755.0,758.25,758.2593516209475,3208.0,207.0,2432496.0,779.0,24.28,6.25,-3.0,1561334400.0
2019-06-21,759.3,768.25,759.05,760.45,761.8565786225622,4051.0,159.0,3086281.0,1767.0,43.62,9.2,1.15,1561075200.0
2019-06-20,761.9,770.0,756.65,761.8,763.9912344777209,5476.0,404.0,4183616.0,2045.0,37.34,13.35,-0.1,1560988800.0
2019-06-19,761.35,775.0,751.9,755.2,763.9166029074214,23526.0,693.0,17971902.0,2848.0,12.11,23.1,-6.15,1560902400.0
2019-06-18,763.6,767.9,752.0,756.85,759.0014518470722,6199.0,772.0,4705050.0,2604.0,42.01,15.9,-6.75,1560816000.0
2019-06-17,763.0,764.2,752.0,761.5,757.9948170731707,3280.0,310.0,2486223.0,1444.0,44.02,12.2,-1.5,1560729600.0
2019-06-14,756.7,771.4,756.05,761.35,765.6107190539766,10486.0,504.0,8028194.0,1810.0,17.26,15.35,4.65,1560470400.0
2019-06-13,757.6,762.65,751.5,758.0,757.8739851150203,5912.0,342.0,4480551.0,1997.0,33.78,11.15,0.4,1560384000.0
2019-06-12,767.8,770.4,757.0,759.7,762.1691064348886,6558.0,387.0,4998305.0,1370.0,20.89,13.4,-8.1,1560297600.0
2019-06-11,765.0,774.45,759.55,771.8,769.0518043505596,7953.0,359.0,6116269.0,3162.0,39.76,14.9,6.8,1560211200.0
2019-06-10,776.75,779.0,762.15,764.55,769.7665873645254,7566.0,324.0,5824054.0,3895.0,51.48,16.85,-12.2,1560124800.0
2019-06-07,771.0,774.9,760.0,770.25,768.8411985570199,13583.0,643.0,10443170.0,2625.0,19.33,14.9,-0.75,1559865600.0
2019-06-06,778.5,785.55,752.15,761.6,770.3931259685633,36136.0,2366.0,27838926.0,11787.0,32.62,33.4,-16.9,1559779200.0
2019-06-04,775.0,787.25,770.95,778.05,778.2717114968144,31861.0,1260.0,24796515.0,10501.0,32.96,16.3,3.05,1559606400.0
2019-06-03,749.0,776.9,740.1,768.75,767.5799018858485,71957.0,3817.0,55232747.0,28266.0,39.28,36.8,19.75,1559520000.0
2019-05-31,748.05,754.9,740.0,745.05,746.9193884642112,12951.0,1512.0,9673353.0,6047.0,46.69,14.9,-3.0,1559260800.0
2019-05-30,727.05,749.95,724.55,746.0,743.9277313924201,50423.0,1636.0,37511068.0,21585.0,42.81,25.4,18.95,1559174400.0
2019-05-29,729.25,734.35,722.95,727.3,729.1267659778952,10405.0,563.0,7586564.0,3003.0,28.86,11.4,-1.95,1559088000.0
2019-05-28,753.7,753.7,723.0,728.05,734.055027173913,4416.0,260.0,3241587.0,1235.0,27.97,30.7,-25.65,1559001600.0
2019-05-27,743.3,757.0,738.0,746.35,746.9673722014211,13087.0,422.0,9775562.0,4722.0,36.08,19.0,3.05,1558915200.0
2019-05-24,723.8,745.0,723.65,743.3,738.8174357935261,19741.0,676.0,14584995.0,2846.0,14.42,21.35,19.5,1558656000.0
2019-05-23,712.25,741.0,701.0,726.95,734.5652043910983,23411.0,775.0,17196906.0,6784.0,28.98,40.0,14.7,1558569600.0
2019-05-22,717.9,725.0,711.8,720.25,719.6115002918856,6852.0,299.0,4930778.0,1373.0,20.04,13.2,2.35,1558483200.0
2019-05-21,723.5,729.3,714.05,717.25,722.3544816835541,6415.0,333.0,4633904.0,2026.0,31.58,15.25,-6.25,1558396800.0
2019-05-20,680.0,729.0,676.8,725.05,714.014241394593,33845.0,1087.0,24165812.0,12064.0,35.64,52.2,45.05,1558310400.0
2019-05-17,675.45,680.0,648.05,661.3,665.6183902968729,54333.0,1353.0,36165044.0,23246.0,42.78,31.95,-14.15,1558051200.0
2019-05-16,653.3,679.0,647.0,675.4,669.0922099447514,18100.0,558.0,12110569.0,2796.0,15.45,32.0,22.1,1557964800.0
2019-05-15,667.1,668.3,650.0,651.8,658.2700518134715,4825.0,223.0,3176153.0,1207.0,25.02,18.3,-15.3,1557878400.0
2019-05-14,651.6,670.0,642.1,662.7,654.1081295439524,7565.0,299.0,4948328.0,2463.0,32.56,27.9,11.1,1557792000.0
2019-05-13,675.3,676.5,652.55,655.05,666.3884287148594,7968.0,969.0,5309783.0,3779.0,47.43,23.95,-20.25,1557705600.0
2019-05-10,671.05,679.95,669.55,675.25,673.0384700420075,4523.0,299.0,3044153.0,1309.0,28.94,10.4,4.2,1557446400.0
2019-05-09,669.35,671.1,661.25,667.0,666.6103867883529,4602.0,557.0,3067741.0,1376.0,29.9,9.85,-2.35,1557360000.0
2019-05-08,679.95,681.9,669.0,670.5,676.1147383581373,10415.0,1151.0,7041735.0,4168.0,40.02,12.9,-9.45,1557273600.0
2019-05-07,694.95,698.9,677.6,682.6,695.7196714650569,34456.0,428.0,23971717.0,1044.0,3.03,21.3,-12.35,1557187200.0
2019-05-06,687.85,697.95,680.4,695.5,689.6223801065719,8445.0,358.0,5823861.0,1779.0,21.07,17.55,7.65,1557100800.0
2019-05-03,694.1,696.05,684.6,693.1,690.1275685824554,9587.0,628.0,6616253.0,3294.0,34.36,11.45,-1.0,1556841600.0
2019-05-02,701.6,706.2,690.3,692.4,698.2668418747262,11415.0,506.0,7970716.0,1740.0,15.24,15.9,-9.2,1556755200.0
2019-04-30,694.75,701.5,692.9,700.3,698.6685902720528,8491.0,303.0,5932395.0,1820.0,21.43,8.6,5.55,1556582400.0
2019-04-26,688.0,700.95,687.1,689.65,694.6451826509215,9061.0,413.0,6294180.0,1556.0,17.17,13.85,1.65,1556236800.0
2019-04-25,688.25,705.0,684.55,688.7,695.8462271341464,15744.0,1100.0,10955403.0,3032.0,19.26,20.45,0.45,1556150400.0
2019-04-24,686.1,699.8,668.95,688.1,680.994213876177,19011.0,2376.0,12946381.0,4160.0,21.88,30.85,2.0,1556064000.0
2019-04-23,702.3,705.25,686.7,689.55,692.6312976161219,32552.0,1706.0,22546534.0,21482.0,65.99,18.55,-12.75,1555977600.0
2019-04-22,725.45,726.2,696.0,698.2,706.2840800762631,44058.0,1079.0,31117464.0,34935.0,79.29,30.2,-27.25,1555891200.0
2019-04-18,743.0,743.0,726.5,729.8,733.5785007072135,7070.0,307.0,5186400.0,2153.0,30.45,16.5,-13.2,1555545600.0
2019-04-16,747.05,755.7,740.0,743.25,748.0850558977869,21915.0,956.0,16394284.0,6079.0,27.74,15.7,-3.8,1555372800.0
2019-04-15,727.1,749.45,725.9,746.9,740.096207656129,16797.0,852.0,12431396.0,5621.0,33.46,23.55,19.8,1555286400.0
2019-04-12,717.95,728.0,717.0,725.6,723.9192238267149,6648.0,258.0,4812615.0,1861.0,27.99,11.0,7.65,1555027200.0
2019-04-11,722.75,726.25,711.95,715.1,718.7061955025241,10895.0,432.0,7830304.0,1314.0,12.06,14.3,-7.65,1554940800.0
2019-04-10,730.3,735.1,715.0,724.2,726.3584950029393,8505.0,340.0,6177679.0,1964.0,23.09,20.1,-6.1,1554854400.0
2019-04-09,731.2,741.65,727.75,729.95,733.0245850714476,11267.0,285.0,8258988.0,4690.0,41.63,13.9,-1.25,1554768000.0
2019-04-08,742.0,742.0,731.7,733.4,734.2113235294116,6800.0,242.0,4992637.0,1971.0,28.99,10.3,-8.6,1554681600.0
2019-04-05,727.95,740.0,725.2,733.25,732.335630339359,21187.0,818.0,15515995.0,4910.0,23.17,14.8,5.3,1554422400.0
2019-04-04,706.15,730.0,698.5,727.95,719.4821538874714,37235.0,1323.0,26789918.0,14040.0,37.71,31.5,21.8,1554336000.0
2019-04-03,731.0,733.25,705.2,708.05,717.3421254801536,7810.0,307.0,5602442.0,1747.0,22.37,28.05,-22.95,1554249600.0
2019-04-02,731.35,731.65,721.85,725.75,726.014049743687,5267.0,411.0,3823916.0,1219.0,23.14,9.8,-5.6,1554163200.0
2019-04-01,721.4,739.75,721.4,725.95,731.079686944148,8433.0,270.0,6165195.0,1725.0,20.46,18.35,4.55,1554076800.0
2019-03-29,722.15,741.3,722.15,727.55,731.0185685125437,30374.0,728.0,22203958.0,4864.0,16.01,19.15,5.4,1553817600.0
2019-03-28,719.25,726.35,715.75,720.3,721.3097218039889,43171.0,871.0,31139662.0,4140.0,9.59,10.6,1.05,1553731200.0
2019-03-27,708.7,724.1,706.5,715.05,714.9274481193256,12336.0,1729.0,8819345.0,3920.0,31.78,17.6,6.35,1553644800.0
2019-03-26,706.25,714.85,701.05,706.35,706.8598022105876,25785.0,550.0,18226380.0,7314.0,28.37,13.8,0.1,1553558400.0
2019-03-25,704.5,711.55,693.65,698.7,699.5801438181397,8622.0,495.0,6031780.0,3666.0,42.52,17.9,-5.8,1553472000.0
2019-03-22,721.05,721.05,706.85,710.05,713.5131330309902,10584.0,285.0,7551823.0,2463.0,23.27,14.2,-11.0,1553212800.0
2019-03-20,738.15,743.95,720.7,722.5,726.5919659539132,9634.0,479.0,6999987.0,2293.0,23.8,23.25,-15.65,1553040000.0
2019-03-19,737.0,750.55,734.0,738.75,743.5283270558695,25488.0,986.0,18951050.0,4156.0,16.31,16.55,1.75,1552953600.0
2019-03-18,725.0,738.5,724.05,733.5,732.0175384615384,9750.0,554.0,7137171.0,2549.0,26.14,14.45,8.5,1552867200.0
2019-03-15,726.55,737.15,718.0,721.3,725.1873289010558,10228.0,813.0,7417216.0,4571.0,44.69,19.15,-5.25,1552608000.0
2019-03-14,714.0,739.75,714.0,726.55,729.4872432432433,9250.0,474.0,6747757.0,786.0,8.5,25.75,12.55,1552521600.0
2019-03-13,735.55,739.75,726.5,729.85,731.0451453834382,11762.0,1172.0,8598553.0,2733.0,23.24,13.25,-5.7,1552435200.0
2019-03-12,721.2,743.0,721.2,727.65,734.0759600793742,34268.0,1588.0,25155315.0,4530.0,13.22,21.8,6.45,1552348800.0
2019-03-11,689.0,724.0,689.0,720.9,715.2451610176655,23662.0,763.0,16924131.0,10161.0,42.94,35.0,31.9,1552262400.0
2019-03-08,696.3,705.55,683.5,689.4,692.8266265718972,18290.0,526.0,12671799.0,2202.0,12.04,22.05,-6.9,1552003200.0
2019-03-07,713.75,716.75,694.0,695.85,704.6384064132151,8233.0,287.0,5801288.0,3245.0,39.41,22.75,-17.9,1551916800.0
2019-03-06,705.6,718.85,704.0,708.55,712.1448931116389,10525.0,462.0,7495325.0,1900.0,18.05,14.85,2.95,1551830400.0
2019-03-05,682.1,712.0,682.1,703.5,704.7068719349433,16109.0,1457.0,11352123.0,4918.0,30.53,29.9,21.4,1551744000.0
2019-03-01,674.0,691.0,674.0,685.15,685.2183986114256,13251.0,480.0,9079829.0,3527.0,26.62,17.0,11.15,1551398400.0
2019-02-28,672.3,678.7,664.0,672.0,669.0634995296331,10630.0,308.0,7112145.0,3427.0,32.24,14.7,-0.3,1551312000.0
2019-02-27,671.85,684.0,661.5,668.15,671.6069860279441,10020.0,385.0,6729502.0,2114.0,21.1,22.5,-3.7,1551225600.0
2019-02-26,669.15,674.65,660.05,668.2,669.5236739053043,5618.0,204.0,3761384.0,1460.0,25.99,14.6,-0.95,1551139200.0
2019-02-25,671.9,677.75,666.95,675.7,671.101023890785,5860.0,178.0,3932652.0,2074.0,35.39,10.8,3.8,1551052800.0
2019-02-22,668.0,675.0,667.0,673.35,671.204111911827,4718.0,194.0,3166741.0,1240.0,26.28,8.0,5.35,1550793600.0
2019-02-21,673.0,685.1,664.5,667.35,673.9903953687258,15201.0,549.0,10245328.0,4520.0,29.73,20.6,-5.65,1550707200.0
2019-02-20,661.3,674.75,660.25,672.15,668.3749811605124,13270.0,510.0,8869336.0,6179.0,46.56,14.5,10.85,1550620800.0
2019-02-19,658.0,668.25,655.95,658.3,661.1178712399618,7347.0,248.0,4857233.0,3412.0,46.44,12.3,0.3,1550534400.0
2019-02-18,677.95,679.6,658.45,660.8,668.3778806480829,9937.0,413.0,6641671.0,2923.0,29.42,21.15,-17.15,1550448000.0
2019-02-15,678.95,683.0,661.0,678.4,670.3828942924688,23688.0,781.0,15880030.0,1910.0,8.06,22.0,-0.55,1550188800.0
2019-02-14,686.0,686.0,673.35,679.65,678.6801983266192,6454.0,248.0,4380202.0,1431.0,22.17,12.65,-6.35,1550102400.0
2019-02-13,691.0,696.0,679.55,691.45,689.4040627069993,4529.0,269.0,3122311.0,1085.0,23.96,16.45,0.45,1550016000.0
2019-02-12,678.0,691.4,676.2,685.1,684.2571237968169,10493.0,411.0,7179910.0,2113.0,20.14,15.2,7.1,1549929600.0
2019-02-11,693.0,694.0,672.5,676.25,678.9506320294615,10047.0,486.0,6821417.0,2976.0,29.62,21.5,-16.75,1549843200.0
2019-02-08,725.0,731.25,691.75,695.25,706.6484375,39040.0,1344.0,27587555.0,19388.0,49.66,39.5,-29.75,1549584000.0
2019-02-07,726.85,738.95,715.0,721.4,721.9742070616397,16710.0,692.0,12064189.0,4126.0,24.69,23.95,-5.45,1549497600.0
2019-02-06,691.5,734.55,687.05,726.85,713.3376391437308,40875.0,1502.0,29157676.0,9618.0,23.53,47.5,35.35,1549411200.0
2019-02-05,684.0,700.0,670.0,691.7,685.7174365942029,88320.0,2517.0,60562564.0,5885.0,6.66,30.0,7.7,1549324800.0
2019-02-04,631.0,695.3,631.0,681.75,678.228095818108,12315.0,332.0,8352379.0,872.0,7.08,64.3,50.75,1549238400.0
2019-02-01,694.0,701.35,684.0,696.1,694.9092964369687,11058.0,643.0,7684307.0,2376.0,21.49,17.35,2.1,1548979200.0
2019-01-31,692.45,698.35,685.3,693.4,692.7066136610047,13835.0,425.0,9583596.0,3517.0,25.42,13.05,0.95,1548892800.0
2019-01-30,685.0,691.0,679.15,689.05,687.3426985385748,8827.0,280.0,6067174.0,3857.0,43.7,11.85,4.05,1548806400.0
2019-01-29,670.9,688.55,669.15,678.45,679.8780696744717,14008.0,499.0,9523732.0,3866.0,27.6,19.4,7.55,1548720000.0
2019-01-28,686.55,686.55,659.9,677.8,668.673456747643,14531.0,581.0,9716494.0,3304.0,22.74,26.65,-8.75,1548633600.0
2019-01-25,682.4,692.7,681.6,686.55,687.6987451175933,12033.0,467.0,8275079.0,2777.0,23.08,11.1,4.15,1548374400.0
2019-01-24,682.5,686.9,678.0,685.45,682.779268377014,14461.0,388.0,9873671.0,4069.0,28.14,8.9,2.95,1548288000.0
2019-01-23,679.15,690.7,678.3,679.6,684.0435762584523,6655.0,277.0,4552310.0,1322.0,19.86,12.4,0.45,1548201600.0
2019-01-22,680.25,685.0,664.45,681.4,674.2962443509429,12834.0,503.0,8653918.0,729.0,5.68,20.55,1.15,1548115200.0
2019-01-21,682.0,691.75,680.0,682.5,684.6865029121296,3949.0,173.0,2703827.0,839.0,21.25,11.75,0.5,1548028800.0
2019-01-18,688.15,699.05,681.25,688.2,690.3679319620683,36803.0,787.0,25407611.0,1458.0,3.96,17.8,0.05,1547769600.0
2019-01-17,706.0,709.25,680.4,685.0,690.5310694906353,17139.0,625.0,11835012.0,3556.0,20.75,28.85,-21.0,1547683200.0
2019-01-16,693.0,705.9,688.35,702.8,699.2787707659411,36478.0,1135.0,25508291.0,8779.0,24.07,17.55,9.8,1547596800.0
2019-01-15,679.95,693.45,674.65,690.25,686.3661160781937,13198.0,444.0,9058660.0,4211.0,31.91,18.8,10.3,1547510400.0
2019-01-14,689.7,692.0,677.2,681.5,684.3354095144679,40780.0,918.0,27907198.0,9767.0,23.95,14.8,-8.2,1547424000.0
2019-01-11,661.35,685.5,660.6,681.05,675.9483821774301,30164.0,1045.0,20389307.0,7143.0,23.68,24.9,19.7,1547164800.0
2019-01-10,655.6,660.0,653.2,658.7,656.0275517554944,84677.0,179.0,55550445.0,81239.0,95.94,6.8,3.1,1547078400.0
2019-01-09,659.0,666.25,652.2,653.95,657.8486608583414,12396.0,466.0,8154692.0,2502.0,20.18,14.05,-5.05,1546992000.0
2019-01-08,654.85,658.15,651.5,655.75,655.0165146909828,9870.0,368.0,6465013.0,2861.0,28.99,6.65,0.9,1546905600.0
2019-01-07,665.0,665.65,652.0,653.2,657.5229549872888,6687.0,305.0,4396856.0,1475.0,22.06,13.65,-11.8,1546819200.0
2019-01-04,660.6,660.6,647.5,656.35,653.4389074863055,13144.0,465.0,8588801.0,2451.0,18.65,13.1,-4.25,1546560000.0
2019-01-03,668.35,670.35,651.7,653.85,658.5531473803242,10612.0,419.0,6988566.0,2639.0,24.87,18.65,-14.5,1546473600.0
2019-01-02,669.35,673.05,664.0,667.0,668.909631096806,16156.0,521.0,10806904.0,6236.0,38.6,9.05,-2.35,1546387200.0
2019-01-01,666.05,677.0,666.05,671.95,671.5863274566689,13443.0,448.0,9028135.0,3788.0,28.18,10.95,5.9,1546300800.0
2018-12-31,682.85,682.85,666.0,668.6,670.7031800011932,16761.0,579.0,11241656.0,6147.0,36.67,16.85,-14.25,1546214400.0
2018-12-28,670.0,686.0,670.0,674.9,678.1128700949143,28236.0,805.0,19147195.0,6157.0,21.81,16.0,4.9,1545955200.0
2018-12-27,671.1,676.0,666.0,670.85,670.6363317429133,14252.0,440.0,9557909.0,3980.0,27.93,10.0,-0.25,1545868800.0
2018-12-26,666.0,672.45,651.45,667.45,661.5279595982395,35444.0,1023.0,23447197.0,2904.0,8.19,21.0,1.45,1545782400.0
2018-12-24,693.05,693.05,667.0,670.2,673.8126537245257,45536.0,1337.0,30682733.0,10355.0,22.74,26.05,-22.85,1545609600.0
2018-12-21,726.05,731.9,681.3,689.25,697.8476447530822,73729.0,2590.0,51451609.0,11452.0,15.53,50.6,-36.8,1545350400.0
2018-12-20,697.0,735.0,696.0,719.95,717.1975120588982,47268.0,1600.0,33900492.0,10114.0,21.4,39.0,22.95,1545264000.0
2018-12-19,693.65,702.15,690.25,696.05,696.9509097700229,18741.0,574.0,13061557.0,3512.0,18.74,11.9,2.4,1545177600.0
2018-12-18,696.05,702.4,685.0,688.15,689.4628460417679,14413.0,501.0,9937228.0,3976.0,27.59,17.4,-7.9,1545091200.0
2018-12-17,703.55,707.0,694.0,697.2,697.2134748636297,6783.0,301.0,4729199.0,1133.0,16.7,13.0,-6.35,1545004800.0
2018-12-14,703.0,710.45,694.05,699.7,703.102862254025,16770.0,627.0,11791035.0,4214.0,25.13,16.4,-3.3,1544745600.0
2018-12-13,697.45,711.95,695.7,701.65,703.8863275039746,17612.0,648.0,12396846.0,4346.0,24.68,16.25,4.2,1544659200.0
2018-12-12,685.8,697.5,685.8,690.4,691.4031420245788,7893.0,298.0,5457245.0,1947.0,24.67,11.7,4.6,1544572800.0
2018-12-11,683.65,694.25,680.6,684.05,686.5388364536593,12926.0,616.0,8874201.0,2927.0,22.64,13.65,0.4,1544486400.0
2018-12-10,695.0,695.0,683.0,686.25,687.7380291464261,11528.0,467.0,7928244.0,2316.0,20.09,12.0,-8.75,1544400000.0
2018-12-07,700.5,705.6,686.8,698.4,697.6911362748926,20488.0,758.0,14294296.0,8173.0,39.89,18.8,-2.1,1544140800.0
2018-12-06,694.55,704.0,682.0,697.55,692.0568443496802,23450.0,873.0,16228733.0,6131.0,26.14,22.0,3.0,1544054400.0
2018-12-05,711.05,714.75,695.05,704.2,706.4195977853769,24564.0,587.0,17352491.0,7531.0,30.66,19.7,-6.85,1543968000.0
2018-12-04,700.0,712.8,698.25,709.85,706.4364052661706,17470.0,544.0,12341444.0,7536.0,43.14,14.55,9.85,1543881600.0
2018-12-03,696.15,718.85,693.45,699.3,706.0286856031969,46295.0,1308.0,32685598.0,7484.0,16.17,25.4,3.15,1543795200.0
2018-11-30,690.0,700.8,682.65,698.8,695.2483784053488,10021.0,372.0,6967084.0,1934.0,19.3,18.15,8.8,1543536000.0
2018-11-29,692.25,702.0,682.95,693.7,693.1893685362325,28331.0,956.0,19638748.0,14559.0,51.39,19.05,1.45,1543449600.0
2018-11-28,690.15,701.4,690.15,696.05,696.5042904886641,11071.0,566.0,7710999.0,4552.0,41.12,11.25,5.9,1543363200.0
2018-11-27,670.0,693.3,670.0,690.5,689.4433716362568,27239.0,774.0,18779748.0,7172.0,26.33,23.3,20.5,1543276800.0
2018-11-26,691.2,692.35,671.5,675.2,678.6678688078389,14696.0,629.0,9973703.0,1911.0,13.0,20.85,-16.0,1543190400.0
2018-11-22,694.75,694.75,684.85,686.6,687.816862745098,5100.0,267.0,3507866.0,1023.0,20.06,9.9,-8.15,1542844800.0
2018-11-21,685.95,695.7,682.65,690.65,691.2749556625284,15788.0,541.0,10913849.0,4316.0,27.34,13.05,4.7,1542758400.0
2018-11-20,686.0,693.0,681.5,682.85,685.6761034329024,13458.0,421.0,9227829.0,4014.0,29.83,11.5,-3.15,1542672000.0
2018-11-19,688.9,691.45,681.0,685.5,685.8575164664859,10324.0,384.0,7080793.0,3393.0,32.87,10.45,-3.4,1542585600.0
2018-11-16,682.1,689.25,681.0,685.35,684.7934681940044,20515.0,604.0,14048538.0,7504.0,36.58,8.25,3.25,1542326400.0
2018-11-15,683.55,691.4,681.0,682.85,686.3687589841878,10435.0,413.0,7162258.0,2150.0,20.6,10.4,-0.7,1542240000.0
2018-11-14,702.75,704.85,671.1,682.35,685.6374012848836,78762.0,2362.0,54002173.0,5954.0,7.56,33.75,-20.4,1542153600.0
2018-11-13,694.9,702.0,682.1,697.1,692.7453427221677,22438.0,815.0,15543820.0,5206.0,23.2,19.9,2.2,1542067200.0
2018-11-12,686.6,693.0,681.05,684.75,687.0285491824552,11559.0,437.0,7941363.0,2910.0,25.18,11.95,-1.85,1541980800.0
2018-11-09,683.55,695.75,678.45,687.8,690.2486008506828,17868.0,519.0,12333362.0,5859.0,32.79,17.3,4.25,1541721600.0
2018-11-07,687.95,691.15,681.25,685.7,686.0471517472474,8356.0,308.0,5732610.0,4011.0,48.0,9.9,-2.25,1541548800.0
2018-11-06,676.0,702.15,676.0,681.9,687.7869983453459,35657.0,1030.0,24524421.0,4863.0,13.64,26.15,5.9,1541462400.0
2018-11-05,690.0,694.0,670.0,679.65,678.31732450662,32024.0,933.0,21722434.0,5522.0,17.24,24.0,-10.35,1541376000.0
2018-11-02,698.9,703.0,683.05,689.2,690.0484414739457,50721.0,1482.0,34999947.0,15274.0,30.11,19.95,-9.7,1541116800.0
2018-11-01,697.0,705.75,686.1,688.4,694.0172585703667,55161.0,1699.0,38282686.0,10526.0,19.08,19.65,-8.6,1541030400.0
2018-10-31,718.7,736.0,687.6,694.3,700.5409717442333,113322.0,3906.0,79386704.0,20304.0,17.92,48.4,-24.4,1540944000.0
2018-10-30,670.15,719.75,643.05,713.5,691.3157502584407,256345.0,8777.0,177215336.0,27166.0,10.6,76.7,43.35,1540857600.0
2018-10-29,858.25,894.0,832.0,864.7,864.6842635899847,131917.0,4285.0,114066554.0,35879.0,27.2,62.0,6.45,1540771200.0
2018-10-26,845.0,873.0,831.1,849.25,854.4626058384936,79130.0,2486.0,67613626.0,18193.0,22.99,41.9,4.25,1540512000.0
2018-10-25,860.0,876.0,828.4,837.85,851.6360931366398,55789.0,1966.0,47511926.0,12853.0,23.04,47.6,-22.15,1540425600.0
2018-10-24,872.75,886.65,861.4,869.55,870.8773438337083,37332.0,1133.0,32511593.0,6914.0,18.52,25.25,-3.2,1540339200.0
2018-10-23,886.8,896.25,848.45,867.6,866.401114390899,60302.0,1330.0,52245720.0,32420.0,53.76,47.8,-19.2,1540252800.0
2018-10-22,917.75,917.75,882.0,886.6,894.8909981017085,30027.0,1039.0,26870892.0,5418.0,18.04,35.75,-31.15,1540166400.0
2018-10-19,910.0,915.2,891.0,906.95,901.8865156641442,38719.0,1451.0,34920144.0,7695.0,19.87,24.2,-3.05,1539907200.0
2018-10-17,939.85,940.5,885.0,893.65,906.491940155122,70783.0,2329.0,64164219.0,16514.0,23.33,55.5,-46.2,1539734400.0
2018-10-16,905.0,934.0,904.0,929.85,921.9955797651472,44794.0,1455.0,41299870.0,8526.0,19.03,30.0,24.85,1539648000.0
2018-10-15,945.7,950.0,892.3,903.95,912.97343582241,169514.0,4737.0,154761779.0,43559.0,25.7,57.7,-41.75,1539561600.0
2018-10-12,864.0,920.8,864.0,899.7,901.9292159615,64831.0,2045.0,58472973.0,4255.0,6.56,56.8,35.7,1539302400.0
2018-10-11,869.0,870.35,840.8,846.2,853.2241037424067,31771.0,1194.0,27107783.0,3609.0,11.36,29.55,-22.8,1539216000.0
2018-10-10,842.4,893.0,839.6,886.05,869.6535898845518,45475.0,1604.0,39547497.0,6591.0,14.49,53.4,43.65,1539129600.0
2018-10-09,836.45,847.0,815.0,837.0,831.4338806072678,29114.0,1966.0,24206366.0,8274.0,28.42,32.0,0.55,1539043200.0
2018-10-08,831.95,835.15,802.0,823.35,819.6975037645011,94302.0,5840.0,77299114.0,41846.0,44.37,33.15,-8.6,1538956800.0
2018-10-05,838.7,852.2,820.7,827.35,834.3151367286774,59022.0,4154.0,49242948.0,26389.0,44.71,31.5,-11.35,1538697600.0
2018-10-04,849.0,855.15,824.85,840.25,837.7548748397544,59284.0,4613.0,49665460.0,23013.0,38.82,30.3,-8.75,1538611200.0
2018-10-03,860.1,888.0,850.0,861.75,870.1139122112497,45974.0,2058.0,40002617.0,3412.0,7.42,38.0,1.65,1538524800.0
2018-10-01,803.0,872.0,802.0,867.1,836.0809559474365,58748.0,2197.0,49118084.0,11369.0,19.35,70.0,64.1,1538352000.0
2018-09-28,871.3,883.4,804.75,820.8,838.1445342247629,101111.0,3718.0,84745632.0,20514.0,20.29,78.65,-50.5,1538092800.0
2018-09-27,907.3,912.5,865.5,871.3,887.6887953208709,61037.0,2447.0,54181861.0,11453.0,18.76,47.0,-36.0,1538006400.0
2018-09-26,899.95,915.0,888.0,904.4,900.7379205868282,25084.0,1134.0,22594110.0,5025.0,20.03,27.0,4.45,1537920000.0
2018-09-25,891.85,901.1,871.0,890.95,886.8458346791224,40249.0,1952.0,35694658.0,10300.0,25.59,30.1,-0.9,1537833600.0
2018-09-24,949.3,949.3,885.0,895.9,911.858542860484,42755.0,1825.0,38986512.0,10024.0,23.45,64.3,-53.4,1537747200.0
2018-09-21,979.05,987.25,829.75,942.85,932.428779413638,54949.0,2209.0,51236029.0,5379.0,9.79,157.5,-36.2,1537488000.0
2018-09-19,989.9,991.05,971.0,976.15,979.9807649605864,36028.0,1437.0,35306747.0,15191.0,42.16,20.05,-13.75,1537315200.0
2018-09-18,1002.0,1009.95,979.25,981.65,989.6195105436254,20676.0,1301.0,20461373.0,8191.0,39.62,30.7,-20.35,1537228800.0
2018-09-17,981.85,1011.4,975.0,999.0,997.2605785837652,27792.0,1268.0,27715866.0,4617.0,16.61,36.4,17.15,1537142400.0
2018-09-14,980.0,1004.35,976.15,987.4,986.9049699697504,68431.0,2822.0,67534894.0,25451.0,37.19,28.2,7.4,1536883200.0
2018-09-12,982.85,983.7,963.0,973.35,974.0497917906008,50430.0,1868.0,49121331.0,17236.0,34.18,20.7,-9.5,1536710400.0
2018-09-11,1004.9,1005.8,974.3,981.1,987.4247024894752,30167.0,2166.0,29787641.0,10793.0,35.78,31.5,-23.8,1536624000.0
2018-09-10,1012.7,1018.35,990.0,997.5,1001.7686472819216,29267.0,1528.0,29318763.0,11560.0,39.5,28.35,-15.2,1536537600.0
2018-09-07,1020.0,1024.05,1003.0,1012.7,1014.1988911828156,43109.0,2907.0,43721100.0,14405.0,33.42,21.05,-7.3,1536278400.0
2018-09-06,991.5,1027.0,984.85,1017.1,1008.6631167963052,65824.0,2340.0,66394241.0,11248.0,17.09,42.15,25.6,1536192000.0
2018-09-05,997.0,1004.85,964.0,990.5,983.2966430279045,49777.0,2032.0,48945557.0,6454.0,12.97,40.85,-6.5,1536105600.0
2018-09-04,1029.0,1038.55,985.0,991.25,1011.946168917005,84728.0,2620.0,85740175.0,19648.0,23.19,53.55,-37.75,1536019200.0
2018-09-03,997.0,1036.4,986.35,1014.1,1016.016414512907,64577.0,1900.0,65611292.0,20801.0,32.21,50.05,17.1,1535932800.0
2018-08-31,1007.8,1014.85,986.55,995.1,995.4965725657846,27134.0,1586.0,27011804.0,4998.0,18.42,28.3,-12.7,1535673600.0
2018-08-30,1012.35,1029.95,1001.0,1004.95,1011.2945822895906,109382.0,3038.0,110617424.0,43739.0,39.99,28.95,-7.4,1535587200.0
2018-08-29,993.3,1007.0,985.45,988.25,993.8295131179837,31979.0,1256.0,31781674.0,4613.0,14.43,21.55,-5.05,1535500800.0
2018-08-28,1000.05,1005.9,984.0,988.8,992.9814841550566,27706.0,1234.0,27511545.0,4621.0,16.68,21.9,-11.25,1535414400.0
2018-08-27,996.0,1010.0,991.7,999.6,999.9366565684384,29048.0,976.0,29046160.0,4423.0,15.23,18.3,3.6,1535328000.0
2018-08-24,1000.0,1011.65,959.45,984.25,992.6034893544312,105349.0,2993.0,104569785.0,6864.0,6.52,52.2,-15.75,1535068800.0
2018-08-23,999.0,1012.1,981.65,1006.45,999.0181139834866,94347.0,3180.0,94254362.0,11617.0,12.31,30.45,7.45,1534982400.0
2018-08-21,942.0,1029.2,942.0,1006.4,1004.5651151462883,250464.0,8218.0,251607397.0,22820.0,9.11,87.2,64.4,1534809600.0
2018-08-20,930.0,945.3,928.0,940.5,937.171947112386,16034.0,1004.0,15026615.0,4757.0,29.67,17.3,10.5,1534723200.0
2018-08-17,926.9,935.0,911.05,929.2,921.682314030405,17234.0,762.0,15884273.0,4717.0,27.37,23.95,2.3,1534464000.0
2018-08-16,905.45,926.95,904.0,913.4,916.9759390905648,23773.0,955.0,21799269.0,4227.0,17.78,22.95,7.95,1534377600.0
2018-08-14,916.9,916.9,880.2,911.0,910.7179135209334,11656.0,677.0,10615328.0,3453.0,29.62,36.7,-5.9,1534204800.0
2018-08-13,905.75,924.65,900.0,911.8,910.0081708807824,15543.0,651.0,14144257.0,3189.0,20.52,24.65,6.05,1534118400.0
2018-08-10,913.0,920.95,906.7,915.35,913.93006497342,8465.0,608.0,7736418.0,2559.0,30.23,14.25,2.35,1533859200.0
2018-08-09,930.0,931.55,912.5,915.4,920.2491338170884,15297.0,1038.0,14077051.0,6723.0,43.95,19.05,-14.6,1533772800.0
2018-08-08,941.85,944.75,928.0,931.55,933.8929890596968,28427.0,2556.0,26547776.0,13942.0,49.04,16.75,-10.3,1533686400.0
2018-08-07,941.3,945.15,934.0,938.15,939.7398499685048,17463.0,928.0,16410677.0,2393.0,13.7,11.15,-3.15,1533600000.0
2018-08-06,935.55,948.15,932.6,937.05,939.2386197840676,13708.0,686.0,12875083.0,4026.0,29.37,15.55,1.5,1533513600.0
2018-08-03,931.2,944.4,930.05,934.0,935.7795191278108,10273.0,591.0,9613263.0,3635.0,35.38,14.35,2.8,1533254400.0
2018-08-02,936.5,942.05,922.55,926.3,934.2243037974685,13825.0,772.0,12915651.0,4922.0,35.6,19.5,-10.2,1533168000.0
2018-08-01,946.5,955.05,932.15,936.5,939.9613029104112,18451.0,700.0,17343226.0,5279.0,28.61,22.9,-10.0,1533081600.0
2018-07-31,947.25,952.0,928.0,945.3,939.1164827719704,20664.0,587.0,19405903.0,9179.0,44.42,24.0,-1.95,1532995200.0
2018-07-30,959.9,959.9,938.25,948.15,947.1166092431984,16834.0,726.0,15943761.0,3292.0,19.56,21.65,-11.75,1532908800.0
2018-07-27,912.65,956.0,910.35,949.6,934.3961343460052,99802.0,2967.0,93254603.0,19034.0,19.07,45.65,36.95,1532649600.0
2018-07-26,912.75,925.3,892.9,909.95,913.064470580418,60198.0,2863.0,54964655.0,14325.0,23.8,32.4,-2.8,1532563200.0
2018-07-25,925.0,928.05,910.05,914.9,916.6005926388024,12824.0,1166.0,11754486.0,2858.0,22.29,18.0,-10.1,1532476800.0
2018-07-24,893.0,925.95,882.0,923.45,919.4088523743976,92992.0,2771.0,85497668.0,67049.0,72.1,43.95,30.45,1532390400.0
2018-07-23,919.9,919.9,872.25,887.15,882.2172313084112,17120.0,1070.0,15103559.0,5753.0,33.6,47.65,-32.75,1532304000.0
2018-07-20,886.9,892.0,874.0,889.15,885.1756794463976,17919.0,872.0,15861463.0,5174.0,28.87,18.0,2.25,1532044800.0
2018-07-19,886.2,895.05,880.25,885.0,887.5948492867745,15493.0,1088.0,13751507.0,3944.0,25.46,14.8,-1.2,1531958400.0
2018-07-18,904.05,906.9,878.5,885.05,892.537174400552,11594.0,897.0,10348076.0,3893.0,33.58,28.4,-19.0,1531872000.0
2018-07-17,889.0,901.35,870.0,897.7,885.062150482969,23604.0,2116.0,20891007.0,5562.0,23.56,31.35,8.7,1531785600.0
2018-07-16,905.0,917.95,885.0,886.95,897.1254636091725,25075.0,1414.0,22495421.0,8327.0,33.21,32.95,-18.05,1531699200.0
2018-07-13,885.0,912.15,885.0,905.35,900.5098596109133,67954.0,847.0,61193247.0,44246.0,65.11,27.15,20.35,1531440000.0
2018-07-12,915.05,930.95,892.1,897.45,912.7859789875836,26175.0,1067.0,23892173.0,6127.0,23.41,38.85,-17.6,1531353600.0
2018-07-11,925.1,929.45,905.25,910.85,915.6295722078668,17415.0,1906.0,15945689.0,6257.0,35.93,24.2,-14.25,1531267200.0
2018-07-10,935.0,940.0,921.7,925.35,928.0642150457344,16071.0,1068.0,14914920.0,3263.0,20.3,18.3,-9.65,1531180800.0
2018-07-09,918.0,937.95,915.0,929.15,930.0066030355188,31955.0,1073.0,29718361.0,11341.0,35.49,22.95,11.15,1531094400.0
2018-07-06,912.1,920.0,902.65,913.35,912.9808938361856,24076.0,778.0,21980928.0,6519.0,27.08,17.35,1.25,1530835200.0
2018-07-05,889.0,920.6,887.0,910.05,908.2705976072108,67787.0,3685.0,61568939.0,14642.0,21.6,33.6,21.05,1530748800.0
2018-07-04,890.95,897.95,873.45,877.75,884.6833110984054,15741.0,592.0,13925800.0,6138.0,38.99,24.5,-13.2,1530662400.0
2018-07-03,892.0,898.5,878.2,890.55,883.6042780748662,167552.0,695.0,148049664.0,153461.0,91.59,20.3,-1.45,1530576000.0
2018-07-02,918.0,918.85,885.0,894.25,899.405138339921,12650.0,582.0,11377475.0,1886.0,14.91,33.85,-23.75,1530489600.0
2018-06-29,890.0,921.0,887.2,914.4,906.3963450812864,16854.0,816.0,15276404.0,4766.0,28.28,33.8,24.4,1530230400.0
2018-06-28,918.0,929.6,877.5,883.05,901.6901250569236,28547.0,1076.0,25740548.0,8380.0,29.36,52.1,-34.95,1530144000.0
2018-06-27,954.7,957.85,921.65,930.0,935.6814024390244,20336.0,964.0,19028017.0,5644.0,27.75,36.2,-24.7,1530057600.0
2018-06-26,951.5,966.0,944.8,959.9,956.7173690429304,12695.0,482.0,12145527.0,3569.0,28.11,21.2,8.4,1529971200.0
2018-06-25,966.8,973.95,952.15,953.75,962.0308257466858,6261.0,379.0,6023275.0,2008.0,32.07,21.8,-13.05,1529884800.0
2018-06-22,955.25,971.75,948.05,966.8,960.5323292945304,8831.0,456.0,8482461.0,2125.0,24.06,23.7,11.55,1529625600.0
2018-06-21,950.0,963.95,950.0,955.25,957.077433381648,17938.0,936.0,17168055.0,3903.0,21.76,13.95,5.25,1529539200.0
2018-06-20,934.15,954.0,934.15,947.8,944.2058607047568,21738.0,774.0,20525147.0,3672.0,16.89,19.85,13.65,1529452800.0
2018-06-19,970.0,970.0,937.0,940.3,953.1004084095232,43094.0,1517.0,41072909.0,10073.0,23.37,33.0,-29.7,1529366400.0
2018-06-18,1000.0,1000.0,975.0,978.65,981.2942053930004,8715.0,450.0,8551979.0,2891.0,33.17,25.0,-21.35,1529280000.0
2018-06-15,1002.0,1010.0,980.4,993.0,1001.2974014848656,21012.0,710.0,21039261.0,9053.0,43.08,29.6,-9.0,1529020800.0
2018-06-14,1006.5,1008.95,991.6,1005.45,999.3398067146064,21833.0,668.0,21818586.0,8430.0,38.61,17.35,-1.05,1528934400.0
2018-06-13,1013.9,1013.9,999.0,1002.7,1005.1311268051016,9487.0,693.0,9535679.0,3131.0,33.0,14.9,-11.2,1528848000.0
2018-06-12,1003.0,1008.0,1000.0,1001.7,1004.0587593893868,8254.0,405.0,8287501.0,2975.0,36.04,8.0,-1.3,1528761600.0
2018-06-11,1003.0,1015.45,998.0,1005.3,1006.7665922235584,17463.0,848.0,17581165.0,3937.0,22.54,17.45,2.3,1528675200.0
2018-06-08,1002.0,1014.95,998.0,1001.65,1003.1655246671888,10216.0,770.0,10248339.0,2516.0,24.63,16.95,-0.35,1528416000.0
2018-06-07,1015.5,1020.1,1005.85,1011.55,1012.061788617886,9225.0,349.0,9336270.0,5066.0,54.92,14.25,-3.95,1528329600.0
2018-06-06,988.8,1023.0,983.0,1010.2,998.1191642566253,16943.0,773.0,16911133.0,3647.0,21.53,40.0,21.4,1528243200.0
2018-06-05,1004.75,1007.0,976.0,984.45,988.4286384976524,12780.0,613.0,12632118.0,3368.0,26.35,31.0,-20.3,1528156800.0
2018-06-04,1041.0,1042.5,1003.0,1005.65,1015.0313555080312,219770.0,641.0,223073441.0,3693.0,1.68,39.5,-35.35,1528070400.0
2018-06-01,1020.05,1048.15,1000.0,1031.7,1035.2826540148085,27822.0,898.0,28803634.0,7433.0,26.72,48.15,11.65,1527811200.0
2018-05-31,1040.3,1041.3,1012.45,1018.55,1025.4992421946044,9897.0,411.0,10149366.0,3394.0,34.29,28.85,-21.75,1527724800.0
2018-05-30,1025.0,1043.05,1025.0,1035.5,1034.7378754578754,6825.0,282.0,7062086.0,1680.0,24.62,18.05,10.5,1527638400.0
2018-05-29,1045.0,1047.85,1011.05,1028.45,1028.6550223476827,17004.0,585.0,17491250.0,3242.0,19.07,36.8,-16.55,1527552000.0
2018-05-28,1044.75,1057.5,1032.4,1048.0,1043.1425041784753,13761.0,466.0,14354684.0,3290.0,23.91,25.1,3.25,1527465600.0
2018-05-25,1026.35,1048.0,1024.0,1039.85,1038.4677679050628,16769.0,802.0,17414066.0,4312.0,25.71,24.0,13.5,1527206400.0
2018-05-24,1015.35,1026.6,998.1,1020.3,1013.31231616664,18699.0,1228.0,18947927.0,4182.0,22.36,28.5,4.95,1527120000.0
2018-05-23,1014.6,1040.4,995.5,1008.75,1017.8033834725632,81041.0,3152.0,82483804.0,4068.0,5.02,44.9,-5.85,1527033600.0
2018-05-22,1004.55,1023.85,997.0,1019.35,1011.126681413284,16727.0,699.0,16913116.0,4471.0,26.73,26.85,14.8,1526947200.0
2018-05-21,1020.0,1023.7,993.8,1011.35,1007.8740415335463,12520.0,550.0,12618583.0,3218.0,25.7,29.9,-8.65,1526860800.0
2018-05-18,1020.05,1028.95,1007.3,1020.95,1020.1990814618767,25693.0,980.0,26211975.0,6521.0,25.38,21.65,0.9,1526601600.0
2018-05-17,1050.0,1050.0,1014.6,1020.15,1027.156550410997,21533.0,871.0,22117762.0,7213.0,33.5,35.4,-29.85,1526515200.0
2018-05-16,1059.95,1059.95,1028.4,1036.75,1032.8002014714612,111182.0,1291.0,114828792.0,87116.0,78.35,31.55,-23.2,1526428800.0
2018-05-15,1057.0,1068.15,1039.0,1048.85,1047.8028887400253,85089.0,672.0,89156500.0,75000.0,88.14,29.15,-8.15,1526342400.0
2018-05-14,1058.9,1070.3,1044.1,1048.95,1054.5236854208183,13046.0,820.0,13757316.0,2865.0,21.96,26.2,-9.95,1526256000.0
2018-05-11,1060.3,1066.65,1053.0,1058.9,1058.7379933890725,10286.0,592.0,10890179.0,3667.0,35.65,13.65,-1.4,1525996800.0
2018-05-10,1070.0,1092.6,1054.65,1059.25,1074.8763668346487,42068.0,2157.0,45217899.0,11540.0,27.43,37.95,-10.75,1525910400.0
2018-05-09,1063.3,1076.95,1059.2,1067.85,1068.9750561237215,12027.0,1020.0,12856563.0,3855.0,32.05,17.75,4.55,1525824000.0
2018-05-08,1067.55,1070.8,1050.75,1061.2,1060.6255728314238,24440.0,2073.0,25921689.0,6792.0,27.79,20.05,-6.35,1525737600.0
2018-05-07,1040.1,1065.55,1034.0,1063.25,1051.031818546125,12477.0,689.0,13113724.0,3339.0,26.76,31.55,23.15,1525651200.0
2018-05-04,1032.55,1042.0,1022.0,1036.2,1033.2449929033276,12682.0,544.0,13103613.0,2821.0,22.24,20.0,3.65,1525392000.0
2018-05-03,1044.8,1045.8,1024.0,1031.6,1034.629969645369,13507.0,497.0,13974747.0,3950.0,29.24,21.8,-13.2,1525305600.0
2018-05-02,1064.0,1071.65,1032.1,1044.2,1051.3007292327204,12616.0,519.0,13263210.0,4606.0,36.51,39.55,-19.8,1525219200.0
2018-04-30,1065.1,1067.2,1051.5,1061.45,1061.453644095672,21281.0,769.0,22588795.0,6247.0,29.35,15.7,-3.65,1525046400.0
2018-04-27,1068.75,1079.05,1057.0,1061.05,1067.2947917459835,26266.0,1038.0,28033565.0,7764.0,29.56,22.05,-7.7,1524787200.0
2018-04-26,1079.95,1079.95,1049.0,1064.75,1060.06253225529,11626.0,598.0,12324287.0,2480.0,21.33,30.95,-15.2,1524700800.0
2018-04-25,1052.45,1076.95,1038.2,1065.4,1063.0789714634518,26212.0,1173.0,27865426.0,5750.0,21.94,38.75,12.95,1524614400.0
2018-04-24,1036.35,1058.25,1036.0,1049.9,1049.9006633709384,23667.0,810.0,24847999.0,6324.0,26.72,22.25,13.55,1524528000.0
2018-04-23,1030.0,1046.0,1022.55,1033.2,1036.0588712951685,9852.0,358.0,10207252.0,1224.0,12.42,23.45,3.2,1524441600.0
2018-04-20,1047.0,1047.0,1023.8,1029.0,1030.8439881286597,12467.0,697.0,12851532.0,5346.0,42.88,23.2,-18.0,1524182400.0
2018-04-19,1043.0,1051.95,1035.0,1048.7,1044.131152672353,12779.0,519.0,13342952.0,4418.0,34.57,16.95,5.7,1524096000.0
2018-04-18,1039.95,1061.8,1034.0,1040.15,1047.240857158476,18293.0,804.0,19157177.0,5629.0,30.77,27.8,0.2,1524009600.0
2018-04-17,1040.0,1047.95,1034.5,1039.5,1040.079945269742,15348.0,695.0,15963147.0,3951.0,25.74,13.45,-0.5,1523923200.0
2018-04-16,1039.0,1041.6,1026.05,1039.3,1035.296500493297,17231.0,809.0,17839194.0,5030.0,29.19,15.55,0.3,1523836800.0
2018-04-13,1020.6,1034.0,1017.55,1030.0,1027.879366438356,11680.0,1326.0,12005631.0,5536.0,47.4,16.45,9.4,1523577600.0
2018-04-12,1020.0,1027.0,1007.5,1015.65,1017.7051118210862,18780.0,1144.0,19112502.0,5367.0,28.58,19.5,-4.35,1523491200.0
2018-04-11,1014.2,1024.0,1001.95,1016.05,1013.5841294955272,16433.0,657.0,16656228.0,3670.0,22.33,22.05,1.85,1523404800.0
2018-04-10,1027.1,1028.5,1001.35,1008.1,1012.1488755733096,27036.0,858.0,27364457.0,5231.0,19.35,27.15,-19.0,1523318400.0
2018-04-09,1005.0,1023.0,981.1,1017.25,1004.6888304470798,20153.0,802.0,20247494.0,3985.0,19.77,41.9,12.25,1523232000.0
2018-04-06,998.85,1004.3,988.8,1001.65,998.3379614397578,15197.0,466.0,15171742.0,2867.0,18.87,15.5,2.8,1522972800.0
2018-04-05,988.0,1007.45,987.0,999.4,998.3071774751904,12999.0,697.0,12976995.0,2616.0,20.12,20.45,11.4,1522886400.0
2018-04-04,1009.8,1019.35,969.3,977.4,1005.2656456332048,77242.0,790.0,77648729.0,65353.0,84.61,50.05,-32.4,1522800000.0
2018-04-03,989.5,1015.0,978.0,1005.15,993.254707947654,40729.0,886.0,40454271.0,23916.0,58.72,37.0,15.65,1522713600.0
2018-04-02,977.15,996.35,957.0,987.85,975.592969440028,28305.0,1273.0,27614159.0,6107.0,21.58,39.35,10.7,1522627200.0
2018-03-28,956.0,999.0,956.0,967.65,984.4361219800012,48303.0,1757.0,47551218.0,9599.0,19.87,43.0,11.65,1522195200.0
2018-03-27,963.65,983.05,938.35,973.8,965.7430006600872,62113.0,3397.0,59985195.0,12852.0,20.69,44.7,10.15,1522108800.0
2018-03-26,883.0,961.8,867.0,953.8,920.4475578949712,89861.0,3167.0,82712338.0,15721.0,17.49,94.8,70.8,1522022400.0
2018-03-23,882.0,894.0,862.05,882.5,879.1897944900426,15717.0,549.0,13818226.0,6580.0,41.87,31.95,0.5,1521763200.0
2018-03-22,887.0,889.75,859.8,884.2,878.2820595131756,71648.0,1998.0,62927153.0,31269.0,43.64,29.95,-2.8,1521676800.0
2018-03-21,900.0,914.05,875.9,879.4,890.090952332416,29433.0,1104.0,26198047.0,9148.0,31.08,38.15,-20.6,1521590400.0
2018-03-20,910.85,924.6,879.65,901.95,908.8450024704276,34407.0,1430.0,31270630.0,14021.0,40.75,44.95,-8.9,1521504000.0
2018-03-19,958.0,958.0,914.65,920.1,929.3022874430966,35367.0,1289.0,32866634.0,11931.0,33.73,43.35,-37.9,1521417600.0
2018-03-16,967.3,970.85,951.0,956.45,961.2589134125636,15314.0,531.0,14720719.0,4974.0,32.48,19.85,-10.85,1521158400.0
2018-03-15,958.5,976.0,950.15,966.6,968.2090894048864,18131.0,647.0,17554599.0,5079.0,28.01,25.85,8.1,1521072000.0
2018-03-14,972.0,983.0,962.65,967.8,971.0985530306796,20111.0,866.0,19529763.0,7174.0,35.67,20.35,-4.2,1520985600.0
2018-03-13,959.95,987.4,958.95,982.15,978.443919442293,25820.0,1155.0,25263422.0,9754.0,37.78,28.45,22.2,1520899200.0
2018-03-12,972.0,987.25,954.0,967.5,970.8219636876432,17019.0,764.0,16522419.0,5349.0,31.43,33.25,-4.5,1520812800.0
2018-03-09,991.15,991.15,973.65,981.85,981.8412928759894,15160.0,1914.0,14884714.0,6546.0,43.18,17.5,-9.3,1520553600.0
2018-03-08,962.55,987.75,941.65,983.25,970.652200883972,77378.0,1098.0,75107126.0,55445.0,71.65,46.1,20.7,1520467200.0
2018-03-07,975.0,983.6,964.0,970.35,972.621408045977,16704.0,718.0,16246668.0,4298.0,25.73,19.6,-4.65,1520380800.0
2018-03-06,999.35,1007.3,975.35,981.55,990.4135401767704,27267.0,579.0,27005606.0,19441.0,71.3,31.95,-17.8,1520294400.0
2018-03-05,1005.8,1005.8,983.0,994.05,994.198674572724,14335.0,571.0,14251838.0,6611.0,46.12,22.8,-11.75,1520208000.0
2018-03-01,1020.0,1025.95,1002.0,1005.35,1010.7609487430044,11257.0,469.0,11378136.0,4745.0,42.15,23.95,-14.65,1519862400.0
2018-02-28,1006.9,1030.2,995.6,1022.3,1022.111915499644,25278.0,547.0,25836945.0,17049.0,67.45,34.6,15.4,1519776000.0
2018-02-27,1019.7,1024.95,1003.0,1007.65,1012.3184399080708,14794.0,522.0,14976239.0,3356.0,22.68,21.95,-12.05,1519689600.0
2018-02-26,1001.0,1029.8,1001.0,1018.3,1018.3605185185183,13500.0,578.0,13747867.0,3126.0,23.16,28.8,17.3,1519603200.0
2018-02-23,970.0,1008.9,970.0,1002.6,997.1150116259288,17633.0,630.0,17582129.0,4862.0,27.57,38.9,32.6,1519344000.0
2018-02-22,983.05,986.1,971.5,977.35,978.9417430480036,12874.0,421.0,12602896.0,4112.0,31.94,14.6,-5.7,1519257600.0
2018-02-21,986.0,992.4,980.0,984.95,985.5733196511032,9745.0,489.0,9604412.0,1663.0,17.07,12.4,-1.05,1519171200.0
2018-02-20,982.7,992.8,976.0,981.45,984.6995489596972,13746.0,620.0,13535680.0,2794.0,20.33,16.8,-1.25,1519084800.0
2018-02-19,992.0,1002.75,974.95,988.9,987.1951842210652,19976.0,797.0,19720211.0,4591.0,22.98,27.8,-3.1,1518998400.0
2018-02-16,1010.0,1016.75,989.5,1002.45,1001.9020528137296,21093.0,1080.0,21133120.0,4146.0,19.66,27.25,-7.55,1518739200.0
2018-02-15,1027.95,1032.5,994.0,1005.7,1007.70783577846,17586.0,845.0,17721550.0,2982.0,16.96,38.5,-22.25,1518652800.0
2018-02-14,1049.95,1049.95,1014.55,1024.8,1032.5185696534584,14486.0,613.0,14957064.0,3093.0,21.35,35.4,-25.15,1518566400.0
2018-02-12,1012.3,1043.25,1006.0,1035.85,1032.586488784252,15291.0,1162.0,15789280.0,4084.0,26.71,37.25,23.55,1518393600.0
2018-02-09,974.3,1016.2,970.0,1005.95,999.660221442074,18515.0,1232.0,18508709.0,4729.0,25.54,46.2,31.65,1518134400.0
2018-02-08,978.9,1007.3,975.3,992.15,993.8609741231228,36094.0,1517.0,35872418.0,6151.0,17.04,32.0,13.25,1518048000.0
2018-02-07,1014.95,1015.15,970.0,979.5,992.430663436186,28066.0,1064.0,27853559.0,10856.0,38.68,45.15,-35.45,1517961600.0
2018-02-06,949.0,1002.35,925.0,989.65,976.0603468838384,29347.0,1115.0,28644443.0,5967.0,20.33,77.35,40.65,1517875200.0
2018-02-05,999.9,1009.95,976.9,1000.6,992.9555264374904,12974.0,668.0,12882605.0,3269.0,25.2,33.05,0.7,1517788800.0
2018-02-02,1045.0,1045.0,970.05,1000.7,1005.261492698756,36980.0,1365.0,37174570.0,8939.0,24.17,74.95,-44.3,1517529600.0
2018-02-01,1060.05,1066.75,1019.0,1043.3,1044.537375341982,33993.0,1413.0,35506959.0,6109.0,17.97,47.75,-16.75,1517443200.0
2018-01-31,1047.1,1074.35,1047.1,1054.9,1058.6471775264192,18831.0,861.0,19935385.0,2428.0,12.89,27.25,7.8,1517356800.0
2018-01-30,1053.25,1080.25,1047.0,1065.85,1066.6446373850868,19580.0,753.0,20884902.0,7979.0,40.75,33.25,12.6,1517270400.0
2018-01-29,1072.3,1086.5,1049.85,1053.7,1065.2095216874627,26928.0,983.0,28683962.0,7413.0,27.53,36.65,-18.6,1517184000.0
2018-01-25,1082.5,1101.0,1066.9,1069.8,1080.2241661297517,20177.0,752.0,21795683.0,3679.0,18.23,34.1,-12.7,1516838400.0
2018-01-24,1106.2,1108.8,1082.75,1087.95,1090.4600768666062,23157.0,1088.0,25251784.0,4377.0,18.9,26.05,-18.25,1516752000.0
2018-01-23,1112.15,1116.65,1098.35,1102.5,1107.868874619804,26631.0,778.0,29503656.0,6506.0,24.43,18.3,-9.65,1516665600.0
2018-01-22,1110.0,1115.0,1091.55,1109.85,1103.0559443779352,21718.0,778.0,23956169.0,4639.0,21.36,23.45,-0.15,1516579200.0
2018-01-19,1107.1,1130.15,1093.5,1109.2,1111.1370372282747,38734.0,1424.0,43038782.0,4788.0,12.36,36.65,2.1,1516320000.0
2018-01-18,1139.45,1143.05,1097.3,1105.25,1120.4688342221457,34878.0,1396.0,39079712.0,7189.0,20.61,45.75,-34.2,1516233600.0
2018-01-17,1133.6,1155.4,1113.0,1142.05,1142.1831120791633,53257.0,2927.0,60829246.0,19389.0,36.41,42.4,8.45,1516147200.0
2018-01-16,1159.2,1160.0,1116.65,1133.85,1136.7941185662053,31999.0,1195.0,36376275.0,6909.0,21.59,43.35,-25.35,1516060800.0
2018-01-15,1171.0,1175.75,1150.0,1161.4,1162.300429623568,29328.0,1221.0,34087947.0,11149.0,38.01,25.75,-9.6,1515974400.0
2018-01-12,1174.0,1178.4,1151.95,1158.05,1161.792018419033,33878.0,1615.0,39359190.0,7727.0,22.81,26.45,-15.95,1515715200.0
2018-01-11,1137.15,1188.95,1132.0,1174.4,1166.2041137223237,47062.0,1770.0,54883898.0,10133.0,21.53,56.95,37.25,1515628800.0
2018-01-10,1133.45,1153.5,1130.6,1137.2,1139.3532045287225,50257.0,1495.0,57260474.0,15928.0,31.69,22.9,3.75,1515542400.0
2018-01-09,1125.0,1135.0,1111.75,1122.75,1120.0061684119923,27884.0,967.0,31230252.0,9880.0,35.43,23.25,-2.25,1515456000.0
2018-01-08,1096.6,1133.7,1085.0,1129.9,1112.7718007139983,82073.0,2484.0,91328520.0,24427.0,29.76,48.7,33.3,1515369600.0
2018-01-05,1090.5,1103.8,1078.7,1087.8,1087.4573121573685,49616.0,1882.0,53955282.0,9659.0,19.47,25.1,-2.7,1515110400.0
2018-01-04,1060.6,1093.45,1060.0,1090.5,1084.7037127666674,89906.0,2430.0,97521372.0,26621.0,29.61,33.45,29.9,1515024000.0
2018-01-03,1057.55,1070.05,1049.0,1060.6,1055.133321392322,16749.0,516.0,17672428.0,6127.0,36.58,21.05,3.05,1514937600.0
2018-01-02,1068.7,1071.15,1047.0,1052.7,1053.087358770336,47883.0,1321.0,50424982.0,19261.0,40.23,24.15,-16.0,1514851200.0
2018-01-01,1055.0,1079.4,1051.45,1062.9,1067.1657512056156,53707.0,1486.0,57314271.0,21587.0,40.19,27.95,7.9,1514764800.0
2017-12-29,1045.9,1054.1,1042.0,1047.85,1047.6826529136742,20747.0,589.0,21736272.0,5095.0,24.56,12.1,1.95,1514505600.0
2017-12-28,1055.25,1065.95,1038.9,1045.5,1052.840494836787,28858.0,997.0,30382871.0,8380.0,29.04,27.05,-9.75,1514419200.0
2017-12-27,1055.0,1075.0,1045.0,1052.95,1058.5011231122155,41848.0,1296.0,44296155.0,15023.0,35.9,30.0,-2.05,1514332800.0
2017-12-26,1050.0,1062.0,1045.9,1056.0,1054.1524980222723,16433.0,647.0,17322888.0,6555.0,39.89,16.1,6.0,1514246400.0
2017-12-22,1063.1,1068.4,1041.05,1049.45,1054.588865486654,49378.0,1913.0,52073489.0,19911.0,40.32,27.35,-13.65,1513900800.0
2017-12-21,1013.0,1060.0,1009.2,1050.25,1036.4875785425193,89442.0,2437.0,92705522.0,30048.0,33.59,50.8,37.25,1513814400.0
2017-12-20,1011.8,1016.2,1007.1,1008.6,1009.538723574792,9981.0,330.0,10076206.0,3933.0,39.4,9.1,-3.2,1513728000.0
2017-12-19,1015.85,1018.0,1005.6,1007.5,1010.351622925894,15127.0,601.0,15283589.0,9260.0,61.22,12.4,-8.35,1513641600.0
2017-12-18,1007.0,1020.0,979.35,1006.65,1004.7979066022544,19872.0,922.0,19967344.0,4834.0,24.33,40.65,-0.35,1513555200.0
2017-12-15,1014.5,1027.0,1007.0,1014.65,1017.909659281638,23832.0,906.0,24258823.0,6650.0,27.9,20.0,0.15,1513296000.0
2017-12-14,1020.0,1023.75,990.85,1002.5,1003.077416278084,18872.0,969.0,18930077.0,5770.0,30.57,32.9,-17.5,1513209600.0
2017-12-13,1003.95,1021.0,993.55,1013.8,1008.6597756158794,25492.0,974.0,25712755.0,5730.0,22.48,27.45,9.85,1513123200.0
2017-12-12,1013.0,1015.75,1001.1,1004.7,1007.5561567326992,11459.0,428.0,11545586.0,3227.0,28.16,14.65,-8.3,1513036800.0
2017-12-11,1024.0,1024.0,1006.4,1010.5,1010.8335812016657,6724.0,289.0,6796845.0,2470.0,36.73,17.6,-13.5,1512950400.0
2017-12-08,994.05,1018.75,992.65,1007.8,1007.7919338995782,17307.0,811.0,17441855.0,5891.0,34.04,26.1,13.75,1512691200.0
2017-12-07,976.0,994.0,976.0,992.1,988.1189069423928,10832.0,582.0,10703304.0,4197.0,38.75,18.0,16.1,1512604800.0
2017-12-06,995.0,996.3,973.25,978.6,985.2093506493504,23100.0,878.0,22758336.0,5941.0,25.72,23.05,-16.4,1512518400.0
2017-12-05,993.0,994.8,977.85,988.9,986.8432176149148,24888.0,806.0,24560554.0,3813.0,15.32,16.95,-4.1,1512432000.0
2017-12-04,1000.0,1000.0,975.1,982.7,984.5722910835664,25010.0,961.0,24624153.0,8302.0,33.19,24.9,-17.3,1512345600.0
2017-12-01,1017.45,1020.45,991.25,995.25,1008.259840255591,31300.0,1617.0,31558533.0,10410.0,33.26,29.2,-22.2,1512086400.0
2017-11-30,1013.2,1028.0,1005.0,1013.85,1016.4728378760728,21206.0,1229.0,21555323.0,6599.0,31.12,23.0,0.65,1512000000.0
2017-11-29,1015.4,1027.8,1011.6,1024.7,1016.3748746238716,15952.0,647.0,16213212.0,5978.0,37.47,16.2,9.3,1511913600.0
2017-11-28,1020.4,1029.55,1014.0,1015.45,1019.5359363873724,42130.0,474.0,42953049.0,35160.0,83.46,15.55,-4.95,1511827200.0
2017-11-27,1009.05,1024.0,1005.6,1019.45,1015.5982175171914,22104.0,733.0,22448783.0,8123.0,36.75,18.4,10.4,1511740800.0
2017-11-24,1022.9,1022.9,1009.15,1011.5,1013.1502469135802,16200.0,592.0,16413034.0,8030.0,49.57,13.75,-11.4,1511481600.0
2017-11-23,1050.0,1050.0,1013.4,1017.75,1024.961695165378,31171.0,1213.0,31949081.0,10515.0,33.73,36.6,-32.25,1511395200.0
2017-11-22,1029.8,1052.0,1026.1,1033.7,1041.0663836199435,98217.0,3571.0,102250417.0,16209.0,16.5,25.9,3.9,1511308800.0
2017-11-21,1007.3,1018.85,1004.0,1016.35,1011.811109429393,19821.0,798.0,20055108.0,7026.0,35.45,14.85,9.05,1511222400.0
2017-11-20,1005.25,1008.05,995.0,1006.65,1001.169408626056,8996.0,467.0,9006520.0,2089.0,23.22,13.05,1.4,1511136000.0
2017-11-17,1002.05,1017.6,995.0,1005.3,1005.745518966236,9596.0,448.0,9651134.0,2100.0,21.88,22.6,3.25,1510876800.0
2017-11-16,1007.1,1019.9,982.3,1002.65,1000.0159676915504,444961.0,3376.0,444968105.0,403289.0,90.63,37.6,-4.45,1510790400.0
2017-11-15,1025.05,1035.3,1000.0,1014.0,1017.7974635163308,28780.0,1200.0,29292211.0,5268.0,18.3,35.3,-11.05,1510704000.0
2017-11-14,1018.55,1046.2,1018.05,1026.45,1034.1031223239577,30362.0,1337.0,31397439.0,7063.0,23.26,28.15,7.9,1510617600.0
2017-11-13,1012.0,1042.95,1010.45,1020.0,1030.707475136349,46755.0,1783.0,48190728.0,11528.0,24.66,32.5,8.0,1510531200.0
2017-11-10,1009.45,1019.0,1003.5,1011.95,1011.5155558250956,16489.0,640.0,16678880.0,4895.0,29.69,15.5,2.5,1510272000.0
2017-11-09,995.0,1015.0,982.65,1012.7,1000.7388791884924,24054.0,973.0,24071773.0,6395.0,26.59,32.35,17.7,1510185600.0
2017-11-08,984.4,1001.4,976.8,991.05,988.2568493864202,47997.0,1957.0,47433364.0,4802.0,10.0,24.6,6.65,1510099200.0
2017-11-07,996.1,1001.65,974.95,983.5,987.507970412563,25281.0,1269.0,24965189.0,11301.0,44.7,26.7,-12.6,1510012800.0
2017-11-06,996.0,1008.3,992.0,995.4,1000.8995650454724,22761.0,744.0,22781475.0,7314.0,32.13,16.3,-0.6,1509926400.0
2017-11-03,1012.95,1023.9,990.0,1002.1,1009.6127147067792,19678.0,762.0,19867159.0,5341.0,27.14,33.9,-10.85,1509667200.0
2017-11-02,1019.15,1026.5,1006.25,1015.95,1017.5239600091932,17404.0,627.0,17708987.0,4789.0,27.52,20.25,-3.2,1509580800.0
2017-11-01,1018.2,1026.0,1008.0,1016.35,1018.0429861666856,8747.0,315.0,8904822.0,2433.0,27.82,18.0,-1.85,1509494400.0
2017-10-31,1003.85,1034.35,1001.9,1018.2,1022.2809109823152,26916.0,1124.0,27515713.0,4554.0,16.92,32.45,14.35,1509408000.0
2017-10-30,1005.0,1017.0,998.6,1003.55,1005.8686285223636,12811.0,623.0,12886183.0,4002.0,31.24,18.4,-1.45,1509321600.0
2017-10-27,1028.1,1032.8,996.4,1005.05,1027.1759243513748,164656.0,1527.0,169130679.0,142322.0,86.44,36.4,-23.05,1509062400.0
2017-10-26,1025.75,1042.3,1016.75,1029.0,1026.1487304302063,15202.0,628.0,15599513.0,2883.0,18.96,25.55,3.25,1508976000.0
2017-10-25,1035.2,1035.2,1020.0,1026.95,1025.571315551537,8848.0,401.0,9074255.0,3731.0,42.17,15.2,-8.25,1508889600.0
2017-10-24,1027.15,1038.0,1023.3,1030.7,1031.8540777002397,9601.0,398.0,9906831.0,2241.0,23.34,14.7,3.55,1508803200.0
2017-10-23,1027.0,1034.3,1023.1,1024.35,1028.234552122694,17996.0,965.0,18504109.0,6611.0,36.74,11.2,-2.65,1508716800.0
2017-10-19,1036.85,1040.0,1021.0,1031.1,1034.507723112128,6992.0,248.0,7233278.0,1968.0,28.15,19.0,-5.75,1508371200.0
2017-10-18,1028.25,1041.0,1024.25,1032.15,1032.5667711598746,11165.0,360.0,11528608.0,2997.0,26.84,16.75,3.9,1508284800.0
2017-10-17,1030.35,1042.1,1027.8,1038.95,1035.8254665203071,9110.0,385.0,9436370.0,1567.0,17.2,14.3,8.6,1508198400.0
2017-10-16,1040.2,1051.1,1024.0,1031.9,1032.3764087974614,9139.0,479.0,9434888.0,2515.0,27.52,27.1,-8.3,1508112000.0
2017-10-13,1049.65,1054.95,1039.2,1043.2,1043.8685160955197,204063.0,615.0,213014941.0,193078.0,94.62,15.75,-6.45,1507852800.0
2017-10-12,1035.9,1050.0,1033.15,1042.3,1041.7242529843552,26974.0,773.0,28099470.0,8577.0,31.8,16.85,6.4,1507766400.0
2017-10-11,1059.8,1062.95,1015.05,1031.05,1055.3713670570885,252206.0,1193.0,266170991.0,218900.0,86.79,47.9,-28.75,1507680000.0
2017-10-10,1052.0,1060.0,1042.95,1056.6,1053.100566842876,31402.0,775.0,33069464.0,15873.0,50.55,17.05,4.6,1507593600.0
2017-10-09,1050.0,1054.8,1036.05,1050.75,1047.6672731197384,32429.0,1178.0,33974802.0,7652.0,23.6,18.75,0.75,1507507200.0
2017-10-06,1007.25,1049.0,1003.6,1042.35,1032.5879211541464,89694.0,3096.0,92616941.0,24272.0,27.06,45.4,35.1,1507248000.0
2017-10-05,997.0,1008.7,993.0,1003.1,1002.0075784915192,11084.0,484.0,11106252.0,1510.0,13.62,15.7,6.1,1507161600.0
2017-10-04,994.75,1009.95,993.0,996.8,999.811049074346,17015.0,715.0,17011785.0,6201.0,36.44,16.95,2.05,1507075200.0
2017-10-03,995.05,1004.0,991.0,996.8,995.7787893169954,23177.0,1071.0,23079165.0,6285.0,27.12,13.0,1.75,1506988800.0
2017-09-29,985.9,1004.9,979.4,986.75,993.399057008144,32662.0,1127.0,32446400.0,7616.0,23.32,25.5,0.85,1506643200.0
2017-09-28,988.05,1003.35,979.0,983.15,991.2083284411568,25551.0,1055.0,25326364.0,6204.0,24.28,24.35,-4.9,1506556800.0
2017-09-27,1008.0,1037.0,980.1,988.85,999.0367647058824,49096.0,1379.0,49048709.0,18269.0,37.21,56.9,-19.15,1506470400.0
2017-09-26,992.0,1021.2,991.3,1011.65,1011.68765894879,233959.0,1674.0,236693433.0,197041.0,84.22,29.9,19.65,1506384000.0
2017-09-25,1017.0,1017.0,975.0,989.95,987.0442921499888,120089.0,2505.0,118533162.0,61701.0,51.38,42.0,-27.05,1506297600.0
2017-09-22,1050.0,1054.85,1008.0,1013.35,1026.1008334374385,56033.0,1820.0,57495508.0,17692.0,31.57,46.85,-36.65,1506038400.0
2017-09-21,1062.95,1066.75,1047.25,1052.9,1055.185876564648,27642.0,892.0,29167448.0,6331.0,22.9,19.5,-10.05,1505952000.0
2017-09-20,1076.0,1079.7,1058.0,1062.3,1069.2798498467473,58074.0,1455.0,62097358.0,16155.0,27.82,21.7,-13.7,1505865600.0
2017-09-19,1050.0,1075.1,1050.0,1071.75,1068.0863231929495,118010.0,2585.0,126044867.0,48331.0,40.96,25.1,21.75,1505779200.0
2017-09-18,1052.0,1066.5,1052.0,1056.45,1058.562437376209,42915.0,1420.0,45428207.0,14734.0,34.33,14.5,4.45,1505692800.0
2017-09-15,1054.0,1066.65,1043.0,1050.2,1051.9786175006625,33953.0,1184.0,35717830.0,10328.0,30.42,23.65,-3.8,1505433600.0
2017-09-14,1048.5,1068.0,1048.5,1057.7,1060.089429427262,55418.0,1848.0,58748036.0,17343.0,31.29,19.5,9.2,1505347200.0
2017-09-13,1050.0,1062.0,1042.0,1045.7,1051.1771360401497,48618.0,1718.0,51106130.0,14507.0,29.84,20.0,-4.3,1505260800.0
2017-09-12,1050.5,1053.25,1045.1,1049.45,1049.8735869864902,29016.0,1123.0,30463132.0,11011.0,37.95,8.15,-1.05,1505174400.0
2017-09-11,1040.0,1057.65,1038.0,1050.5,1050.2425821620957,56991.0,1519.0,59854375.0,21458.0,37.65,19.65,10.5,1505088000.0
2017-09-08,1056.7,1056.7,1034.0,1041.2,1043.1631137395132,36355.0,1206.0,37924195.0,14295.0,39.32,22.7,-15.5,1504828800.0
2017-09-07,1059.7,1063.5,1046.25,1048.6,1053.6914060038232,47603.0,1801.0,50158872.0,16077.0,33.77,17.25,-11.1,1504742400.0
2017-09-06,1052.0,1054.9,1042.8,1045.45,1048.0848998863337,22874.0,830.0,23973894.0,6753.0,29.52,12.1,-6.55,1504656000.0
2017-09-05,1039.0,1059.5,1039.0,1050.95,1052.6301800824472,82962.0,2489.0,87328305.0,27345.0,32.96,20.5,11.95,1504569600.0
2017-09-04,1038.1,1056.0,1023.8,1037.35,1040.797523266193,160211.0,4373.0,166747212.0,48111.0,30.03,32.2,-0.75,1504483200.0
2017-09-01,1024.0,1050.5,1018.25,1039.95,1041.7144697178549,221269.0,5299.0,230499119.0,102937.0,46.52,32.25,15.95,1504224000.0
2017-08-31,1022.05,1027.95,1009.3,1015.75,1018.3112131505012,47694.0,1752.0,48567335.0,8362.0,17.53,18.65,-6.3,1504137600.0
2017-08-30,1009.3,1037.5,1007.8,1021.2,1027.3032408449055,111113.0,4063.0,114146745.0,28725.0,25.85,29.7,11.9,1504051200.0
2017-08-29,1033.0,1033.0,993.3,999.55,1012.886669958035,121530.0,4491.0,123096117.0,34711.0,28.56,39.7,-33.45,1503964800.0
2017-08-28,963.0,1026.0,962.0,1020.15,1001.9104669456336,246624.0,9146.0,247095167.0,77545.0,31.44,64.0,57.15,1503878400.0
2017-08-24,942.05,963.35,934.0,956.5,950.4934630148056,34649.0,1420.0,32933648.0,5158.0,14.89,29.35,14.45,1503532800.0
2017-08-23,938.0,944.35,927.95,940.05,939.9877830025024,406401.0,315.0,382011975.0,1610.0,0.4,16.4,2.05,1503446400.0
2017-08-22,945.0,945.0,925.0,933.5,935.8787224369174,8798.0,451.0,8233861.0,1427.0,16.22,20.0,-11.5,1503360000.0
2017-08-21,950.0,950.0,936.55,941.95,942.3667885992988,13122.0,598.0,12365737.0,4931.0,37.58,13.45,-8.05,1503273600.0
2017-08-18,954.0,954.0,930.6,941.6,940.8047723745472,15464.0,650.0,14548605.0,4384.0,28.35,23.4,-12.4,1503014400.0
2017-08-17,940.0,964.8,937.45,953.55,956.726567458918,28358.0,1548.0,27130852.0,7299.0,25.74,27.35,13.55,1502928000.0
2017-08-16,946.15,946.15,932.2,940.65,938.9522697552776,10706.0,476.0,10052423.0,3159.0,29.51,13.95,-5.5,1502841600.0
2017-08-14,926.15,945.0,922.9,941.55,932.6876119286773,25686.0,1045.0,23957014.0,7750.0,30.17,22.1,15.4,1502668800.0
2017-08-11,909.0,933.6,898.85,919.35,920.6144711177792,133300.0,1944.0,122717909.0,31339.0,23.51,34.75,10.35,1502409600.0
2017-08-10,963.0,963.0,899.2,909.45,926.65888764673,35780.0,1208.0,33155855.0,12557.0,35.1,63.8,-53.55,1502323200.0
2017-08-09,960.0,968.0,949.2,960.0,960.2621325170588,31362.0,1185.0,30115741.0,9452.0,30.14,18.8,0.0,1502236800.0
2017-08-08,978.25,981.1,948.4,959.0,965.0344971573572,31133.0,1233.0,30044419.0,10809.0,34.72,32.7,-19.25,1502150400.0
2017-08-07,970.0,984.7,967.25,978.0,976.8931957857768,22780.0,1156.0,22253627.0,6888.0,30.24,17.45,8.0,1502064000.0
2017-08-04,962.75,970.0,953.5,966.8,962.7846246143298,23336.0,1092.0,22467542.0,4987.0,21.37,16.5,4.05,1501804800.0
2017-08-03,950.1,969.0,947.5,961.8,960.0532722048237,30973.0,1611.0,29735730.0,8204.0,26.49,21.5,11.7,1501718400.0
2017-08-02,951.9,958.0,945.0,949.5,951.0252161383283,18044.0,788.0,17160299.0,6489.0,35.96,13.0,-2.4,1501632000.0
2017-08-01,945.5,952.9,935.95,946.55,947.1975054529814,32551.0,1212.0,30832226.0,9878.0,30.35,16.95,1.05,1501545600.0
2017-07-31,936.1,948.3,936.0,943.2,942.0696664266858,41670.0,1680.0,39256043.0,8481.0,20.35,12.3,7.1,1501459200.0
2017-07-28,895.4,936.2,895.4,929.8,925.415717486696,85688.0,4232.0,79297022.0,18664.0,21.78,40.8,34.4,1501200000.0
2017-07-27,899.15,916.8,891.9,896.6,904.2624099279424,34972.0,2087.0,31623865.0,8860.0,25.33,24.9,-2.55,1501113600.0
2017-07-26,896.9,903.6,893.25,897.3,898.5605188725251,10253.0,1004.0,9212941.0,2893.0,28.22,10.35,0.4,1501027200.0
2017-07-25,907.0,913.7,891.15,895.45,897.7894640737698,10953.0,667.0,9833488.0,3114.0,28.43,22.55,-11.55,1500940800.0
2017-07-24,906.0,907.5,894.2,898.6,900.8519826617434,12458.0,831.0,11222814.0,3660.0,29.38,13.3,-7.4,1500854400.0
2017-07-21,898.1,906.8,893.0,899.1,899.7595041322313,12100.0,467.0,10887090.0,3562.0,29.44,13.8,1.0,1500595200.0
2017-07-20,905.75,908.0,895.0,899.05,900.5501800180018,17776.0,883.0,16008180.0,3057.0,17.2,13.0,-6.7,1500508800.0
2017-07-19,880.0,906.0,880.0,903.05,895.9782689038361,13529.0,713.0,12121690.0,3197.0,23.63,26.0,23.05,1500422400.0
2017-07-18,900.2,910.8,880.55,888.15,891.3209213809943,55699.0,1060.0,49645684.0,40000.0,71.81,30.25,-12.05,1500336000.0
2017-07-17,909.0,917.85,896.7,900.2,907.935761295272,24767.0,1036.0,22486845.0,6049.0,24.42,21.15,-8.8,1500249600.0
2017-07-14,869.3,909.95,864.65,904.75,892.9456777942224,54729.0,2081.0,48870024.0,12040.0,22.0,45.3,35.45,1499990400.0
2017-07-13,875.2,876.75,864.65,866.8,869.8174212140931,21514.0,796.0,18713252.0,8475.0,39.39,12.1,-8.4,1499904000.0
2017-07-12,863.0,875.0,860.45,872.55,867.18166340879,63436.0,1038.0,55010536.0,54063.0,85.22,14.55,9.55,1499817600.0
2017-07-11,878.25,878.25,860.5,862.15,866.9498958716158,8163.0,758.0,7076912.0,2812.0,34.45,17.75,-16.1,1499731200.0
2017-07-10,875.0,880.0,864.8,874.0,876.2409147164717,35552.0,4992.0,31152117.0,15990.0,44.98,15.2,-1.0,1499644800.0
2017-07-07,869.0,881.35,864.85,872.25,875.6146460303813,13956.0,734.0,12220078.0,4423.0,31.69,16.5,3.25,1499385600.0
2017-07-06,877.65,880.0,865.45,868.7,870.620700264599,16251.0,845.0,14148457.0,4505.0,27.72,14.55,-8.95,1499299200.0
2017-07-05,873.95,878.2,871.2,874.95,874.6572664876156,13404.0,750.0,11723906.0,3728.0,27.81,7.0,1.0,1499212800.0
2017-07-04,875.9,885.45,870.4,872.15,876.2154364930685,10676.0,547.0,9354476.0,1992.0,18.66,15.05,-3.75,1499126400.0
2017-07-03,871.5,878.0,864.3,875.4,871.8861743857958,14531.0,600.0,12669378.0,1631.0,11.22,13.7,3.9,1499040000.0
2017-06-30,870.85,875.0,855.65,871.05,866.1202970780806,20466.0,952.0,17726018.0,3220.0,15.73,19.35,0.2,1498780800.0
2017-06-29,879.55,887.85,860.55,869.1,884.8277794901651,87597.0,1000.0,77508259.0,75399.0,86.07,27.3,-10.45,1498694400.0
2017-06-28,860.35,885.0,848.9,879.1,867.4993507574496,30035.0,1350.0,26055343.0,2178.0,7.25,36.1,18.75,1498608000.0
2017-06-27,870.2,879.95,856.95,864.9,865.344465203176,12846.0,659.0,11116215.0,2060.0,16.04,23.0,-5.3,1498521600.0
2017-06-23,885.15,887.25,853.65,869.6,865.7499547565905,49731.0,2152.0,43054611.0,9610.0,19.32,33.6,-15.55,1498176000.0
2017-06-22,899.0,903.1,875.2,881.3,886.7603516978517,23088.0,868.0,20473523.0,5764.0,24.97,27.9,-17.7,1498089600.0
2017-06-21,886.7,899.8,879.5,898.5,891.3140335024675,14387.0,707.0,12823335.0,1573.0,10.93,20.3,11.8,1498003200.0
2017-06-20,890.15,902.65,884.5,887.6,890.8728748338348,14293.0,575.0,12733246.0,3970.0,27.78,18.15,-2.55,1497916800.0
2017-06-19,889.1,901.0,887.4,899.15,895.4711203897007,10059.0,655.0,9007544.0,3161.0,31.42,13.6,10.05,1497830400.0
2017-06-16,893.0,896.35,878.1,882.4,885.8200509461426,10992.0,484.0,9736934.0,2489.0,22.64,18.25,-10.6,1497571200.0
2017-06-15,891.05,899.2,889.15,892.7,895.0142136634571,15267.0,553.0,13664182.0,4520.0,29.61,10.05,1.65,1497484800.0
2017-06-14,887.1,901.55,887.1,896.55,896.5478453396695,18518.0,727.0,16602273.0,5068.0,27.37,14.45,9.45,1497398400.0
2017-06-13,888.0,905.0,888.0,892.85,896.3773814173501,23043.0,948.0,20655224.0,6053.0,26.27,17.0,4.85,1497312000.0
2017-06-12,900.7,907.0,889.6,895.3,898.8896729645649,13179.0,538.0,11846467.0,3262.0,24.75,17.4,-5.4,1497225600.0
2017-06-09,904.5,905.35,894.95,900.7,900.5525304090249,15867.0,721.0,14289067.0,2685.0,16.92,10.4,-3.8,1496966400.0
2017-06-08,867.0,912.6,867.0,905.4,905.5298063297118,10585.0,440.0,9585033.0,1213.0,11.46,45.6,38.4,1496880000.0
2017-06-07,890.1,915.0,890.1,910.8,905.5410261809504,14247.0,684.0,12901243.0,4517.0,31.7,24.9,20.7,1496793600.0
2017-06-06,902.0,916.35,890.1,893.05,902.6976003639256,17586.0,911.0,15874840.0,5074.0,28.85,26.25,-8.95,1496707200.0
2017-06-05,915.05,923.4,905.3,908.85,910.3783715711864,43674.0,1409.0,39759865.0,17302.0,39.62,18.1,-6.2,1496620800.0
2017-06-02,908.0,920.15,900.0,916.7,911.966354768067,20092.0,1003.0,18323228.0,3437.0,17.11,20.15,8.7,1496361600.0
2017-06-01,918.9,921.6,903.5,908.4,910.788839402672,15268.0,644.0,13905924.0,2476.0,16.22,18.1,-10.5,1496275200.0
2017-05-31,898.0,920.1,894.0,918.0,913.0955403904144,50408.0,2071.0,46027320.0,12777.0,25.35,26.1,20.0,1496188800.0
2017-05-30,889.25,898.55,878.95,893.75,890.0647118301314,14835.0,1158.0,13204110.0,3536.0,23.84,19.6,4.5,1496102400.0
2017-05-29,885.0,903.45,882.0,889.1,891.0486139174008,24746.0,1651.0,22049889.0,5672.0,22.92,21.45,4.1,1496016000.0
2017-05-26,890.0,905.9,887.3,897.85,896.9383805769875,47696.0,1657.0,42780373.0,6274.0,13.15,18.6,7.85,1495756800.0
2017-05-25,880.0,893.95,872.55,888.05,883.4829079307202,65820.0,1978.0,58150845.0,11186.0,16.99,21.4,8.05,1495670400.0
2017-05-24,853.0,880.0,848.4,876.0,867.466116100708,74711.0,3058.0,64809261.0,12401.0,16.6,31.6,23.0,1495584000.0
2017-05-23,885.0,904.1,838.0,850.65,865.4304513556091,181542.0,8493.0,157111975.0,19798.0,10.91,66.1,-34.35,1495497600.0
2017-05-22,880.0,888.0,866.65,883.75,877.2504443030476,91154.0,3939.0,79964887.0,11909.0,13.06,21.35,3.75,1495411200.0
2017-05-19,850.0,889.0,842.6,877.8,869.4851769679148,761720.0,19270.0,662304249.0,162765.0,21.37,46.4,27.8,1495152000.0
2017-05-18,975.0,990.2,812.0,829.8,893.5381210384002,590986.0,18865.0,528068520.0,80255.0,13.58,178.2,-145.2,1495065600.0
2017-05-17,984.0,985.0,973.0,977.4,978.9521263767184,24878.0,989.0,24354371.0,5196.0,20.89,12.0,-6.6,1494979200.0
2017-05-16,994.9,1001.85,976.0,984.05,988.0349127472936,85728.0,2922.0,84702257.0,15219.0,17.75,25.85,-10.85,1494892800.0
2017-05-15,979.0,997.4,979.0,984.15,986.9829607569646,26527.0,821.0,26181697.0,5932.0,22.36,18.4,5.15,1494806400.0
2017-05-12,985.0,990.0,964.6,977.55,978.5191830077472,26977.0,844.0,26397512.0,5810.0,21.54,25.4,-7.45,1494547200.0
2017-05-11,990.0,990.85,977.05,984.1,984.2284433265896,36578.0,1802.0,36001108.0,12719.0,34.77,13.8,-5.9,1494460800.0
2017-05-10,982.0,992.6,976.0,988.3,985.7497233069516,47887.0,1890.0,47204597.0,10215.0,21.33,16.6,6.3,1494374400.0
2017-05-09,984.0,985.7,964.0,971.1,972.3282083924986,40846.0,1309.0,39715718.0,9343.0,22.87,21.7,-12.9,1494288000.0
2017-05-08,945.0,985.2,936.4,979.9,967.18613588215,60891.0,2120.0,58892931.0,10224.0,16.79,48.8,34.9,1494201600.0
2017-05-05,928.05,954.0,928.05,941.9,941.060677558652,22463.0,1150.0,21139046.0,9266.0,41.25,25.95,13.85,1493942400.0
2017-05-04,950.0,956.8,946.05,951.45,951.6496907041776,11801.0,592.0,11230418.0,4099.0,34.73,10.75,1.45,1493856000.0
2017-05-03,957.0,968.95,947.55,950.4,956.010398565715,36255.0,1457.0,34660157.0,8870.0,24.47,21.4,-6.6,1493769600.0
2017-05-02,947.0,962.3,940.5,956.8,953.7629022047288,36331.0,1527.0,34651160.0,10196.0,28.06,21.8,9.8,1493683200.0
2017-04-28,929.0,948.2,921.9,944.2,938.4893886292836,20544.0,979.0,19280326.0,4878.0,23.74,26.3,15.2,1493337600.0
2017-04-27,924.0,933.0,916.5,929.65,926.6106368089572,14290.0,752.0,13241266.0,3529.0,24.7,16.5,5.65,1493251200.0
2017-04-26,938.0,939.0,913.4,924.2,929.1474015634049,27632.0,1241.0,25674201.0,6641.0,24.03,25.6,-13.8,1493164800.0
2017-04-25,912.0,939.7,912.0,928.4,929.9945653052972,61825.0,2475.0,57496914.0,9946.0,16.09,27.7,16.4,1493078400.0
2017-04-24,911.55,924.0,908.8,913.65,916.1289461284748,25468.0,1146.0,23331972.0,7804.0,30.64,15.2,2.1,1492992000.0
2017-04-21,908.95,923.0,899.85,911.55,912.1081546819324,68476.0,2874.0,62457518.0,12858.0,18.78,23.15,2.6,1492732800.0
2017-04-20,893.0,914.05,893.0,898.25,902.875265116279,107500.0,6309.0,97059091.0,46975.0,43.7,21.05,5.25,1492646400.0
2017-04-19,869.7,915.0,863.85,891.85,898.3870410665562,318483.0,12369.0,286121000.0,58434.0,18.35,51.15,22.15,1492560000.0
2017-04-18,855.0,877.85,845.0,859.1,864.3628692424321,95635.0,3939.0,82663343.0,27011.0,28.24,32.85,4.1,1492473600.0
2017-04-17,830.0,843.2,830.0,840.4,837.5388840070298,18208.0,787.0,15249908.0,6005.0,32.98,13.2,10.4,1492387200.0
2017-04-13,834.0,840.45,827.0,829.6,834.3069585952743,13839.0,790.0,11545974.0,3682.0,26.61,13.45,-4.4,1492041600.0
2017-04-12,844.95,845.0,830.0,835.6,837.6574245224892,14607.0,887.0,12235662.0,3438.0,23.54,15.0,-9.35,1491955200.0
2017-04-11,845.0,850.0,838.55,840.85,843.4261574074073,21600.0,1167.0,18218005.0,4119.0,19.07,11.45,-4.15,1491868800.0
2017-04-10,850.9,857.1,840.0,841.9,848.2911959898332,28328.0,1369.0,24030393.0,5739.0,20.26,17.1,-9.0,1491782400.0
2017-04-07,833.3,854.0,833.3,842.95,843.9475889033699,32226.0,1693.0,27197055.0,11542.0,35.82,20.7,9.65,1491523200.0
2017-04-06,848.0,849.0,830.0,837.05,836.1142840954161,35298.0,1406.0,29513162.0,14968.0,42.4,19.0,-10.95,1491436800.0
2017-04-05,866.0,866.0,845.55,848.45,854.6632302405498,23280.0,1406.0,19896560.0,8290.0,35.61,20.45,-17.55,1491350400.0
2017-04-03,862.0,862.0,835.15,857.75,850.7858889365027,39671.0,1773.0,33751527.0,16392.0,41.32,26.85,-4.25,1491177600.0
2017-03-31,859.0,862.0,838.4,840.8,852.2111844610893,110278.0,2143.0,93980145.0,79270.0,71.88,23.6,-18.2,1490918400.0
2017-03-30,835.95,845.0,827.65,840.15,834.5848372370835,23439.0,1030.0,19561834.0,7807.0,33.31,17.35,4.2,1490832000.0
2017-03-29,837.9,837.9,824.0,831.65,830.7619449298068,16597.0,636.0,13788156.0,5202.0,31.34,13.9,-6.25,1490745600.0
2017-03-28,825.0,833.95,822.0,829.9,828.5454906240698,10079.0,393.0,8350910.0,2959.0,29.36,11.95,4.9,1490659200.0
2017-03-27,828.0,829.95,819.0,822.5,824.2201248833704,13933.0,796.0,11483859.0,3774.0,27.09,10.95,-5.5,1490572800.0
2017-03-24,833.45,838.35,824.4,827.85,830.3502125649504,10585.0,647.0,8789257.0,1720.0,16.25,13.95,-5.6,1490313600.0
2017-03-23,833.0,839.0,830.05,833.15,833.8190970583609,6357.0,460.0,5300588.0,1475.0,23.2,8.95,0.15,1490227200.0
2017-03-22,838.0,849.25,829.0,832.3,839.2243343727512,16676.0,1149.0,13994905.0,3718.0,22.3,20.25,-5.7,1490140800.0
2017-03-21,833.0,858.0,833.0,837.8,845.0020689955571,45916.0,2400.0,38799115.0,7927.0,17.26,25.0,4.8,1490054400.0
2017-03-20,831.5,840.0,820.8,830.75,826.9964025695931,11675.0,672.0,9655183.0,1659.0,14.21,19.2,-0.75,1489968000.0
2017-03-17,840.0,846.4,826.0,830.85,833.8805422364293,16893.0,922.0,14086744.0,4193.0,24.82,20.4,-9.15,1489708800.0
2017-03-16,825.35,844.5,820.8,838.85,833.2220423492845,30886.0,1396.0,25734896.0,10202.0,33.03,23.7,13.5,1489622400.0
2017-03-15,822.45,830.35,817.05,819.7,824.0805402001259,14291.0,840.0,11776935.0,3071.0,21.49,13.3,-2.75,1489536000.0
2017-03-14,818.0,828.5,800.1,821.0,817.6171092252943,36530.0,1902.0,29867553.0,6069.0,16.61,28.4,3.0,1489449600.0
2017-03-10,816.0,817.5,793.0,795.65,803.430294689119,12352.0,767.0,9923971.0,3929.0,31.81,24.5,-20.35,1489104000.0
2017-03-09,809.85,818.85,804.2,811.1,814.1798759131392,19986.0,1075.0,16272199.0,7972.0,39.89,14.65,1.25,1489017600.0
2017-03-08,814.0,822.0,804.6,810.5,812.4970790736489,9586.0,536.0,7788597.0,2757.0,28.76,17.4,-3.5,1488931200.0
2017-03-07,828.0,832.0,814.05,818.75,820.3634534111491,9938.0,689.0,8152772.0,2733.0,27.5,17.95,-9.25,1488844800.0
2017-03-06,822.0,831.0,814.35,826.2,825.1866844516614,17243.0,1107.0,14228694.0,3223.0,18.69,16.65,4.2,1488758400.0
2017-03-03,808.0,830.4,803.1,823.3,823.7007324544494,433201.0,1947.0,356827981.0,7453.0,1.72,27.3,15.3,1488499200.0
2017-03-02,833.05,836.2,806.65,811.05,820.2945119254193,29391.0,1485.0,24109276.0,8215.0,27.95,29.55,-22.0,1488412800.0
2017-03-01,840.8,845.65,819.35,827.65,830.7327173733707,12122.0,762.0,10070142.0,2807.0,23.16,26.3,-13.15,1488326400.0
2017-02-28,843.0,848.4,833.0,840.75,840.9961399897065,11658.0,690.0,9804333.0,2960.0,25.39,15.4,-2.25,1488240000.0
2017-02-27,856.25,859.65,839.05,843.7,849.6320716730419,19868.0,1109.0,16880490.0,6623.0,33.34,20.6,-12.55,1488153600.0
2017-02-23,865.0,865.0,851.25,856.25,855.9233443519889,17546.0,688.0,15018031.0,4845.0,27.61,13.75,-8.75,1487808000.0
2017-02-22,875.0,886.3,870.9,873.15,877.7525178137813,25121.0,1164.0,22050021.0,4018.0,15.99,15.4,-1.85,1487721600.0
2017-02-21,866.0,879.0,862.05,875.05,872.6125941136208,30681.0,1544.0,26772627.0,3814.0,12.43,16.95,9.05,1487635200.0
2017-02-20,860.0,870.95,853.7,866.15,864.1787647157284,17923.0,780.0,15488676.0,5009.0,27.95,17.25,6.15,1487548800.0
2017-02-17,856.1,873.8,855.0,859.8,863.5929222597085,41793.0,1881.0,36092139.0,10210.0,24.43,18.8,3.7,1487289600.0
2017-02-16,847.5,861.0,840.2,854.75,850.2439833613944,20194.0,980.0,17169827.0,4269.0,21.14,20.8,7.25,1487203200.0
2017-02-15,854.0,859.8,838.65,847.7,847.6072247273092,39697.0,1965.0,33647464.0,6728.0,16.95,21.15,-6.3,1487116800.0
2017-02-14,868.0,870.15,850.5,856.65,857.0754790674966,40965.0,1934.0,35110097.0,7767.0,18.96,19.65,-11.35,1487030400.0
2017-02-13,850.0,867.5,842.45,865.4,858.0814950081974,75023.0,3943.0,64375848.0,13559.0,18.07,25.05,15.4,1486944000.0
2017-02-10,827.4,849.1,810.0,841.25,829.4408884104862,159791.0,7543.0,132537189.0,18545.0,11.61,39.1,13.85,1486684800.0
2017-02-09,806.0,832.0,805.95,827.4,819.8210885101704,90950.0,3910.0,74562728.0,11829.0,13.01,26.05,21.4,1486598400.0
2017-02-08,806.0,820.45,791.9,806.6,807.5956935714729,80345.0,2805.0,64886276.0,20823.0,25.92,28.55,0.6,1486512000.0
2017-02-07,773.0,812.5,772.0,805.55,797.6192391726053,48973.0,2482.0,39061807.0,9967.0,20.35,40.5,32.55,1486425600.0
2017-02-06,780.0,781.8,765.85,773.0,773.1788364671049,26007.0,1783.0,20108062.0,6780.0,26.07,15.95,-7.0,1486339200.0
2017-02-03,755.0,777.45,749.0,771.9,767.0373427175372,39499.0,1979.0,30297208.0,4571.0,11.57,28.45,16.9,1486080000.0
2017-02-02,766.5,766.95,752.85,760.4,760.6762861769714,24083.0,1563.0,18319367.0,4393.0,18.24,14.1,-6.1,1485993600.0
2017-02-01,732.0,766.45,729.5,763.4,750.60673671199,32360.0,2021.0,24289634.0,8880.0,27.44,36.95,31.4,1485907200.0
2017-01-31,738.25,746.0,730.0,737.8,739.3531775527268,43052.0,1864.0,31830633.0,12904.0,29.97,16.0,-0.45,1485820800.0
2017-01-30,735.05,748.0,722.75,738.25,734.1581297609665,15228.0,1071.0,11179760.0,3714.0,24.39,25.25,3.2,1485734400.0
2017-01-27,733.0,750.3,732.6,735.05,740.2682485597863,56936.0,2805.0,42147913.0,11520.0,20.23,17.7,2.05,1485475200.0
2017-01-25,738.0,742.0,725.0,735.85,733.4924888614349,76087.0,3070.0,55809243.0,13229.0,17.39,17.0,-2.15,1485302400.0
2017-01-24,699.0,743.5,693.1,736.75,729.1430497011546,169151.0,6923.0,123335276.0,23420.0,13.85,50.4,37.75,1485216000.0
2017-01-23,688.4,702.0,688.2,696.65,696.3068555293246,21603.0,1140.0,15042317.0,3984.0,18.44,13.8,8.25,1485129600.0
2017-01-20,684.0,703.0,684.0,687.8,696.469792435337,52851.0,2230.0,36809125.0,7453.0,14.1,19.0,3.8,1484870400.0
2017-01-19,688.0,691.45,681.0,684.5,685.2284910800597,11379.0,648.0,7797215.0,4410.0,38.76,10.45,-3.5,1484784000.0
2017-01-18,680.8,700.05,678.05,687.5,688.897047389068,340817.0,2460.0,234787825.0,298576.0,87.61,22.0,6.7,1484697600.0
2017-01-17,688.0,692.1,677.25,680.3,683.8333448753464,28880.0,1729.0,19749107.0,8941.0,30.96,14.85,-7.7,1484611200.0
2017-01-16,672.75,691.95,671.1,688.55,683.4509043312707,42020.0,2170.0,28718607.0,15208.0,36.19,20.85,15.8,1484524800.0
2017-01-13,664.0,679.2,662.3,674.95,674.817775760611,319480.0,2704.0,215590783.0,282206.0,88.33,16.9,10.95,1484265600.0
2017-01-12,665.95,673.0,661.2,664.95,667.762598986117,30181.0,1483.0,20153743.0,8612.0,28.53,11.8,-1.0,1484179200.0
2017-01-11,657.6,670.0,656.25,667.0,664.3250894384819,38574.0,1985.0,25625676.0,17421.0,45.16,13.75,9.4,1484092800.0
2017-01-10,649.0,661.0,644.0,657.55,657.3527394638947,65323.0,2784.0,42940253.0,34041.0,52.11,17.0,8.55,1484006400.0
2017-01-09,644.0,650.0,638.85,648.55,646.6110350637043,9497.0,621.0,6140865.0,2877.0,30.29,11.15,4.55,1483920000.0
2017-01-06,648.0,651.15,637.2,639.8,643.3984124303328,11842.0,945.0,7619124.0,959.0,8.1,13.95,-8.2,1483660800.0
2017-01-05,648.0,656.0,645.25,647.1,649.2508187247159,15573.0,805.0,10110783.0,1643.0,10.55,10.75,-0.9,1483574400.0
2017-01-04,644.0,655.2,643.2,645.75,648.5874982099384,13966.0,839.0,9058173.0,2675.0,19.15,12.0,1.75,1483488000.0
2017-01-03,645.0,649.0,638.55,644.2,643.3719291377117,10217.0,576.0,6573331.0,1865.0,18.25,10.45,-0.8,1483401600.0
2017-01-02,637.0,650.0,637.0,645.1,645.7962250648537,11179.0,590.0,7219356.0,2762.0,24.71,13.0,8.1,1483315200.0
2016-12-30,639.0,645.0,633.95,636.75,638.2720063929186,16268.0,832.0,10383409.0,3122.0,19.19,11.05,-2.25,1483056000.0
2016-12-29,633.0,639.8,630.15,637.1,635.6015268442453,12051.0,812.0,7659634.0,3538.0,29.36,9.65,4.1,1482969600.0
2016-12-28,630.0,643.15,627.25,631.95,635.2352941176471,38828.0,1689.0,24664916.0,6212.0,16.0,15.9,1.95,1482883200.0
2016-12-27,604.3,630.0,604.3,627.65,618.9620026821636,11185.0,900.0,6923090.0,2579.0,23.06,25.7,23.35,1482796800.0
2016-12-26,621.6,621.6,601.35,609.75,610.2333023502855,7531.0,786.0,4595667.0,1144.0,15.19,20.25,-11.85,1482710400.0
2016-12-23,612.85,625.7,609.9,618.85,616.1903620234956,4171.0,476.0,2570130.0,1107.0,26.54,15.8,6.0,1482451200.0
2016-12-22,616.0,619.15,608.25,614.3,613.5541037909459,5434.0,496.0,3334053.0,1280.0,23.56,10.9,-1.7,1482364800.0
2016-12-21,630.0,630.0,621.0,622.2,624.8361597374179,7312.0,817.0,4568802.0,2881.0,39.4,9.0,-7.8,1482278400.0
2016-12-20,629.95,636.0,618.0,621.15,628.9234811165845,21315.0,1172.0,13405504.0,4467.0,20.96,18.0,-8.8,1482192000.0
2016-12-19,623.3,634.95,621.0,627.45,630.1612359119833,13043.0,862.0,8219193.0,2462.0,18.88,13.95,4.15,1482105600.0
2016-12-16,629.0,631.0,619.35,625.15,624.5916929074824,6669.0,586.0,4165402.0,1421.0,21.31,11.65,-3.85,1481846400.0
2016-12-15,616.7,629.75,608.6,626.35,623.2477269101929,18807.0,1445.0,11721420.0,4435.0,23.58,21.15,9.65,1481760000.0
2016-12-14,628.95,631.0,613.05,616.75,619.4653567735264,16439.0,842.0,10183391.0,4435.0,26.98,17.95,-12.2,1481673600.0
2016-12-13,625.0,638.3,621.0,626.7,627.7282535985928,80726.0,2108.0,50673991.0,43691.0,54.12,17.3,1.7,1481587200.0
2016-12-12,622.0,633.35,610.0,622.2,623.8493518791028,78149.0,3690.0,48753203.0,5065.0,6.48,23.35,0.2,1481500800.0
2016-12-09,596.5,628.9,594.8,623.5,618.3903801032379,42620.0,2432.0,26355798.0,9888.0,23.2,34.1,27.0,1481241600.0
2016-12-08,596.65,598.0,590.0,595.0,593.9342195422776,7297.0,515.0,4333938.0,1536.0,21.05,8.0,-1.65,1481155200.0
2016-12-07,590.1,596.85,582.25,588.3,589.1727148236905,5842.0,560.0,3441947.0,734.0,12.56,14.6,-1.8,1481068800.0
2016-12-06,582.0,595.7,582.0,587.95,590.2907756548145,7903.0,551.0,4665068.0,2515.0,31.82,13.7,5.95,1480982400.0
2016-12-05,576.0,585.3,570.0,580.2,580.6287537537538,7992.0,619.0,4640385.0,1972.0,24.67,15.3,4.2,1480896000.0
2016-12-02,595.55,595.55,575.5,578.55,582.9755808274612,14333.0,980.0,8355789.0,3243.0,22.63,20.05,-17.0,1480636800.0
2016-12-01,586.95,604.75,585.8,594.85,599.7399596000151,557921.0,2443.0,334607518.0,522649.0,93.68,18.95,7.9,1480550400.0
2016-11-30,589.3,590.6,581.05,586.3,587.6819277108434,8300.0,722.0,4877760.0,2068.0,24.92,9.55,-3.0,1480464000.0
2016-11-29,586.75,593.0,582.05,585.25,588.6777326262139,14519.0,1157.0,8547012.0,2720.0,18.73,10.95,-1.5,1480377600.0
2016-11-28,578.5,588.9,574.0,585.4,583.4249415128672,15388.0,931.0,8977743.0,3060.0,19.89,14.9,6.9,1480291200.0
2016-11-25,572.0,578.0,567.5,574.25,573.330574912892,6888.0,468.0,3949101.0,1671.0,24.26,10.5,2.25,1480032000.0
2016-11-24,565.0,576.75,555.45,571.4,566.8432305336833,18288.0,1342.0,10366429.0,1501.0,8.21,21.3,6.4,1479945600.0
2016-11-23,575.0,581.5,565.95,568.2,570.5459735576923,9984.0,672.0,5696331.0,2579.0,25.83,15.55,-6.8,1479859200.0
2016-11-22,582.4,585.35,565.0,574.5,572.9859873713347,11561.0,876.0,6624291.0,2791.0,24.14,20.35,-7.9,1479772800.0
2016-11-21,594.15,595.6,575.0,579.8,580.9922880048814,58999.0,1651.0,34277964.0,31699.0,53.73,20.6,-14.35,1479686400.0
2016-11-18,594.3,604.7,591.3,595.25,596.7140255009107,6588.0,650.0,3931152.0,1237.0,18.78,13.4,0.95,1479427200.0
2016-11-17,590.05,597.65,585.5,592.9,589.0351797325482,32604.0,600.0,19204903.0,27125.0,83.2,12.15,2.85,1479340800.0
2016-11-16,589.0,600.0,578.0,589.65,587.6762350272875,14109.0,832.0,8291524.0,4188.0,29.68,22.0,0.65,1479254400.0
2016-11-15,593.75,593.95,567.35,580.35,581.3723860075462,15637.0,842.0,9090920.0,4146.0,26.51,26.6,-13.4,1479168000.0
2016-11-11,609.0,622.5,588.1,595.7,607.2723172199742,68949.0,3085.0,41870819.0,12688.0,18.4,34.4,-13.3,1478822400.0
2016-11-10,592.75,598.05,589.05,594.4,593.2853182256508,8296.0,696.0,4921895.0,2512.0,30.28,9.0,1.65,1478736000.0
2016-11-09,576.0,590.6,539.1,584.2,572.7546272297607,32795.0,1399.0,18783488.0,10136.0,30.91,51.5,8.2,1478649600.0
2016-11-08,595.0,605.05,581.75,598.55,592.6255338797184,25989.0,1236.0,15401745.0,3916.0,15.07,23.3,3.55,1478563200.0
2016-11-07,591.0,599.95,587.4,596.9,594.814757696186,16859.0,762.0,10027982.0,9088.0,53.91,12.55,5.9,1478476800.0
2016-11-04,586.55,595.2,578.5,585.9,586.8933455757985,20693.0,996.0,12144584.0,3529.0,17.05,16.7,-0.65,1478217600.0
2016-11-03,623.1,628.15,570.2,591.2,588.2889015791884,176863.0,7518.0,104046540.0,24597.0,13.91,57.95,-31.9,1478131200.0
2016-11-02,626.0,631.35,616.85,624.95,625.6864655475995,17038.0,1030.0,10660446.0,6021.0,35.34,14.5,-1.05,1478044800.0
2016-11-01,630.0,633.95,625.15,628.0,629.6803947849397,16414.0,915.0,10335574.0,6841.0,41.68,8.8,-2.0,1477958400.0
2016-10-30,633.0,640.0,625.0,630.6,630.6495726495726,2106.0,126.0,1328148.0,1381.0,65.57,15.0,-2.4,1477785600.0
2016-10-28,612.35,632.4,609.5,627.2,622.8015395971738,18966.0,1090.0,11812054.0,5927.0,31.25,22.9,14.85,1477612800.0
2016-10-27,597.2,620.0,595.0,615.45,610.9798648366195,14353.0,836.0,8769394.0,4210.0,29.33,25.0,18.25,1477526400.0
2016-10-26,612.6,615.5,598.0,602.9,605.8716128473725,11551.0,679.0,6998423.0,4632.0,40.1,17.5,-9.7,1477440000.0
2016-10-25,614.0,620.5,607.65,616.45,616.4632649146365,10426.0,387.0,6427246.0,3655.0,35.06,12.85,2.45,1477353600.0
2016-10-24,619.0,620.7,610.55,615.65,614.7327423167849,8460.0,503.0,5200639.0,2708.0,32.01,10.15,-3.35,1477267200.0
2016-10-21,613.0,620.35,608.5,615.1,615.1704183535761,18525.0,771.0,11396032.0,2987.0,16.12,11.85,2.1,1477008000.0
2016-10-20,613.25,621.55,608.5,613.6,615.8093809980807,16672.0,826.0,10266774.0,4658.0,27.94,13.05,0.35,1476921600.0
2016-10-19,603.55,617.85,603.55,613.1,613.1417723282709,14354.0,645.0,8801037.0,4176.0,29.09,14.3,9.55,1476835200.0
2016-10-18,595.0,606.5,595.0,603.95,602.5706434481906,16194.0,783.0,9758029.0,4005.0,24.73,11.5,8.95,1476748800.0
2016-10-17,600.05,601.85,592.1,594.7,595.0628809062881,13947.0,676.0,8299342.0,3576.0,25.64,9.75,-5.35,1476662400.0
2016-10-14,602.0,606.6,592.15,602.35,600.7658988482724,23964.0,1110.0,14396754.0,4410.0,18.4,14.45,0.35,1476403200.0
2016-10-13,625.3,625.3,596.4,600.75,607.6228423559855,34007.0,1473.0,20663430.0,11101.0,32.64,28.9,-24.55,1476316800.0
2016-10-10,631.0,643.2,617.85,625.3,631.9937025316456,31600.0,1361.0,19971001.0,7805.0,24.7,25.35,-5.7,1476057600.0
2016-10-07,621.25,634.65,621.25,629.5,629.0491129598076,29931.0,1188.0,18828069.0,9015.0,30.12,13.4,8.25,1475798400.0
2016-10-06,615.0,628.7,609.8,623.6,620.0884396715097,47490.0,1535.0,29448000.0,6841.0,14.41,18.9,8.6,1475712000.0
2016-10-05,632.0,635.0,611.0,614.2,621.474966099927,19174.0,875.0,11916161.0,5856.0,30.54,24.0,-17.8,1475625600.0
2016-10-04,630.0,638.0,626.75,632.45,632.1544198359915,30974.0,1039.0,19580351.0,4439.0,14.33,11.25,2.45,1475539200.0
2016-10-03,619.95,630.0,616.8,625.05,623.3900076863952,19515.0,982.0,12165456.0,3723.0,19.08,13.2,5.1,1475452800.0
2016-09-30,610.0,618.0,599.7,613.15,609.38044078518,19919.0,667.0,12138249.0,4289.0,21.53,18.3,3.15,1475193600.0
2016-09-29,622.0,632.0,600.7,605.75,616.9198437682173,17154.0,944.0,10582643.0,2083.0,12.14,31.3,-16.25,1475107200.0
2016-09-28,617.0,626.2,607.9,622.85,617.1804295268297,63698.0,1716.0,39313159.0,19046.0,29.9,18.3,5.85,1475020800.0
2016-09-27,640.0,649.0,615.0,618.45,631.6040002496256,32048.0,1446.0,20241645.0,9470.0,29.55,34.0,-21.55,1474934400.0
2016-09-26,645.0,646.45,638.25,639.1,641.0776046114432,9368.0,566.0,6005615.0,3752.0,40.05,8.2,-5.9,1474848000.0
2016-09-23,647.75,651.0,643.1,645.25,646.3732885559288,7742.0,392.0,5004222.0,1577.0,20.37,7.9,-2.5,1474588800.0
2016-09-22,649.95,654.0,639.9,643.5,643.9616940922579,7414.0,374.0,4774332.0,2343.0,31.6,14.1,-6.45,1474502400.0
2016-09-21,639.55,651.0,638.0,643.0,646.0241202596516,14635.0,1036.0,9454563.0,5834.0,39.86,13.0,3.45,1474416000.0
2016-09-20,646.0,651.0,639.6,642.15,642.5789838628341,15864.0,749.0,10193873.0,4869.0,30.69,11.4,-3.85,1474329600.0
2016-09-19,653.1,659.3,646.15,647.55,649.8401109057301,15148.0,739.0,9843778.0,6141.0,40.54,13.15,-5.55,1474243200.0
2016-09-16,655.0,663.5,649.65,653.1,657.1190712442944,15117.0,853.0,9933669.0,4008.0,26.51,13.85,-1.9,1473984000.0
2016-09-15,655.1,673.95,645.1,648.4,660.1214428424861,55557.0,2327.0,36674367.0,9509.0,17.12,28.85,-6.7,1473897600.0
2016-09-14,640.0,663.5,636.6,655.1,651.1184635521122,94738.0,3402.0,61685661.0,8025.0,8.47,26.9,15.1,1473811200.0
2016-09-12,630.0,647.5,627.45,638.1,634.0173080464002,16293.0,752.0,10330044.0,3418.0,20.98,20.05,8.1,1473638400.0
2016-09-09,671.05,681.75,631.45,641.7,657.8058461940884,45876.0,1826.0,30177501.0,15661.0,34.14,50.3,-29.35,1473379200.0
2016-09-08,670.0,673.5,664.1,670.65,668.6302959683057,21455.0,958.0,14345463.0,8520.0,39.71,9.4,0.65,1473292800.0
2016-09-07,672.25,681.0,671.0,672.0,675.2215342796737,13244.0,556.0,8942634.0,2133.0,16.11,10.0,-0.25,1473206400.0
2016-09-06,677.0,678.6,667.5,671.3,671.8515634081134,8603.0,445.0,5779939.0,2311.0,26.86,11.1,-5.7,1473120000.0
2016-09-02,662.0,677.0,662.0,674.35,673.1579068695252,21690.0,899.0,14600795.0,3765.0,17.36,15.0,12.35,1472774400.0
2016-09-01,667.0,683.45,657.75,660.6,672.9397608762055,45834.0,1795.0,30843521.0,6783.0,14.8,25.7,-6.4,1472688000.0
2016-08-31,655.0,669.0,655.0,666.85,663.1711700506825,32161.0,1151.0,21328248.0,6871.0,21.36,14.0,11.85,1472601600.0
2016-08-30,653.0,658.0,650.9,654.0,654.6134585516671,68893.0,708.0,45098285.0,60249.0,87.45,7.1,1.0,1472515200.0
2016-08-29,652.0,652.95,646.05,649.9,649.9587862318841,4416.0,246.0,2870218.0,1347.0,30.5,6.9,-2.1,1472428800.0
2016-08-26,657.0,665.0,649.25,652.7,656.4230680079737,21571.0,744.0,14159702.0,9733.0,45.12,15.75,-4.3,1472169600.0
2016-08-25,653.1,659.8,649.5,657.4,654.8306677658697,6065.0,552.0,3971548.0,2023.0,33.36,10.3,4.3,1472083200.0
2016-08-24,648.75,652.6,647.25,651.2,650.9991301406272,20693.0,554.0,13471125.0,13271.0,64.13,5.35,2.45,1471996800.0
2016-08-23,653.05,659.45,648.25,652.65,653.8198153967007,20368.0,894.0,13317002.0,8195.0,40.23,11.2,-0.4,1471910400.0
2016-08-22,658.55,659.45,647.5,654.2,653.3956059944711,6873.0,504.0,4490788.0,1092.0,15.89,11.95,-4.35,1471824000.0
2016-08-19,655.0,663.4,655.0,659.6,658.592481035252,8964.0,369.0,5903623.0,3064.0,34.18,8.4,4.6,1471564800.0
2016-08-18,654.0,657.95,648.0,654.8,654.3643497757848,8920.0,405.0,5836930.0,1760.0,19.73,9.95,0.8,1471478400.0
2016-08-17,651.0,656.0,645.65,651.75,651.0232516058988,11053.0,574.0,7195760.0,2625.0,23.75,10.35,0.75,1471392000.0
2016-08-16,639.0,654.0,639.0,650.7,648.3999451001922,14572.0,733.0,9448484.0,4084.0,28.03,15.0,11.7,1471305600.0
2016-08-12,630.0,643.5,630.0,639.2,639.6510850730258,24238.0,972.0,15503863.0,5359.0,22.11,13.5,9.2,1470960000.0
2016-08-11,623.6,634.75,621.95,629.65,629.4597693985664,16045.0,714.0,10099682.0,2634.0,16.42,12.8,6.05,1470873600.0
2016-08-10,626.0,637.1,620.55,625.3,628.2912812064377,15782.0,618.0,9915693.0,2997.0,18.99,16.55,-0.7,1470787200.0
2016-08-09,625.0,638.2,620.75,626.55,631.1566095986528,32067.0,1466.0,20239299.0,7066.0,22.04,17.45,1.55,1470700800.0
2016-08-08,617.6,629.0,615.5,626.4,625.158940397351,24764.0,819.0,15481436.0,7139.0,28.83,13.5,8.8,1470614400.0
2016-08-05,612.0,620.0,610.0,616.6,616.987093980078,11545.0,583.0,7123116.0,1705.0,14.77,10.0,4.6,1470355200.0
2016-08-04,602.0,615.5,595.0,610.4,608.7867529501332,13135.0,770.0,7996414.0,2358.0,17.95,20.5,8.4,1470268800.0
2016-08-03,606.0,609.55,595.2,600.35,599.6890582291063,12073.0,515.0,7240046.0,2312.0,19.15,14.35,-5.65,1470182400.0
2016-08-02,615.0,617.5,602.85,604.45,607.3250852496284,11437.0,464.0,6945977.0,4288.0,37.49,14.65,-10.55,1470096000.0
2016-08-01,613.75,624.0,608.5,614.2,614.7638151425762,10170.0,598.0,6252148.0,2579.0,25.36,15.5,0.45,1470009600.0
2016-07-29,628.0,631.5,611.1,612.1,612.8162931392268,125292.0,728.0,76780979.0,116188.0,92.73,20.4,-15.9,1469750400.0
2016-07-28,609.0,630.45,606.85,628.05,617.7023733162284,17149.0,857.0,10592978.0,5007.0,29.2,23.6,19.05,1469664000.0
2016-07-27,611.25,618.5,605.0,609.2,610.7590579710145,18216.0,1000.0,11125587.0,2803.0,15.39,13.5,-2.05,1469577600.0
2016-07-26,615.3,634.65,607.0,611.65,624.7484445397984,46610.0,1727.0,29119525.0,8969.0,19.24,27.65,-3.65,1469491200.0
2016-07-25,606.5,619.0,599.05,615.3,610.4050830279879,12827.0,605.0,7829666.0,3986.0,31.08,19.95,8.8,1469404800.0
2016-07-22,592.85,612.0,587.0,605.4,602.9268542782272,17554.0,967.0,10583778.0,2910.0,16.58,25.0,12.55,1469145600.0
2016-07-21,604.95,607.05,593.0,594.75,600.2381444482719,8709.0,473.0,5227474.0,1979.0,22.72,14.05,-10.2,1469059200.0
2016-07-20,608.0,612.0,602.1,604.95,606.2722874913615,5788.0,531.0,3509104.0,2050.0,35.42,9.9,-3.05,1468972800.0
2016-07-19,610.0,615.8,603.3,609.25,610.1601361513495,25266.0,1103.0,15416306.0,6609.0,26.16,12.5,-0.75,1468886400.0
2016-07-18,587.95,609.7,584.7,601.0,602.2056373613359,25331.0,1316.0,15254471.0,6604.0,26.07,25.0,13.05,1468800000.0
2016-07-15,597.95,598.0,580.5,584.7,587.9734523533504,8626.0,661.0,5071859.0,2050.0,23.77,17.5,-13.25,1468540800.0
2016-07-14,598.0,606.1,590.5,598.25,595.8443079829948,10585.0,673.0,6307012.0,2782.0,26.28,15.6,0.25,1468454400.0
2016-07-13,603.1,607.65,594.05,598.9,599.0280216070223,14810.0,890.0,8871605.0,3146.0,21.24,13.6,-4.2,1468368000.0
2016-07-12,605.05,614.1,600.65,604.35,606.3327702702703,5328.0,333.0,3230541.0,1563.0,29.34,13.45,-0.7,1468281600.0
2016-07-11,606.5,616.5,606.1,609.0,610.3928263988522,10455.0,633.0,6381657.0,2662.0,25.46,10.4,2.5,1468195200.0
2016-07-08,613.0,619.35,604.65,609.35,611.661021940804,13582.0,999.0,8307580.0,3782.0,27.85,14.7,-3.65,1467936000.0
2016-07-07,607.0,616.0,606.25,611.05,612.3488192713896,16854.0,836.0,10320527.0,1991.0,11.81,9.75,4.05,1467849600.0
2016-07-05,615.1,618.0,602.0,604.7,609.3875430235637,15108.0,670.0,9206627.0,3406.0,22.54,16.0,-10.4,1467676800.0
2016-07-04,602.45,619.0,598.0,616.55,611.5951349431817,28160.0,1233.0,17222519.0,8230.0,29.23,21.0,14.1,1467590400.0
2016-07-01,598.85,606.0,595.6,597.95,600.2545408422121,19710.0,968.0,11831017.0,4298.0,21.81,10.4,-0.9,1467331200.0
2016-06-30,586.5,599.0,586.0,596.35,594.306085861033,20638.0,1270.0,12265289.0,4732.0,22.93,13.0,9.85,1467244800.0
2016-06-29,584.0,588.5,581.25,584.3,584.8694936187732,12145.0,701.0,7103240.0,1826.0,15.03,7.25,0.3,1467158400.0
2016-06-28,579.05,587.2,575.85,584.65,581.1958121605046,11414.0,1117.0,6633769.0,3486.0,30.54,11.35,5.6,1467072000.0
2016-06-27,575.0,582.0,573.5,579.75,579.5770998337733,20454.0,1148.0,11854670.0,2167.0,10.59,8.5,4.75,1466985600.0
2016-06-24,567.1,579.15,547.65,575.5,563.4856453558504,24870.0,1456.0,14013888.0,7603.0,30.57,31.5,8.4,1466726400.0
2016-06-23,573.95,576.6,567.3,569.4,570.2300076893503,10404.0,688.0,5932673.0,1950.0,18.74,9.3,-4.55,1466640000.0
2016-06-22,585.2,592.15,573.1,576.45,582.8270683395962,78505.0,3477.0,45754839.0,16175.0,20.6,19.05,-8.75,1466553600.0
2016-06-21,577.35,584.0,567.75,581.95,574.6948673410305,29361.0,1639.0,16873616.0,9447.0,32.18,16.25,4.6,1466467200.0
2016-06-20,580.0,580.0,575.5,577.95,577.8035080804099,5074.0,381.0,2931775.0,1643.0,32.38,4.5,-2.05,1466380800.0
2016-06-17,587.0,588.05,577.15,581.6,582.7142152371555,14189.0,936.0,8268132.0,3920.0,27.63,10.9,-5.4,1466121600.0
2016-06-16,582.05,588.0,573.45,579.7,582.0927630647217,28244.0,1581.0,16440628.0,5713.0,20.23,14.55,-2.35,1466035200.0
2016-06-15,560.0,582.0,554.0,577.9,571.8922606675633,40895.0,1725.0,23387534.0,13518.0,33.06,28.0,17.9,1465948800.0
2016-06-14,552.65,558.05,550.3,553.05,553.5149900539926,14076.0,660.0,7791277.0,3255.0,23.12,7.75,0.4,1465862400.0
2016-06-13,561.1,563.3,548.7,552.65,555.1013847275083,37047.0,1794.0,20564841.0,11964.0,32.29,14.6,-8.45,1465776000.0
2016-06-10,558.3,565.95,557.85,565.2,563.2518336693843,34221.0,1379.0,19275041.0,8860.0,25.89,8.1,6.9,1465516800.0
2016-06-09,558.0,563.25,555.7,557.25,558.5383309506791,11192.0,588.0,6251161.0,4376.0,39.1,7.55,-0.75,1465430400.0
2016-06-08,556.6,564.9,550.0,556.2,554.5379567321061,17981.0,1286.0,9971147.0,1244.0,6.92,14.9,-0.4,1465344000.0
2016-06-07,568.5,568.5,550.85,555.15,556.20692679815,37622.0,1825.0,20925617.0,12573.0,33.42,17.65,-13.35,1465257600.0
2016-06-06,545.0,565.0,545.0,561.95,561.6561236891941,35379.0,1554.0,19870832.0,7449.0,21.05,20.0,16.95,1465171200.0
2016-06-03,541.0,559.0,541.0,549.3,552.5653993435449,36560.0,1464.0,20201791.0,9908.0,27.1,18.0,8.3,1464912000.0
2016-06-02,538.15,542.05,531.35,538.15,537.5856366107839,17656.0,1111.0,9491612.0,3013.0,17.07,10.7,0.0,1464825600.0
2016-06-01,543.0,548.5,539.6,543.2,544.9120670261045,25781.0,1075.0,14048378.0,12108.0,46.96,8.9,0.2,1464739200.0
2016-05-31,556.05,558.9,543.5,544.9,549.39182374541,20425.0,1108.0,11221328.0,5842.0,28.6,15.4,-11.15,1464652800.0
2016-05-30,560.0,562.3,552.5,556.2,556.5920471281296,10185.0,1203.0,5668890.0,3975.0,39.03,9.8,-3.8,1464566400.0
2016-05-27,558.5,567.0,556.2,561.8,560.8758883396713,154361.0,1624.0,86577363.0,124168.0,80.44,10.8,3.3,1464307200.0
2016-05-26,559.0,562.65,555.0,558.95,557.9117714285713,144375.0,1245.0,80548512.0,127526.0,88.33,7.65,-0.05,1464220800.0
2016-05-25,564.8,567.75,553.85,559.1,560.3931221719457,16575.0,978.0,9288516.0,2546.0,15.36,13.9,-5.7,1464134400.0
2016-05-24,566.0,577.25,557.5,561.2,569.275548658834,31577.0,1802.0,17976014.0,6685.0,21.17,19.75,-4.8,1464048000.0
2016-05-23,560.0,574.0,547.5,567.1,562.9599762502362,37053.0,2521.0,20859356.0,6407.0,17.29,26.5,7.1,1463961600.0
2016-05-20,555.0,560.9,549.5,554.05,555.2880901287554,35416.0,1834.0,19666083.0,7054.0,19.92,11.4,-0.95,1463702400.0
2016-05-19,547.0,554.7,535.95,551.6,547.5277963831212,138849.0,5861.0,76023687.0,13903.0,10.01,18.75,4.6,1463616000.0
2016-05-18,540.0,555.5,535.45,546.8,549.5348175510408,40066.0,1831.0,22017662.0,6375.0,15.91,20.05,6.8,1463529600.0
2016-05-17,537.5,542.7,535.35,538.2,539.8479412536061,19065.0,1093.0,10292201.0,4930.0,25.86,7.35,0.7,1463443200.0
2016-05-16,543.65,544.8,532.5,534.6,537.212799554152,10766.0,613.0,5783633.0,2675.0,24.85,12.3,-9.05,1463356800.0
2016-05-13,534.35,545.0,534.0,542.75,541.5367242012486,10892.0,712.0,5898418.0,3095.0,28.42,11.0,8.4,1463097600.0
2016-05-12,535.0,540.1,528.85,535.3,534.0754759746146,8824.0,693.0,4712682.0,954.0,10.81,11.25,0.3,1463011200.0
2016-05-11,530.0,539.6,526.0,532.8,532.4408275862069,10875.0,642.0,5790294.0,2382.0,21.9,13.6,2.8,1462924800.0
2016-05-10,539.0,546.0,532.35,534.65,538.2705708370305,16905.0,1019.0,9099464.0,3818.0,22.59,13.65,-4.35,1462838400.0
2016-05-09,547.6,548.55,535.5,538.35,540.8886158029597,19123.0,961.0,10343413.0,3978.0,20.8,13.05,-9.25,1462752000.0
2016-05-06,525.2,548.0,520.0,542.4,533.9985031807408,24051.0,1625.0,12843198.0,3786.0,15.74,28.0,17.2,1462492800.0
2016-05-05,533.45,533.45,520.5,524.8,525.5482359976081,10034.0,634.0,5273351.0,820.0,8.17,12.95,-8.65,1462406400.0
2016-05-04,534.8,542.0,525.2,529.95,535.8330987154671,11366.0,607.0,6090279.0,1888.0,16.61,16.8,-4.85,1462320000.0
2016-05-03,541.1,550.55,532.25,534.8,541.1478392223828,15226.0,992.0,8239517.0,3148.0,20.68,18.3,-6.3,1462233600.0
2016-05-02,540.0,546.55,534.85,542.9,541.491511288497,16787.0,1040.0,9090018.0,4301.0,25.62,11.7,2.9,1462147200.0
2016-04-29,537.0,540.95,527.1,537.55,533.5718242477653,15886.0,1057.0,8476322.0,1607.0,10.12,13.85,0.55,1461888000.0
2016-04-28,548.9,556.0,529.0,535.65,545.6465835236255,28465.0,1904.0,15531830.0,4807.0,16.89,27.0,-13.25,1461801600.0
2016-04-27,544.0,555.0,542.7,552.75,550.3292831105712,26336.0,1703.0,14493472.0,3642.0,13.83,12.3,8.75,1461715200.0
2016-04-26,548.3,550.0,538.95,547.25,544.6104193841653,25299.0,1895.0,13778099.0,7106.0,28.09,11.05,-1.05,1461628800.0
2016-04-25,537.0,552.0,536.2,547.55,544.4490616621983,30586.0,2057.0,16652519.0,5618.0,18.37,15.8,10.55,1461542400.0
2016-04-22,525.0,537.0,518.8,534.95,531.6641367454833,30831.0,1728.0,16391737.0,9066.0,29.41,18.2,9.95,1461283200.0
2016-04-21,527.0,531.65,515.6,518.75,523.7347122109811,46753.0,2164.0,24486169.0,18187.0,38.9,16.05,-8.25,1461196800.0
2016-04-20,509.0,535.9,507.0,525.9,526.805587378153,49755.0,2845.0,26211212.0,8289.0,16.66,28.9,16.9,1461110400.0
2016-04-18,498.2,510.5,493.05,506.25,506.90962772785616,23370.0,1417.0,11846478.0,3926.0,16.8,17.45,8.05,1460937600.0
2016-04-13,494.15,504.8,494.15,498.15,500.7150247154845,26097.0,1493.0,13067160.0,5182.0,19.86,10.65,4.0,1460505600.0
2016-04-12,480.0,498.0,476.0,490.5,490.3560062677937,45311.0,2257.0,22218521.0,10010.0,22.09,22.0,10.5,1460419200.0
2016-04-11,473.75,479.0,471.5,476.35,476.2578852119959,15472.0,834.0,7368662.0,5553.0,35.89,7.5,2.6,1460332800.0
2016-04-08,472.5,475.95,470.0,472.9,472.7942995428879,11157.0,470.0,5274966.0,5419.0,48.57,5.95,0.4,1460073600.0
2016-04-07,472.0,478.0,468.45,471.15,472.16203502047216,11479.0,910.0,5419948.0,4087.0,35.6,9.55,-0.85,1459987200.0
2016-04-06,474.2,474.75,467.5,471.05,470.8333119795003,7805.0,458.0,3674854.0,2923.0,37.45,7.25,-3.15,1459900800.0
2016-04-05,474.0,481.5,469.05,471.8,476.2978263998848,13894.0,1013.0,6617682.0,4258.0,30.65,12.45,-2.2,1459814400.0
2016-04-04,475.0,482.0,472.5,473.95,476.553625889529,11804.0,850.0,5625239.0,2992.0,25.35,9.5,-1.05,1459728000.0
2016-04-01,472.0,475.1,466.75,473.35,471.776573914471,12183.0,763.0,5747654.0,4457.0,36.58,8.35,1.35,1459468800.0
2016-03-31,474.0,476.5,468.6,473.35,473.2968180193064,13985.0,885.0,6619056.0,4877.0,34.87,7.9,-0.65,1459382400.0
2016-03-30,470.0,472.0,463.0,470.75,467.7055591054313,7825.0,585.0,3659796.0,2328.0,29.75,9.0,0.75,1459296000.0
2016-03-29,462.0,464.9,454.65,459.55,460.1535273017138,12545.0,686.0,5772626.0,5726.0,45.64,10.25,-2.45,1459209600.0
2016-03-28,476.0,476.0,460.35,462.65,467.95063010336526,21187.0,1409.0,9914470.0,5788.0,27.32,15.65,-13.35,1459123200.0
2016-03-23,481.0,485.65,471.0,472.2,476.4585263982249,15323.0,885.0,7300774.0,5262.0,34.34,14.65,-8.8,1458691200.0
2016-03-22,472.5,482.0,472.5,479.5,479.15808226770656,25259.0,1412.0,12103054.0,9715.0,38.46,9.5,7.0,1458604800.0
2016-03-21,472.15,482.1,471.6,473.95,478.4015792688247,22922.0,879.0,10965921.0,10346.0,45.14,10.5,1.8,1458518400.0
2016-03-18,465.0,477.9,463.05,474.4,469.1831939670651,19493.0,1113.0,9145788.0,6405.0,32.86,14.85,9.4,1458259200.0
2016-03-17,474.9,474.9,459.25,463.55,468.5857363776949,10993.0,955.0,5151163.0,2864.0,26.05,15.65,-11.35,1458172800.0
2016-03-16,482.0,485.0,468.65,477.85,477.1522540983608,19520.0,1159.0,9314012.0,2695.0,13.81,16.35,-4.15,1458086400.0
2016-03-15,465.0,484.0,463.25,479.5,476.3698517838405,30496.0,2470.0,14527375.0,10866.0,35.63,20.75,14.5,1458000000.0
2016-03-14,459.0,468.3,456.15,464.45,461.8700577358766,13683.0,1064.0,6319768.0,2204.0,16.11,12.15,5.45,1457913600.0
2016-03-11,465.1,473.0,457.55,460.05,462.9098393664146,22349.0,1208.0,10345572.0,5592.0,25.02,15.45,-5.05,1457654400.0
2016-03-10,479.5,480.7,466.5,468.85,472.2893677480464,16892.0,974.0,7977912.0,7362.0,43.58,14.2,-10.65,1457568000.0
2016-03-09,464.7,477.85,464.7,475.75,472.5066085117632,15132.0,864.0,7149970.0,4565.0,30.17,13.15,11.05,1457481600.0
2016-03-08,455.0,474.75,455.0,468.0,470.2963429516199,25403.0,1343.0,11946938.0,8583.0,33.79,19.75,13.0,1457395200.0
2016-03-04,464.5,464.55,456.1,458.5,459.541876956494,15653.0,876.0,7193209.0,3726.0,23.8,8.45,-6.0,1457049600.0
2016-03-03,460.0,468.55,453.55,459.75,460.77501535581615,34189.0,1802.0,15753437.0,11332.0,33.15,15.0,-0.25,1456963200.0
2016-03-02,451.0,465.0,451.0,460.1,459.95818425760285,26832.0,1660.0,12341598.0,4548.0,16.95,14.0,9.1,1456876800.0
2016-03-01,441.9,453.0,438.9,450.9,447.774570284907,21235.0,998.0,9508493.0,8642.0,40.7,14.1,9.0,1456790400.0
2016-02-29,435.0,443.5,426.0,436.45,435.1953370657258,26078.0,1648.0,11349024.0,1058.0,4.06,17.5,1.45,1456704000.0
2016-02-26,432.0,443.8,421.7,434.55,432.83020175941857,41832.0,2216.0,18106153.0,5107.0,12.21,22.1,2.55,1456444800.0
2016-02-25,440.0,440.45,428.5,431.05,434.57957450693937,21904.0,1444.0,9519031.0,1537.0,7.02,11.95,-8.95,1456358400.0
2016-02-24,440.05,445.0,432.45,438.6,437.923514691637,24776.0,1817.0,10849993.0,3076.0,12.42,12.55,-1.45,1456272000.0
2016-02-23,450.0,453.4,440.1,446.3,448.1643249847282,19644.0,1341.0,8803740.0,3179.0,16.18,13.3,-3.7,1456185600.0
2016-02-22,435.0,450.8,432.0,446.4,442.2836261555588,20661.0,1465.0,9138022.0,3060.0,14.81,18.8,11.4,1456099200.0
2016-02-19,425.05,436.2,423.1,433.05,431.2256360500216,18552.0,1361.0,8000098.0,1363.0,7.35,13.1,8.0,1455840000.0
2016-02-18,435.0,442.5,423.6,431.7,435.8280742552424,24941.0,1452.0,10869988.0,5722.0,22.94,18.9,-3.3,1455753600.0
2016-02-17,422.2,433.8,409.7,432.1,423.5684488448845,22725.0,1481.0,9625593.0,1598.0,7.03,24.1,9.9,1455667200.0
2016-02-16,432.0,437.8,422.05,423.7,429.67703645731433,15333.0,958.0,6588238.0,2328.0,15.18,15.75,-8.3,1455580800.0
2016-02-15,424.4,434.0,419.5,431.8,430.3874264776781,72597.0,918.0,31244836.0,59214.0,81.57,14.5,7.4,1455494400.0
2016-02-12,413.0,426.95,404.75,415.1,416.9138664829152,49342.0,1654.0,20571364.0,21015.0,42.59,22.2,2.1,1455235200.0
2016-02-11,438.0,444.45,412.1,416.8,425.6991665992393,24718.0,1417.0,10522432.0,5343.0,21.62,32.35,-21.2,1455148800.0
2016-02-10,425.8,439.5,412.8,437.75,428.4929475732831,49841.0,2287.0,21356517.0,12370.0,24.82,26.7,11.95,1455062400.0
2016-02-09,443.0,450.7,428.0,431.7,439.3982022829416,25143.0,1681.0,11047789.0,4838.0,19.24,22.7,-11.3,1454976000.0
2016-02-08,450.9,456.85,444.6,446.85,451.2198816688769,19606.0,1414.0,8846617.0,4465.0,22.77,12.25,-4.05,1454889600.0
2016-02-05,440.0,451.15,436.0,449.95,446.029265516415,33384.0,2067.0,14890241.0,5089.0,15.24,15.15,9.95,1454630400.0
2016-02-04,447.2,448.5,432.95,435.15,437.92045244974486,32534.0,1765.0,14247304.0,6915.0,21.25,15.55,-12.05,1454544000.0
2016-02-03,432.0,449.1,426.95,440.8,437.5434219364744,31263.0,2120.0,13678920.0,6768.0,21.65,22.15,8.8,1454457600.0
2016-02-02,450.0,452.9,439.0,441.9,448.02270256710426,23918.0,1283.0,10715807.0,4173.0,17.45,13.9,-8.1,1454371200.0
2016-02-01,455.0,455.15,447.4,450.85,451.0763758175148,31345.0,1819.0,14138989.0,13293.0,42.41,7.75,-4.15,1454284800.0
2016-01-29,446.0,455.1,443.3,452.8,451.32671119307,64531.0,1267.0,29124564.0,46936.0,72.73,11.8,6.8,1454025600.0
2016-01-28,460.0,460.0,438.95,445.05,445.6760228959084,23585.0,1466.0,10511269.0,3726.0,15.8,21.05,-14.95,1453939200.0
2016-01-27,430.0,448.6,428.4,446.95,442.7916222502181,41276.0,2565.0,18276667.0,7033.0,17.04,20.2,16.95,1453852800.0
2016-01-25,451.75,456.65,427.3,431.65,444.08175759454434,51616.0,2570.0,22921724.0,9868.0,19.12,29.35,-20.1,1453680000.0
2016-01-22,444.0,454.0,441.6,448.8,449.6052492682693,41682.0,2545.0,18740446.0,11326.0,27.17,12.4,4.8,1453420800.0
2016-01-21,450.0,457.0,436.75,439.9,443.7402882580748,25047.0,1901.0,11114363.0,6168.0,24.63,20.25,-10.1,1453334400.0
2016-01-20,451.0,451.0,436.65,445.0,443.7870230290805,41643.0,2368.0,18480623.0,6070.0,14.58,14.35,-6.0,1453248000.0
2016-01-19,443.6,472.8,442.25,456.45,455.64598704336873,88912.0,3560.0,40512396.0,7531.0,8.47,30.55,12.85,1453161600.0
2016-01-18,451.15,457.35,441.1,445.1,446.7394044013611,684152.0,1506.0,305637657.0,666884.0,97.48,16.25,-6.05,1453075200.0
2016-01-15,460.05,466.0,450.5,452.6,459.06285174382776,24343.0,1351.0,11174967.0,5196.0,21.34,15.5,-7.45,1452816000.0
2016-01-14,478.8,478.8,460.8,462.65,467.1291824767161,23192.0,1422.0,10833660.0,4665.0,20.11,18.0,-16.15,1452729600.0
2016-01-13,493.6,498.0,463.2,480.5,477.3216970186147,19823.0,1485.0,9461948.0,4513.0,22.77,34.8,-13.1,1452643200.0
2016-01-12,486.35,498.0,485.35,492.7,492.3763433356594,28660.0,1492.0,14111506.0,5320.0,18.56,12.65,6.35,1452556800.0
2016-01-11,494.0,496.0,487.5,490.75,491.9135483870968,7750.0,654.0,3812330.0,1200.0,15.48,8.5,-3.25,1452470400.0
2016-01-08,490.5,499.7,490.2,494.55,495.5131121917333,11516.0,809.0,5706329.0,3395.0,29.48,9.5,4.05,1452211200.0
2016-01-07,510.0,510.0,482.65,489.9,491.175423993341,38444.0,1973.0,18882748.0,12183.0,31.69,27.35,-20.1,1452124800.0
2016-01-06,515.6,519.6,510.0,512.35,515.1266533792353,11038.0,667.0,5685968.0,2146.0,19.44,9.6,-3.25,1452038400.0
2016-01-05,521.95,525.05,515.25,516.5,518.6422739824709,16658.0,759.0,8639543.0,6966.0,41.82,9.8,-5.45,1451952000.0
2016-01-04,517.0,526.2,513.6,521.95,522.7215382155421,37524.0,1756.0,19614603.0,9084.0,24.21,12.6,4.95,1451865600.0
2016-01-01,514.8,521.95,514.8,517.75,518.1652161706905,14248.0,693.0,7382818.0,2395.0,16.81,7.15,2.95,1451606400.0
2015-12-31,518.4,518.8,509.4,514.05,514.4449512514967,17539.0,945.0,9022850.0,4066.0,23.18,9.4,-4.35,1451520000.0
2015-12-30,513.65,521.25,512.5,518.25,517.0402353046837,22269.0,1216.0,11513969.0,9337.0,41.93,8.75,4.6,1451433600.0
2015-12-29,517.5,519.5,508.6,511.85,512.377948829817,32089.0,1311.0,16441696.0,12052.0,37.56,10.9,-5.65,1451347200.0
2015-12-28,530.0,532.1,515.7,517.05,520.4161067813312,55815.0,1697.0,29047025.0,14713.0,26.36,16.4,-12.95,1451260800.0
2015-12-24,513.0,525.5,510.15,522.7,517.3453584850851,55079.0,1624.0,28494865.0,10506.0,19.07,15.35,9.7,1450915200.0
2015-12-23,511.1,513.5,505.0,510.3,510.3413019209301,25977.0,1128.0,13257136.0,5607.0,21.58,8.5,-0.8,1450828800.0
2015-12-22,511.95,512.5,506.9,510.75,509.8034091550488,17717.0,575.0,9032187.0,4605.0,25.99,5.6,-1.2,1450742400.0
2015-12-21,510.0,510.0,500.4,508.55,506.51055171210976,17201.0,1012.0,8712488.0,4004.0,23.28,9.6,-1.45,1450656000.0
2015-12-18,507.0,512.2,504.1,507.45,508.7698554611831,26844.0,1439.0,13657418.0,6610.0,24.62,8.1,0.45,1450396800.0
2015-12-17,505.0,510.0,498.0,509.05,504.6089956697864,35795.0,1700.0,18062479.0,6131.0,17.13,12.0,4.05,1450310400.0
2015-12-16,518.65,518.65,494.7,502.4,504.49425003295113,60696.0,2241.0,30620783.0,15940.0,26.26,23.95,-16.25,1450224000.0
2015-12-15,517.85,524.0,514.2,517.95,518.8886497890295,23700.0,1205.0,12297661.0,4132.0,17.43,9.8,0.1,1450137600.0
2015-12-14,515.0,521.6,508.75,518.25,515.70665093644,33905.0,1692.0,17485034.0,4335.0,12.79,12.85,3.25,1450051200.0
2015-12-11,514.2,527.9,505.75,518.15,519.0389905244393,53295.0,2396.0,27662183.0,4614.0,8.66,22.15,3.95,1449792000.0
2015-12-10,515.0,523.9,512.2,513.85,516.7003252143458,43971.0,1832.0,22719830.0,3628.0,8.25,11.7,-1.15,1449705600.0
2015-12-09,537.9,539.75,506.0,516.2,518.071556874785,78497.0,3351.0,40667063.0,,,33.75,-21.7,1449619200.0
2015-12-08,556.0,567.95,542.7,546.65,557.2441984885976,29906.0,1933.0,16664945.0,5834.0,19.51,25.25,-9.35,1449532800.0
2015-12-07,559.6,560.5,550.55,555.6,555.6328983516484,8736.0,716.0,4854009.0,1982.0,22.69,9.95,-4.0,1449446400.0
2015-12-04,552.0,563.75,548.75,554.15,555.9715025906736,14668.0,926.0,8154990.0,1753.0,11.95,15.0,2.15,1449187200.0
2015-12-03,574.0,576.1,553.0,555.35,565.5526575385708,25343.0,1354.0,14332801.0,4410.0,17.4,23.1,-18.65,1449100800.0
2015-12-02,558.0,577.1,558.0,570.6,570.162953149464,41515.0,2276.0,23670315.0,6768.0,16.3,19.1,12.6,1449014400.0
2015-12-01,554.0,557.7,551.4,555.5,555.0249287094103,10871.0,596.0,6033676.0,2898.0,26.66,6.3,1.5,1448928000.0
2015-11-30,554.95,557.7,548.25,550.25,551.311627496024,11318.0,567.0,6239745.0,2596.0,22.94,9.45,-4.7,1448841600.0
2015-11-27,550.2,556.75,545.55,550.1,550.8527736764396,14223.0,911.0,7834779.0,3339.0,23.48,11.2,-0.1,1448582400.0
2015-11-26,555.0,558.9,546.1,548.4,551.2426666666667,13125.0,827.0,7235060.0,1989.0,15.15,12.8,-6.6,1448496000.0
2015-11-24,565.0,565.1,552.5,555.15,558.2816846159333,28042.0,1254.0,15655335.0,5386.0,19.21,12.6,-9.85,1448323200.0
2015-11-23,544.0,561.95,543.4,558.45,554.3299811827128,32417.0,1296.0,17969715.0,7038.0,21.71,18.55,14.45,1448236800.0
2015-11-20,544.95,546.15,536.4,542.2,542.4486936132201,17912.0,717.0,9716341.0,3115.0,17.39,9.75,-2.75,1447977600.0
2015-11-19,544.95,547.8,538.55,540.0,542.2577304224722,13421.0,754.0,7277641.0,3084.0,22.98,9.25,-4.95,1447891200.0
2015-11-18,542.55,551.25,537.65,540.5,543.9599397040015,21892.0,990.0,11908371.0,5367.0,24.52,13.6,-2.05,1447804800.0
2015-11-17,552.95,553.95,534.5,541.5,543.0238233961287,46341.0,1775.0,25164267.0,10567.0,22.8,19.45,-11.45,1447718400.0
2015-11-16,553.0,556.15,540.0,548.55,548.3985467023264,59451.0,2271.0,32602842.0,7269.0,12.23,16.15,-4.45,1447632000.0
2015-11-13,523.0,572.75,515.5,558.15,550.2660543185267,176588.0,7523.0,97170382.0,9992.0,5.66,57.25,35.15,1447372800.0
2015-11-11,534.0,534.0,525.95,528.7,528.9790704832257,3249.0,229.0,1718653.0,1635.0,50.32,8.05,-5.3,1447200000.0
2015-11-10,530.0,539.1,521.65,527.0,527.1713936762112,22107.0,1000.0,11654178.0,5807.0,26.27,17.45,-3.0,1447113600.0
2015-11-09,524.0,541.05,521.0,538.0,535.4860631665722,19409.0,912.0,10393249.0,3751.0,19.33,20.05,14.0,1447027200.0
2015-11-06,558.2,558.2,520.0,537.35,532.8406475716065,60225.0,2392.0,32090328.0,6946.0,11.53,38.2,-20.85,1446768000.0
2015-11-05,573.5,579.0,552.0,555.95,570.2178854337152,76375.0,1116.0,43550391.0,4105.0,5.37,27.0,-17.55,1446681600.0
2015-11-04,577.9,585.4,572.1,576.9,578.9363084310125,14162.0,653.0,8198896.0,2223.0,15.7,13.3,-1.0,1446595200.0
2015-11-03,581.45,587.0,572.05,575.15,577.3800999761961,21005.0,1044.0,12127869.0,3255.0,15.5,14.95,-6.3,1446508800.0
2015-11-02,582.6,591.0,572.0,580.0,580.971468229488,12968.0,1019.0,7534038.0,1749.0,13.49,19.0,-2.6,1446422400.0
2015-10-30,589.35,592.8,577.05,580.8,586.2734524015953,17301.0,1166.0,10143117.0,2706.0,15.64,15.75,-8.55,1446163200.0
2015-10-29,596.1,596.1,579.0,584.3,585.8544287678908,19633.0,1037.0,11502080.0,2691.0,13.71,17.1,-11.8,1446076800.0
2015-10-28,604.95,608.0,598.0,601.95,603.2184367104084,12269.0,834.0,7400887.0,2625.0,21.4,10.0,-3.0,1445990400.0
2015-10-27,600.0,607.75,599.95,604.6,604.8025017481159,12871.0,763.0,7784413.0,1358.0,10.55,7.8,4.6,1445904000.0
2015-10-26,608.0,612.0,596.25,604.2,605.6341203999149,14103.0,705.0,8541258.0,2015.0,14.29,15.75,-3.8,1445817600.0
2015-10-23,600.2,608.55,597.9,605.75,604.7058040468584,11268.0,580.0,6813825.0,2963.0,26.3,10.65,5.55,1445558400.0
2015-10-21,599.75,611.5,591.0,597.3,599.1292692883386,29396.0,1341.0,17612004.0,6501.0,22.12,20.5,-2.45,1445385600.0
2015-10-20,589.95,605.95,584.6,599.75,598.9739963644206,32457.0,1509.0,19440899.0,4973.0,15.32,21.35,9.8,1445299200.0
2015-10-19,588.45,593.25,579.35,591.35,587.337440381558,17612.0,786.0,10344187.0,2339.0,13.28,13.9,2.9,1445212800.0
2015-10-16,579.55,589.0,577.0,585.6,583.4363486672842,29151.0,1505.0,17007753.0,5327.0,18.27,12.0,6.05,1444953600.0
2015-10-15,577.3,583.5,564.3,575.0,572.7579608312153,26756.0,1206.0,15324712.0,3407.0,12.73,19.2,-2.3,1444867200.0
2015-10-14,585.7,588.35,573.45,577.15,579.3607442704788,22035.0,1106.0,12766214.0,3668.0,16.65,14.9,-8.55,1444780800.0
2015-10-13,580.05,591.0,578.0,586.55,582.7324132517906,61154.0,1099.0,35636418.0,44717.0,73.12,13.0,6.5,1444694400.0
2015-10-12,585.0,588.5,572.65,582.8,581.872577195562,29924.0,1390.0,17411955.0,5404.0,18.06,15.85,-2.2,1444608000.0
2015-10-09,570.0,583.0,566.9,578.8,575.8913286748067,40213.0,1941.0,23158318.0,6157.0,15.31,16.1,8.8,1444348800.0
2015-10-08,565.6,572.4,555.75,564.05,564.5048449612403,19608.0,1136.0,11068811.0,3166.0,16.15,16.65,-1.55,1444262400.0
2015-10-07,557.4,569.8,543.65,565.6,557.626970804121,30381.0,1596.0,16941265.0,3377.0,11.12,26.15,8.2,1444176000.0
2015-10-06,533.5,569.1,533.5,557.7,555.4299049824253,95877.0,4175.0,53252953.0,13124.0,13.69,35.6,24.2,1444089600.0
2015-10-05,525.0,540.8,518.8,528.95,529.1138981065782,30738.0,1613.0,16263903.0,3276.0,10.66,22.0,3.95,1444003200.0
2015-10-01,519.55,529.4,517.0,518.9,522.0695752094299,26978.0,1623.0,14084393.0,3748.0,13.89,12.4,-0.65,1443657600.0
2015-09-30,519.0,522.25,511.1,516.8,517.4303617396017,14762.0,814.0,7638307.0,3314.0,22.45,11.15,-2.2,1443571200.0
2015-09-29,514.5,532.35,501.25,516.3,516.9301259303458,31843.0,2031.0,16460606.0,2757.0,8.66,31.1,1.8,1443484800.0
2015-09-28,529.0,533.0,519.25,522.6,526.4512776506484,10488.0,582.0,5521421.0,2854.0,27.21,13.75,-6.4,1443398400.0
2015-09-24,534.0,540.25,521.75,534.1,528.9248971193416,16524.0,1209.0,8739955.0,3175.0,19.21,18.5,0.1,1443052800.0
2015-09-23,525.0,537.95,518.5,533.45,529.5017612524462,12775.0,846.0,6764385.0,2212.0,17.32,19.45,8.45,1442966400.0
2015-09-22,546.25,552.5,527.0,529.3,536.1921508823256,32131.0,1360.0,17228390.0,6814.0,21.21,25.5,-16.95,1442880000.0
2015-09-21,528.0,551.55,525.8,548.85,545.7100958653269,64987.0,2495.0,35464062.0,24638.0,37.91,25.75,20.85,1442793600.0
2015-09-18,516.5,532.0,516.0,526.2,520.5748884574073,96824.0,1407.0,50404143.0,81770.0,84.45,16.0,9.7,1442534400.0
2015-09-16,509.2,516.5,504.8,512.2,511.3600493979623,16195.0,730.0,8281476.0,3158.0,19.5,11.7,3.0,1442361600.0
2015-09-15,507.2,514.0,502.2,505.05,505.9823722736779,20082.0,862.0,10161138.0,4975.0,24.77,11.8,-2.15,1442275200.0
2015-09-14,488.0,512.8,482.9,506.3,505.693407482725,48191.0,1755.0,24369871.0,6258.0,12.99,29.9,18.3,1442188800.0
2015-09-11,491.0,493.6,484.3,489.3,488.8719051799824,11390.0,610.0,5568251.0,1283.0,11.26,9.3,-1.7,1441929600.0
2015-09-10,490.0,491.0,479.5,486.15,485.1774213757674,31924.0,1436.0,15488804.0,12637.0,39.58,11.5,-3.85,1441843200.0
2015-09-09,501.35,503.0,494.0,496.8,498.7202523705863,27103.0,957.0,13516815.0,2988.0,11.02,9.0,-4.55,1441756800.0
2015-09-08,486.35,498.0,482.4,495.25,490.30892782060266,71350.0,1899.0,34983542.0,12668.0,17.75,15.6,8.9,1441670400.0
2015-09-07,490.5,499.95,484.5,485.75,487.57785477679806,524682.0,1354.0,255823324.0,506970.0,96.62,15.45,-4.75,1441584000.0
2015-09-04,506.7,506.7,479.2,489.3,487.3995567678145,29330.0,1403.0,14295429.0,6546.0,22.32,27.5,-17.4,1441324800.0
2015-09-03,503.0,517.0,500.4,510.55,509.7265070604258,27902.0,1007.0,14222389.0,11000.0,39.42,16.6,7.55,1441238400.0
2015-09-02,512.7,515.55,501.0,504.3,505.84985729967065,45550.0,1703.0,23041461.0,23921.0,52.52,14.55,-8.4,1441152000.0
2015-09-01,512.0,520.1,503.2,512.0,510.7498873569433,22194.0,1109.0,11335583.0,4793.0,21.6,16.9,0.0,1441065600.0
2015-08-31,524.25,531.8,516.6,521.4,525.630086975196,9313.0,566.0,4895193.0,1560.0,16.75,15.2,-2.85,1440979200.0
2015-08-28,541.2,545.0,520.55,524.0,529.2260116555857,24366.0,1276.0,12895121.0,6505.0,26.7,24.45,-17.2,1440720000.0
2015-08-27,534.5,547.6,528.0,533.6,539.3875325744068,14582.0,855.0,7865349.0,2752.0,18.87,19.6,-0.9,1440633600.0
2015-08-26,525.0,544.6,505.65,538.25,535.0009017132552,42142.0,1749.0,22546008.0,10493.0,24.9,38.95,13.25,1440547200.0
2015-08-25,452.0,528.3,452.0,522.25,510.0429113174505,79373.0,4018.0,40483636.0,30352.0,38.24,76.3,70.25,1440460800.0
2015-08-24,542.75,542.75,480.25,493.7,513.6490596320835,48598.0,1967.0,24962317.0,15650.0,32.2,62.5,-49.05,1440374400.0
2015-08-21,540.25,558.95,529.65,554.95,548.7820772910561,39927.0,1777.0,21911222.0,7152.0,17.91,29.3,14.7,1440115200.0
2015-08-20,565.2,574.0,546.0,547.65,553.185774360717,47084.0,1888.0,26046199.0,11293.0,23.98,28.0,-17.55,1440028800.0
2015-08-19,568.2,574.8,562.75,566.35,567.862651415081,35581.0,1596.0,20205121.0,3194.0,8.98,12.05,-1.85,1439942400.0
2015-08-18,589.3,590.5,567.0,569.0,575.49826130154,40260.0,1828.0,23169560.0,7602.0,18.88,23.5,-20.3,1439856000.0
2015-08-17,593.5,597.0,587.5,589.3,591.3913861199925,15951.0,830.0,9433284.0,2579.0,16.17,9.5,-4.2,1439769600.0
2015-08-14,589.75,600.0,586.85,593.25,593.9668560606061,48576.0,2086.0,28852534.0,6259.0,12.88,13.15,3.5,1439510400.0
2015-08-13,585.0,593.8,583.35,587.8,588.6311663249305,24873.0,1087.0,14641023.0,4192.0,16.85,10.45,2.8,1439424000.0
2015-08-12,586.55,597.2,578.8,581.05,585.9226074535775,38505.0,1592.0,22560950.0,8133.0,21.12,18.4,-5.5,1439337600.0
2015-08-11,595.0,609.0,583.0,588.05,598.061740316672,65241.0,2988.0,39018146.0,11291.0,17.31,26.0,-6.95,1439251200.0
2015-08-10,587.55,604.8,587.0,591.35,597.8412897583604,52599.0,2567.0,31445854.0,15496.0,29.46,17.8,3.8,1439164800.0
2015-08-07,588.0,601.0,586.0,587.85,593.8343171039613,29309.0,1405.0,17404690.0,5309.0,18.11,15.0,-0.15,1438905600.0
2015-08-06,599.0,603.0,580.5,583.15,590.303274559194,33745.0,1505.0,19919784.0,7705.0,22.83,22.5,-15.85,1438819200.0
2015-08-05,573.0,597.5,569.0,593.45,584.9416348157017,60961.0,2531.0,35658627.0,10493.0,17.21,28.5,20.45,1438732800.0
2015-08-04,566.0,579.45,565.55,573.8,571.6396552999481,27038.0,1186.0,15455993.0,4280.0,15.83,13.9,7.8,1438646400.0
2015-08-03,570.0,577.3,561.0,564.45,567.3386186509002,26047.0,1191.0,14777469.0,4081.0,15.67,16.3,-5.55,1438560000.0
2015-07-31,578.0,584.0,560.0,564.8,572.7258740583349,103540.0,3861.0,59300037.0,11023.0,10.65,24.0,-13.2,1438300800.0
2015-07-30,575.0,584.0,568.05,570.75,577.8974696442218,23554.0,1081.0,13611797.0,4334.0,18.4,15.95,-4.25,1438214400.0
2015-07-29,567.4,577.55,563.6,570.35,569.9489988876529,17980.0,908.0,10247683.0,4388.0,24.4,13.95,2.95,1438128000.0
2015-07-28,566.0,572.45,563.75,564.8,567.454535974974,19180.0,845.0,10883778.0,4147.0,21.62,8.7,-1.2,1438041600.0
2015-07-27,569.5,569.95,560.75,563.2,563.325931283906,13825.0,624.0,7787981.0,2148.0,15.54,9.2,-6.3,1437955200.0
2015-07-24,568.7,578.5,566.55,569.7,573.2073087275879,21919.0,863.0,12564131.0,4869.0,22.21,11.95,1.0,1437696000.0
2015-07-23,585.0,586.0,568.7,571.55,575.8151882289812,35409.0,1435.0,20389040.0,10250.0,28.95,17.3,-13.45,1437609600.0
2015-07-22,584.2,592.8,578.05,585.25,586.2157321945172,29036.0,1012.0,17021360.0,8649.0,29.79,14.75,1.05,1437523200.0
2015-07-21,615.0,615.0,587.0,590.35,603.3337908703761,28413.0,1465.0,17142523.0,6650.0,23.4,28.0,-24.65,1437436800.0
2015-07-20,593.0,623.65,593.0,617.75,617.1557380896503,106525.0,3471.0,65742515.0,19664.0,18.46,30.65,24.75,1437350400.0
2015-07-17,573.5,597.0,572.05,592.0,586.3165384209972,47435.0,1969.0,27811925.0,11784.0,24.84,24.95,18.5,1437091200.0
2015-07-16,570.0,583.0,567.0,573.5,576.1208281414741,52165.0,1998.0,30053343.0,12399.0,23.77,16.0,3.5,1437004800.0
2015-07-15,568.0,573.8,564.25,567.55,569.4699195639168,30086.0,1224.0,17133072.0,6092.0,20.25,9.55,-0.45,1436918400.0
2015-07-14,555.0,574.4,551.4,570.25,563.1777086957761,35063.0,1549.0,19746700.0,6249.0,17.82,23.0,15.25,1436832000.0
2015-07-13,564.2,564.2,552.1,556.45,555.7553366174056,18270.0,976.0,10153650.0,4060.0,22.22,12.1,-7.75,1436745600.0
2015-07-10,575.0,575.0,557.0,560.6,562.7327616077616,11544.0,602.0,6496187.0,2420.0,20.96,18.0,-14.4,1436486400.0
2015-07-09,565.0,576.3,562.2,565.95,570.0078233844175,18662.0,873.0,10637486.0,3396.0,18.2,14.1,0.95,1436400000.0
2015-07-08,578.0,580.75,562.25,567.8,568.2420146712782,260509.0,1534.0,148032159.0,5474.0,2.1,18.5,-10.2,1436313600.0
2015-07-07,567.1,578.8,562.8,576.05,572.1735517087607,24667.0,1190.0,14113805.0,6753.0,27.38,16.0,8.95,1436227200.0
2015-07-06,565.0,567.9,536.0,566.25,553.886935175406,35033.0,1674.0,19404321.0,5482.0,15.65,31.9,1.25,1436140800.0
2015-07-03,555.1,562.25,551.0,552.3,557.337365307416,37864.0,904.0,21103022.0,5157.0,13.62,11.25,-2.8,1435881600.0
2015-07-02,562.05,563.3,556.05,557.25,557.7689335594905,269429.0,516.0,150279126.0,261117.0,96.91,7.25,-4.8,1435795200.0
2015-07-01,558.25,569.7,556.95,562.05,562.9436156596195,45314.0,1118.0,25509227.0,30497.0,67.3,12.75,3.8,1435708800.0
2015-06-30,554.4,562.4,550.7,558.25,557.6712024595764,17564.0,1060.0,9794937.0,1378.0,7.85,11.7,3.85,1435622400.0
2015-06-29,555.0,558.0,531.95,553.9,545.2883686176837,20075.0,975.0,10946664.0,4060.0,20.22,26.05,-1.1,1435536000.0
2015-06-26,569.0,571.45,552.3,554.85,559.2600992630471,33245.0,1427.0,18592602.0,4661.0,14.02,19.15,-14.15,1435276800.0
2015-06-25,550.0,569.8,543.55,565.5,559.4620228396599,28109.0,1171.0,15725918.0,8583.0,30.53,26.25,15.5,1435190400.0
2015-06-24,552.85,560.0,550.0,553.4,556.1846655543759,26372.0,1175.0,14667702.0,8462.0,32.09,10.0,0.55,1435104000.0
2015-06-23,558.0,560.3,545.7,552.35,550.722827839773,15503.0,910.0,8537856.0,2493.0,16.08,14.6,-5.65,1435017600.0
2015-06-22,550.0,557.55,548.0,555.15,553.7260246450576,14932.0,854.0,8268237.0,3171.0,21.24,9.55,5.15,1434931200.0
2015-06-19,555.0,560.4,543.0,549.05,551.8796971041124,31562.0,1429.0,17418427.0,10006.0,31.7,17.4,-5.95,1434672000.0
2015-06-18,534.2,549.95,534.2,548.8,543.7710174198435,27727.0,1210.0,15077139.0,6797.0,24.51,15.75,14.6,1434585600.0
2015-06-17,530.0,538.05,528.55,534.3,534.0955752212388,14125.0,737.0,7544100.0,4621.0,32.72,9.5,4.3,1434499200.0
2015-06-16,528.0,540.0,524.0,530.6,529.0636447553807,20583.0,924.0,10889717.0,4881.0,23.71,16.0,2.6,1434412800.0
2015-06-15,528.05,535.5,525.25,528.05,530.4206140680129,13321.0,697.0,7065733.0,2687.0,20.17,10.25,0.0,1434326400.0
2015-06-12,512.0,529.0,512.0,527.15,522.0593674865914,16221.0,863.0,8468325.0,3095.0,19.08,17.0,15.15,1434067200.0
2015-06-11,537.5,538.0,515.3,517.2,525.1460158355795,23744.0,1239.0,12469067.0,6633.0,27.94,22.7,-20.3,1433980800.0
2015-06-10,526.2,539.0,523.0,529.85,528.7600476923841,20129.0,996.0,10643411.0,5435.0,27.0,16.0,3.65,1433894400.0
2015-06-09,513.0,525.0,510.0,523.3,520.3767900500471,20181.0,847.0,10501724.0,4393.0,21.77,15.0,10.3,1433808000.0
2015-06-08,521.0,521.0,507.9,513.2,512.2859419827861,18822.0,890.0,9642246.0,5553.0,29.5,13.1,-7.8,1433721600.0
2015-06-05,520.0,531.6,515.45,518.1,524.6443818606585,31247.0,1263.0,16393563.0,6614.0,21.17,16.15,-1.9,1433462400.0
2015-06-04,527.1,529.25,513.3,521.4,520.5113373860182,32900.0,1455.0,17124823.0,8185.0,24.88,15.95,-5.7,1433376000.0
2015-06-03,535.0,537.15,505.25,523.9,518.7773459449335,42712.0,1923.0,22158018.0,8232.0,19.27,31.9,-11.1,1433289600.0
2015-06-02,548.0,548.0,534.0,537.15,540.8062998405104,12540.0,787.0,6781711.0,3523.0,28.09,14.0,-10.85,1433203200.0
2015-06-01,544.5,553.45,539.0,547.15,546.5567643446218,17097.0,1006.0,9344481.0,3294.0,19.27,14.45,2.65,1433116800.0
2015-05-29,546.5,551.9,541.5,548.55,546.8537520437504,17737.0,849.0,9699545.0,4019.0,22.66,10.4,2.05,1432857600.0
2015-05-28,545.5,552.5,538.0,547.65,545.9271709479427,35192.0,1555.0,19212269.0,7520.0,21.37,14.5,2.15,1432771200.0
2015-05-27,565.0,565.0,542.3,544.65,548.8510479352562,24095.0,1198.0,13224566.0,6516.0,27.04,22.7,-20.35,1432684800.0
2015-05-26,560.5,564.0,558.65,561.75,561.2182610925878,19495.0,815.0,10940950.0,5248.0,26.92,5.35,1.25,1432598400.0
2015-05-25,561.0,568.7,554.0,559.0,561.6737926593689,31060.0,1421.0,17445588.0,4744.0,15.27,14.7,-2.0,1432512000.0
2015-05-22,584.0,591.25,556.2,560.35,569.4430393062098,85559.0,4422.0,48720977.0,28849.0,33.72,35.05,-23.65,1432252800.0
2015-05-21,589.9,604.35,570.0,587.35,587.0499288981903,298164.0,10790.0,175037155.0,20293.0,6.81,34.35,-2.55,1432166400.0
2015-05-20,578.0,591.35,578.0,589.1,586.01012,25000.0,1363.0,14650253.0,7990.0,31.96,13.35,11.1,1432080000.0
2015-05-19,580.0,588.35,573.0,578.2,579.6998664041625,56888.0,2152.0,32977966.0,13553.0,23.82,15.35,-1.8,1431993600.0
2015-05-18,575.05,591.4,575.05,578.8,583.8014138969943,84306.0,3972.0,49217962.0,26512.0,31.45,16.35,3.75,1431907200.0
2015-05-15,539.1,574.9,539.1,569.45,563.2089847971756,83274.0,3587.0,46900665.0,9075.0,10.9,35.8,30.35,1431648000.0
2015-05-14,530.0,545.45,530.0,542.7,539.2987949093366,17758.0,1207.0,9576868.0,4693.0,26.43,15.45,12.7,1431561600.0
2015-05-13,537.0,542.5,528.5,535.6,535.3728742608969,19111.0,1067.0,10231511.0,3387.0,17.72,14.0,-1.4,1431475200.0
2015-05-12,547.3,547.8,529.25,532.95,534.2778030845318,15367.0,767.0,8210247.0,2908.0,18.92,18.55,-14.35,1431388800.0
2015-05-11,542.6,548.0,539.05,543.7,544.3965549876964,21132.0,3078.0,11504188.0,11315.0,53.54,8.95,1.1,1431302400.0
2015-05-08,533.3,545.5,531.75,535.95,536.8983177570093,29425.0,3116.0,15798233.0,14334.0,48.71,13.75,2.65,1431043200.0
2015-05-07,536.1,542.1,517.75,533.8,530.8346847960445,40450.0,5517.0,21472263.0,16421.0,40.6,24.35,-2.3,1430956800.0
2015-05-06,542.15,545.95,534.0,536.2,538.5134512718517,38212.0,4204.0,20577676.0,15377.0,40.24,11.95,-5.95,1430870400.0
2015-05-05,549.0,549.1,535.7,542.15,541.7227656343797,28319.0,2588.0,15341047.0,8718.0,30.78,13.4,-6.85,1430784000.0
2015-05-04,554.25,554.25,541.75,547.95,547.4543903936685,14657.0,2153.0,8024039.0,4533.0,30.93,12.5,-6.3,1430697600.0
2015-04-30,543.0,549.7,535.5,547.65,543.3235054189488,25743.0,3107.0,13986777.0,6483.0,25.18,14.2,4.65,1430352000.0
2015-04-29,546.0,554.0,540.0,543.1,546.5670719787308,25577.0,4032.0,13979546.0,7972.0,31.17,14.0,-2.9,1430265600.0
2015-04-28,543.5,550.5,538.3,543.0,543.1435923093417,27982.0,2460.0,15198244.0,9266.0,33.11,12.2,-0.5,1430179200.0
2015-04-27,545.0,549.0,531.4,541.65,541.093234286731,22481.0,1960.0,12164317.0,5877.0,26.14,17.6,-3.35,1430092800.0
2015-04-24,535.1,552.0,525.25,541.0,538.8983231178444,43235.0,3222.0,23299269.0,5835.0,13.5,26.75,5.9,1429833600.0
2015-04-23,556.1,561.7,531.0,534.2,543.0290598752262,37027.0,3166.0,20106737.0,11220.0,30.3,30.7,-21.9,1429747200.0
2015-04-22,555.1,564.3,542.0,553.4,554.3991196246312,20673.0,2130.0,11461093.0,3315.0,16.04,22.3,-1.7,1429660800.0
2015-04-21,550.0,560.5,539.0,554.35,552.3397081545064,29125.0,2754.0,16086894.0,5169.0,17.75,21.5,4.35,1429574400.0
2015-04-20,570.0,570.0,539.5,543.5,550.531660938434,53536.0,4061.0,29473263.0,19518.0,36.46,30.5,-26.5,1429488000.0
2015-04-17,587.3,587.3,571.65,573.25,578.7518511662347,32412.0,2043.0,18758505.0,15695.0,48.42,15.65,-14.05,1429228800.0
2015-04-16,600.35,600.35,582.6,587.2,588.5742801502295,28756.0,2424.0,16925042.0,8063.0,28.04,17.75,-13.15,1429142400.0
2015-04-15,606.0,609.3,598.05,599.5,604.0923276983095,26146.0,2356.0,15794598.0,12621.0,48.27,11.25,-6.5,1429056000.0
2015-04-13,605.1,609.0,599.0,604.65,604.1219835281921,34726.0,2221.0,20978740.0,16130.0,46.45,10.0,-0.45,1428883200.0
2015-04-10,605.1,606.1,597.0,598.8,600.0262149983289,520618.0,2253.0,312384448.0,504877.0,96.98,9.1,-6.3,1428624000.0
2015-04-09,616.3,617.15,601.15,603.45,606.1620660727839,25033.0,2231.0,15174055.0,10890.0,43.5,16.0,-12.85,1428537600.0
2015-04-08,615.0,622.3,610.0,615.9,616.9202887873877,20361.0,2104.0,12561114.0,4653.0,22.85,12.3,0.9,1428451200.0
2015-04-07,615.0,616.0,603.9,612.3,608.8954410028668,17789.0,1734.0,10831641.0,3823.0,21.49,12.1,-2.7,1428364800.0
2015-04-06,613.3,617.6,606.05,610.85,612.1296556900272,21318.0,1912.0,13049380.0,5580.0,26.18,11.55,-2.45,1428278400.0
2015-04-01,600.0,612.5,596.0,610.45,608.07054209109,17082.0,1477.0,10387061.0,2909.0,17.03,16.5,10.45,1427846400.0
2015-03-31,598.0,611.55,597.15,601.8,604.5610438367257,27169.0,2473.0,16425319.0,6666.0,24.54,14.4,3.8,1427760000.0
2015-03-30,578.0,602.0,578.0,595.65,589.7733123829092,16547.0,1682.0,9758979.0,4593.0,27.76,24.0,17.65,1427673600.0
2015-03-27,580.1,582.0,567.25,574.15,574.0757349581112,32825.0,2185.0,18844036.0,17181.0,52.34,14.75,-5.95,1427414400.0
2015-03-26,588.95,589.75,571.0,574.95,582.7156262346898,20248.0,2015.0,11798826.0,5865.0,28.97,18.75,-14.0,1427328000.0
2015-03-25,606.5,606.5,589.0,593.05,594.8425440907541,32263.0,1514.0,19191405.0,5315.0,16.47,17.5,-13.45,1427241600.0
2015-03-24,604.0,610.0,600.25,602.45,605.142362168748,26264.0,2261.0,15893459.0,7258.0,27.63,9.75,-1.55,1427155200.0
2015-03-23,597.3,605.8,592.2,600.55,601.4631885686199,28483.0,2214.0,17131476.0,7662.0,26.9,13.6,3.25,1427068800.0
2015-03-20,595.8,601.5,588.1,591.2,596.6460194799968,24846.0,2268.0,14824267.0,8310.0,33.45,13.4,-4.6,1426809600.0
2015-03-19,603.35,605.75,591.0,594.2,597.9238948108868,36962.0,2526.0,22100463.0,5936.0,16.06,14.75,-9.15,1426723200.0
2015-03-18,602.0,605.5,596.3,598.2,600.3725482713882,26206.0,1765.0,15733363.0,8193.0,31.26,9.2,-3.8,1426636800.0
2015-03-17,592.0,604.6,592.0,598.25,598.2406686691916,38285.0,3033.0,22903644.0,11222.0,29.31,12.6,6.25,1426550400.0
2015-03-16,592.0,598.0,585.25,588.7,591.1897901102809,33732.0,3025.0,19942014.0,6487.0,19.23,12.75,-3.3,1426464000.0
2015-03-13,602.0,609.7,585.1,588.1,598.0646298472385,42550.0,3737.0,25447650.0,7946.0,18.67,24.6,-13.9,1426204800.0
2015-03-12,597.95,605.7,592.6,598.6,599.6432001113404,43111.0,3154.0,25851218.0,10486.0,24.32,13.1,0.65,1426118400.0
2015-03-11,608.0,624.5,589.1,592.6,608.8635376649407,149675.0,11717.0,91131650.0,32767.0,21.89,35.4,-15.4,1426032000.0
2015-03-10,589.0,603.0,578.1,595.2,589.4605540255952,43211.0,3090.0,25471180.0,11849.0,27.42,24.9,6.2,1425945600.0
2015-03-09,596.0,596.0,581.3,587.2,588.6931140504736,48461.0,2339.0,28528657.0,12448.0,25.69,14.7,-8.8,1425859200.0
2015-03-05,593.75,601.75,585.35,596.65,595.6094338192568,39581.0,2977.0,23574817.0,7857.0,19.85,16.4,2.9,1425513600.0
2015-03-04,614.0,614.15,589.0,591.45,602.6725829916678,75610.0,4917.0,45568074.0,18988.0,25.11,25.15,-22.55,1425427200.0
2015-03-03,586.75,609.8,585.5,605.15,603.9010217513948,63812.0,4550.0,38536132.0,13068.0,20.48,24.3,18.4,1425340800.0
2015-03-02,599.5,599.8,581.5,585.45,586.8952748513613,38348.0,2835.0,22506260.0,9686.0,25.26,18.3,-14.05,1425254400.0
2015-02-28,605.0,608.25,585.0,593.15,596.0179050285958,84278.0,4834.0,50231197.0,18493.0,21.94,23.25,-11.85,1425081600.0
2015-02-27,589.0,608.55,588.5,598.85,600.7942106334866,93309.0,5706.0,56059507.0,21757.0,23.32,20.05,9.85,1424995200.0
2015-02-26,582.1,592.0,566.6,588.35,582.8118589597484,87748.0,5532.0,51140575.0,17097.0,19.48,25.4,6.25,1424908800.0
2015-02-25,588.0,593.05,570.0,572.5,579.9191249049337,61799.0,3692.0,35838422.0,20580.0,33.3,23.05,-15.5,1424822400.0
2015-02-24,602.0,602.0,584.0,586.95,590.9332791759908,65242.0,3755.0,38553669.0,20953.0,32.12,18.0,-15.05,1424736000.0
2015-02-23,615.25,617.4,597.0,600.05,605.9101235112483,54408.0,3788.0,32966358.0,16294.0,29.95,20.4,-15.2,1424649600.0
2015-02-20,623.0,626.2,609.0,612.75,618.4463396963397,63492.0,4405.0,39266395.0,16719.0,26.33,17.2,-10.25,1424390400.0
2015-02-19,612.7,627.75,606.95,619.95,616.8098034090697,107126.0,7191.0,66076367.0,18096.0,16.89,20.8,7.25,1424304000.0
2015-02-18,615.0,625.75,588.0,608.5,606.7480810358907,257170.0,14559.0,156037404.0,58582.0,22.78,37.75,-6.5,1424217600.0
2015-02-16,712.0,712.0,605.2,613.15,637.0086501719303,214331.0,15173.0,136530701.0,88266.0,41.18,106.8,-98.85,1424044800.0
2015-02-13,687.0,708.9,681.8,697.95,697.6660466500502,26881.0,2628.0,18753961.0,5345.0,19.88,27.1,10.95,1423785600.0
2015-02-12,720.0,725.9,683.0,686.7,698.3986274092349,79849.0,6571.0,55766432.0,11135.0,13.95,42.9,-33.3,1423699200.0
2015-02-11,680.0,719.5,679.05,715.8,705.4952211192723,32539.0,2798.0,22956109.0,5367.0,16.49,40.45,35.8,1423612800.0
2015-02-10,651.0,677.0,648.5,673.65,668.6079982093561,26806.0,2460.0,17922706.0,3608.0,13.46,28.5,22.65,1423526400.0
2015-02-09,677.0,677.0,651.6,659.5,660.0590696117805,29880.0,2688.0,19722565.0,4697.0,15.72,25.4,-17.5,1423440000.0
2015-02-06,670.0,689.9,658.5,683.2,676.4835688204477,12598.0,1915.0,8522340.0,2546.0,20.21,31.4,13.2,1423180800.0
2015-02-05,700.0,701.4,663.0,674.8,684.5639521869545,22337.0,2379.0,15291105.0,7639.0,34.2,38.4,-25.2,1423094400.0
2015-02-04,715.95,721.8,693.3,700.05,708.8547914317926,13305.0,1791.0,9431313.0,4570.0,34.35,28.5,-15.9,1423008000.0
2015-02-03,735.0,735.0,710.2,714.15,718.9451745089727,14154.0,1555.0,10175950.0,4676.0,33.04,24.8,-20.85,1422921600.0
2015-02-02,730.0,751.2,727.85,734.7,740.1765178441015,41078.0,3563.0,30404971.0,12352.0,30.07,23.35,4.7,1422835200.0
2015-01-30,730.0,735.9,714.0,729.4,727.0343786145739,15562.0,1864.0,11314109.0,2667.0,17.14,21.9,-0.6,1422576000.0
2015-01-29,718.0,733.0,710.3,726.95,719.4380841835176,16369.0,1650.0,11776482.0,4271.0,26.09,22.7,8.95,1422489600.0
2015-01-28,710.0,722.4,701.2,711.05,712.2586398156839,11719.0,1778.0,8346959.0,2187.0,18.66,21.2,1.05,1422403200.0
2015-01-27,718.65,723.25,704.9,709.65,713.0817307692308,14144.0,1530.0,10085828.0,3493.0,24.7,18.35,-9.0,1422316800.0
2015-01-23,724.0,739.8,713.0,716.0,726.9297410969766,29007.0,2793.0,21086051.0,7512.0,25.9,26.8,-8.0,1421971200.0
2015-01-22,718.0,725.0,711.3,720.05,717.1036874771816,8217.0,1027.0,5892441.0,2275.0,27.69,13.7,2.05,1421884800.0
2015-01-21,730.0,730.7,708.45,721.65,719.7946398088085,11716.0,1239.0,8433114.0,3006.0,25.66,22.25,-8.35,1421798400.0
2015-01-20,728.7,734.85,722.0,723.45,725.9039706139582,11434.0,1073.0,8299986.0,4360.0,38.13,12.85,-5.25,1421712000.0
2015-01-19,730.0,741.0,724.85,727.95,731.1236133122029,11358.0,1380.0,8304102.0,3494.0,30.76,16.15,-2.05,1421625600.0
2015-01-16,731.0,738.5,725.0,729.35,730.5809636650868,10128.0,1179.0,7399324.0,2474.0,24.43,13.5,-1.65,1421366400.0
2015-01-15,735.65,742.0,723.7,730.6,731.6616606623551,23039.0,2614.0,16856753.0,3239.0,14.06,18.3,-5.05,1421280000.0
2015-01-14,715.0,751.3,715.0,729.5,736.040512634255,96365.0,7802.0,70928544.0,10441.0,10.83,36.3,14.5,1421193600.0
2015-01-13,730.0,733.0,706.55,711.15,718.4259882731228,26435.0,2441.0,18991591.0,7578.0,28.67,26.45,-18.85,1421107200.0
2015-01-12,690.0,725.4,678.0,722.45,711.7188563989586,39944.0,3903.0,28428898.0,12813.0,32.08,47.4,32.45,1421020800.0
2015-01-09,699.0,703.8,683.1,687.95,694.108261731659,22695.0,2803.0,15752787.0,5803.0,25.57,20.7,-11.05,1420761600.0
2015-01-08,667.0,694.45,667.0,689.85,685.0658302231399,25186.0,2739.0,17254068.0,5392.0,21.41,27.45,22.85,1420675200.0
2015-01-07,669.4,675.0,653.75,664.1,664.0842105263158,20330.0,2004.0,13500832.0,5662.0,27.85,21.25,-5.3,1420588800.0
2015-01-06,677.0,679.0,660.0,671.1,669.1505560565074,33270.0,2864.0,22262639.0,7362.0,22.13,19.0,-5.9,1420502400.0
2015-01-05,679.95,688.5,675.0,680.35,682.6373772568895,15785.0,2029.0,10775431.0,3968.0,25.14,13.5,0.4,1420416000.0
2015-01-02,667.0,686.0,667.0,674.65,676.4992887624467,28823.0,2574.0,19498739.0,6061.0,21.03,19.0,7.65,1420156800.0
2015-01-01,667.0,667.7,660.25,662.4,663.6536483839373,8168.0,952.0,5420723.0,2792.0,34.18,7.45,-4.6,1420070400.0
2014-12-31,661.0,675.5,660.0,669.45,668.9876500688841,20324.0,2384.0,13596505.0,6144.0,30.23,15.5,8.45,1419984000.0
2014-12-30,669.95,669.95,652.0,663.85,662.1477082946743,10778.0,1622.0,7136628.0,2000.0,18.56,17.95,-6.1,1419897600.0
2014-12-29,650.95,667.5,650.95,665.75,663.2416300886479,23238.0,2994.0,15412409.0,9456.0,40.69,16.55,14.8,1419811200.0
2014-12-26,651.8,658.3,645.1,650.45,651.2244846551073,23819.0,2345.0,15511516.0,6113.0,25.66,13.2,-1.35,1419552000.0
2014-12-24,648.0,653.0,641.0,649.05,647.7970102837756,28297.0,1757.0,18330712.0,9130.0,32.26,12.0,1.05,1419379200.0
2014-12-23,654.95,654.95,637.05,643.1,647.119516282738,30431.0,3189.0,19692494.0,8423.0,27.68,17.9,-11.85,1419292800.0
2014-12-22,630.15,647.1,630.15,640.15,637.8501237063108,28697.0,2348.0,18304385.0,17031.0,59.35,16.95,10.0,1419206400.0
2014-12-19,627.0,642.2,627.0,634.6,633.8322696175215,21779.0,2567.0,13804233.0,4470.0,20.52,15.2,7.6,1418947200.0
2014-12-18,617.0,640.0,613.0,631.1,625.3396534815299,27531.0,3208.0,17216226.0,8284.0,30.09,27.0,14.1,1418860800.0
2014-12-17,626.0,634.95,603.05,609.95,619.0656618508395,64025.0,3881.0,39635679.0,35898.0,56.07,31.9,-16.05,1418774400.0
2014-12-16,626.1,649.7,617.2,627.9,634.2312666947842,35565.0,2767.0,22556435.0,4556.0,12.81,32.5,1.8,1418688000.0
2014-12-15,650.0,665.0,627.0,631.4,640.1246491451901,39190.0,3399.0,25086485.0,13107.0,33.44,38.0,-18.6,1418601600.0
2014-12-12,656.15,667.35,651.05,656.4,659.556532095774,24349.0,1647.0,16059542.0,7648.0,31.41,16.3,0.25,1418342400.0
2014-12-11,655.0,669.0,638.35,656.45,657.6105985839948,32627.0,2706.0,21455861.0,4389.0,13.45,30.65,1.45,1418256000.0
2014-12-10,640.0,660.95,635.0,655.25,651.6894965249453,30647.0,2308.0,19972328.0,5969.0,19.48,25.95,15.25,1418169600.0
2014-12-09,669.85,669.85,635.05,637.85,646.5132326820604,45040.0,2771.0,29118956.0,13329.0,29.59,34.8,-32.0,1418083200.0
2014-12-08,700.0,706.35,662.15,665.45,675.6022674624588,36693.0,2334.0,24789874.0,13763.0,37.51,44.2,-34.55,1417996800.0
2014-12-05,708.95,715.0,699.15,700.9,705.3160154572778,9316.0,872.0,6570724.0,2721.0,29.21,15.85,-8.05,1417737600.0
2014-12-04,716.35,722.45,701.0,704.55,711.2675015654352,23955.0,1871.0,17038413.0,6265.0,26.15,21.45,-11.8,1417651200.0
2014-12-03,708.0,729.5,708.0,716.0,722.5422839860648,26121.0,2022.0,18873527.0,3839.0,14.7,21.5,8.0,1417564800.0
2014-12-02,715.95,720.8,703.35,712.0,711.0246238030096,12427.0,1115.0,8835903.0,2147.0,17.28,17.45,-3.95,1417478400.0
2014-12-01,710.0,724.7,710.0,716.45,718.9338758901322,14745.0,1536.0,10600680.0,3243.0,21.99,14.7,6.45,1417392000.0
2014-11-28,690.0,715.3,690.0,709.4,709.827809272076,28753.0,2506.0,20409679.0,7533.0,26.2,25.3,19.4,1417132800.0
2014-11-27,685.1,701.5,685.1,693.15,694.5016767878184,22066.0,1505.0,15324874.0,6625.0,30.02,16.4,8.05,1417046400.0
2014-11-26,674.0,690.0,670.3,684.45,683.5601422821305,21366.0,1589.0,14604946.0,4925.0,23.05,19.7,10.45,1416960000.0
2014-11-25,704.6,704.6,667.45,676.3,678.1910749394175,21871.0,2110.0,14832717.0,7954.0,36.37,37.15,-28.3,1416873600.0
2014-11-24,691.1,704.7,686.2,699.15,697.5881017993192,18507.0,1658.0,12910263.0,2719.0,14.69,18.5,8.05,1416787200.0
2014-11-21,712.8,722.35,686.75,690.25,699.7350906095552,24280.0,2376.0,16989568.0,6245.0,25.72,35.6,-22.55,1416528000.0
2014-11-20,724.25,727.05,706.0,714.4,713.692719084256,21316.0,1595.0,15213074.0,5800.0,27.21,21.05,-9.85,1416441600.0
2014-11-19,737.1,741.15,710.55,719.6,724.287034372502,31275.0,5906.0,22652077.0,13528.0,43.25,30.6,-17.5,1416355200.0
2014-11-18,751.55,754.3,732.0,734.3,739.0453511299862,32965.0,1386.0,24362630.0,14432.0,43.78,22.3,-17.25,1416268800.0
2014-11-17,761.35,765.05,740.0,747.4,750.9551031693914,28933.0,1961.0,21727384.0,5619.0,19.42,25.05,-13.95,1416182400.0
2014-11-14,717.85,763.6,707.5,757.2,739.5250955585134,163774.0,10255.0,121114983.0,28023.0,17.11,56.1,39.35,1415923200.0
2014-11-13,710.55,719.5,703.15,713.35,713.0885774722369,45384.0,2340.0,32362812.0,17440.0,38.43,16.35,2.8,1415836800.0
2014-11-12,690.0,709.5,687.05,707.5,699.2014340356237,79217.0,3031.0,55388640.0,38930.0,49.14,22.45,17.5,1415750400.0
2014-11-11,665.0,689.5,662.0,686.4,681.1394692956641,40776.0,2482.0,27774143.0,15888.0,38.96,27.5,21.4,1415664000.0
2014-11-10,692.0,698.8,662.05,664.2,672.5234043550618,42663.0,3147.0,28691866.0,15595.0,36.55,36.75,-27.8,1415577600.0
2014-11-07,696.05,696.7,682.9,688.7,690.4364314075034,12341.0,1098.0,8520676.0,2604.0,21.1,13.8,-7.35,1415318400.0
2014-11-05,691.5,709.0,686.75,690.8,698.0683898874516,47624.0,3144.0,33244809.0,14452.0,30.35,22.25,-0.7,1415145600.0
2014-11-03,684.4,692.0,676.25,685.0,685.6799792146091,26942.0,1936.0,18473590.0,4993.0,18.53,15.75,0.6,1414972800.0
2014-10-31,662.0,680.9,662.0,678.3,673.1038802417713,31931.0,2500.0,21492880.0,7544.0,23.63,18.9,16.3,1414713600.0
2014-10-30,661.2,665.4,645.65,657.6,655.6127936597792,21198.0,1550.0,13897680.0,4766.0,22.48,19.75,-3.6,1414627200.0
2014-10-29,667.0,679.15,656.1,659.05,667.7021106863886,30085.0,2025.0,20087818.0,5625.0,18.7,23.05,-7.95,1414540800.0
2014-10-28,675.0,675.0,656.5,664.6,664.4056622716016,14941.0,1085.0,9926885.0,2947.0,19.72,18.5,-10.4,1414454400.0
2014-10-27,692.7,692.7,664.05,671.9,681.1145232111788,36211.0,2274.0,24663838.0,15421.0,42.59,28.65,-20.8,1414368000.0
2014-10-23,678.8,684.5,678.2,683.0,682.0367827366356,8156.0,490.0,5562692.0,3086.0,37.84,6.3,4.2,1414022400.0
2014-10-22,665.0,684.0,665.0,674.15,678.6472661920232,28934.0,2678.0,19635980.0,8020.0,27.72,19.0,9.15,1413936000.0
2014-10-21,658.0,677.0,654.8,661.7,665.0115687328127,31637.0,2246.0,21038971.0,8320.0,26.3,22.2,3.7,1413849600.0
2014-10-20,685.75,685.8,653.85,656.2,662.1737484871824,45445.0,2838.0,30092486.0,21953.0,48.31,31.95,-29.55,1413763200.0
2014-10-17,694.7,697.4,666.45,670.6,683.1260105798982,20038.0,2005.0,13688479.0,6289.0,31.39,30.95,-24.1,1413504000.0
2014-10-16,711.0,718.5,682.85,688.45,704.3129324627229,20522.0,1892.0,14453910.0,3194.0,15.56,35.65,-22.55,1413417600.0
2014-10-14,718.0,728.45,705.1,709.15,717.2402081271746,31327.0,2359.0,22468984.0,5734.0,18.3,23.35,-8.85,1413244800.0
2014-10-13,728.8,728.8,707.75,718.4,716.011642586618,14258.0,1470.0,10208894.0,2380.0,16.69,21.05,-10.4,1413158400.0
2014-10-10,745.0,753.9,732.05,735.0,743.9747910767319,14479.0,1288.0,10772011.0,2232.0,15.42,21.85,-10.0,1412899200.0
2014-10-09,743.0,754.1,736.05,746.3,745.4280924954869,11633.0,1245.0,8671565.0,1374.0,11.81,18.05,3.3,1412812800.0
2014-10-08,740.0,752.0,730.0,735.25,739.9165223730976,10973.0,1006.0,8119104.0,1251.0,11.4,22.0,-4.75,1412726400.0
2014-10-07,748.0,755.0,740.8,745.0,746.784050487665,8715.0,773.0,6508223.0,1811.0,20.78,14.2,-3.0,1412640000.0
2014-10-01,754.7,760.85,745.1,752.95,753.3079714128642,18190.0,1304.0,13702672.0,3432.0,18.87,15.75,-1.75,1412121600.0
2014-09-30,762.9,766.5,741.1,748.8,749.5448193148043,19177.0,1600.0,14374021.0,3308.0,17.25,25.4,-14.1,1412035200.0
2014-09-29,766.0,774.3,748.9,760.15,761.5389012071939,20295.0,1718.0,15455432.0,3307.0,16.29,25.4,-5.85,1411948800.0
2014-09-26,730.0,757.0,712.55,752.2,741.889337641357,50758.0,3193.0,37656819.0,5458.0,10.75,44.45,22.2,1411689600.0
2014-09-25,772.0,772.0,735.15,739.25,746.2497511134399,38170.0,2981.0,28484353.0,7768.0,20.35,36.85,-32.75,1411603200.0
2014-09-24,775.0,781.8,758.7,774.4,772.2059134806191,45354.0,3095.0,35022627.0,5907.0,13.02,23.1,-0.6,1411516800.0
2014-09-23,772.4,801.95,761.05,764.9,783.1301513017403,44018.0,3323.0,34471823.0,6179.0,14.04,40.9,-7.5,1411430400.0
2014-09-22,796.85,796.85,761.5,766.1,769.3899143275057,28714.0,2346.0,22092262.0,4641.0,16.16,35.35,-30.75,1411344000.0
2014-09-19,798.95,808.8,781.15,783.95,792.6033759734995,28377.0,2016.0,22491706.0,5839.0,20.58,27.65,-15.0,1411084800.0
2014-09-18,790.0,808.45,778.0,797.0,795.7415652359598,37464.0,2849.0,29811662.0,3251.0,8.68,30.45,7.0,1410998400.0
2014-09-17,780.5,800.0,748.0,790.0,773.468810137613,55082.0,3296.0,42604209.0,5563.0,10.1,52.0,9.5,1410912000.0
2014-09-16,812.0,828.1,751.2,762.8,791.4413154930468,94991.0,6640.0,75179802.0,8587.0,9.04,76.9,-49.2,1410825600.0
2014-09-15,750.0,819.8,742.4,812.75,796.7794005714096,90653.0,6231.0,72230443.0,8676.0,9.57,77.4,62.75,1410739200.0
2014-09-12,765.0,773.85,749.05,754.25,754.1477134062667,236837.0,2343.0,178610082.0,217202.0,91.71,24.8,-10.75,1410480000.0
2014-09-11,766.0,773.85,758.05,765.55,766.4577284784181,20735.0,1327.0,15892501.0,6300.0,30.38,15.8,-0.45,1410393600.0
2014-09-10,773.0,778.0,757.1,761.35,764.497716129573,23863.0,1927.0,18243209.0,6652.0,27.88,20.9,-11.65,1410307200.0
2014-09-09,762.0,776.0,754.25,773.4,768.4489042107855,40610.0,3231.0,31206710.0,9038.0,22.26,21.75,11.4,1410220800.0
2014-09-08,762.0,767.6,742.35,761.35,755.1461068463105,31915.0,3202.0,24100488.0,7093.0,22.22,25.25,-0.65,1410134400.0
2014-09-05,745.1,767.45,745.1,756.25,758.0228297800473,50329.0,3927.0,38150531.0,7406.0,14.72,22.35,11.15,1409875200.0
2014-09-04,716.0,747.0,716.0,741.55,734.0485523430935,97606.0,5783.0,71647543.0,23165.0,23.73,31.0,25.55,1409788800.0
2014-09-03,701.35,718.05,701.35,707.25,709.5765466210837,21353.0,1836.0,15151588.0,2935.0,13.75,16.7,5.9,1409702400.0
2014-09-02,709.0,713.0,698.05,701.35,704.6683651639504,25709.0,1739.0,18116319.0,5561.0,21.63,14.95,-7.65,1409616000.0
2014-09-01,695.0,721.0,690.65,709.45,711.0192081807504,28946.0,2729.0,20581162.0,4323.0,14.93,30.35,14.45,1409529600.0
2014-08-28,694.45,700.55,681.05,695.1,690.8596045585609,29132.0,2068.0,20126122.0,3467.0,11.9,19.5,0.65,1409184000.0
2014-08-27,700.0,709.5,689.0,696.1,697.920658913533,32417.0,2507.0,22624494.0,2312.0,7.13,20.5,-3.9,1409097600.0
2014-08-26,733.4,733.4,686.65,699.0,707.5371379494165,67532.0,4555.0,47781398.0,12752.0,18.88,46.75,-34.4,1409011200.0
2014-08-25,721.0,755.0,721.0,725.9,738.5788518699788,83771.0,5544.0,61871489.0,19469.0,23.24,34.0,4.9,1408924800.0
2014-08-22,710.0,723.0,704.0,720.65,717.1423228701865,38771.0,3126.0,27804325.0,8788.0,22.67,19.0,10.65,1408665600.0
2014-08-21,703.65,711.85,695.15,705.85,706.3548842683405,25490.0,2003.0,18004986.0,5760.0,22.6,16.7,2.2,1408579200.0
2014-08-20,705.0,710.0,688.15,699.4,698.7353557900433,29568.0,2221.0,20660207.0,5359.0,18.12,21.85,-5.6,1408492800.0
2014-08-19,710.0,713.0,689.6,699.35,699.6760563380282,16401.0,1395.0,11475387.0,3956.0,24.12,23.4,-10.65,1408406400.0
2014-08-18,697.05,710.9,695.6,707.45,704.4039424565237,21966.0,2400.0,15472937.0,4759.0,21.67,15.3,10.4,1408320000.0
2014-08-14,701.05,709.85,686.5,697.25,695.7867892676269,27841.0,2700.0,19371400.0,4523.0,16.25,23.35,-3.8,1407974400.0
2014-08-13,685.05,703.95,685.05,698.55,696.8026927201239,41965.0,3020.0,29241325.0,11739.0,27.97,18.9,13.5,1407888000.0
2014-08-12,679.3,690.9,678.0,686.2,685.9328576655689,16398.0,1365.0,11247927.0,4931.0,30.07,12.9,6.9,1407801600.0
2014-08-11,673.4,686.65,672.5,676.4,680.0247798003523,25545.0,1499.0,17371233.0,3200.0,12.53,14.15,3.0,1407715200.0
2014-08-08,678.0,678.0,657.0,667.4,667.460280062236,22495.0,2009.0,15014519.0,3709.0,16.49,21.0,-10.6,1407456000.0
2014-08-07,688.0,703.5,677.25,681.15,687.9573307075307,48747.0,3415.0,33535856.0,6696.0,13.74,26.25,-6.85,1407369600.0
2014-08-06,685.0,714.0,680.0,688.0,698.881455466636,86845.0,6059.0,60694360.0,10809.0,12.45,34.0,3.0,1407283200.0
2014-08-05,683.05,688.8,670.1,686.55,680.2539893797617,73633.0,5387.0,50089142.0,15003.0,20.38,18.7,3.5,1407196800.0
2014-08-04,650.0,686.9,650.0,680.1,668.7399346128232,66068.0,4709.0,44182310.0,13428.0,20.32,36.9,30.1,1407110400.0
2014-08-01,638.0,666.0,636.95,646.75,655.1976168715835,57991.0,3773.0,37995565.0,14841.0,25.59,29.05,8.75,1406851200.0
2014-07-31,647.0,653.5,631.0,646.0,644.6890929864651,68268.0,4062.0,44011635.0,26240.0,38.44,22.5,-1.0,1406764800.0
2014-07-30,620.0,651.6,607.0,642.35,629.6394928871526,149237.0,10107.0,93965509.0,12496.0,8.37,44.6,22.35,1406678400.0
2014-07-28,641.8,645.0,603.0,607.35,616.182079835532,29185.0,2796.0,17983274.0,7783.0,26.67,42.0,-34.45,1406505600.0
2014-07-25,653.05,656.4,636.1,640.45,644.3016863567073,20992.0,1815.0,13525181.0,3760.0,17.91,20.3,-12.6,1406246400.0
2014-07-24,647.0,663.0,642.8,656.85,653.6574413831705,32158.0,2720.0,21020316.0,4449.0,13.83,20.2,9.85,1406160000.0
2014-07-23,661.95,663.65,643.4,652.55,650.8400580773346,39258.0,2915.0,25550679.0,4757.0,12.12,20.25,-9.4,1406073600.0
2014-07-22,667.0,676.5,646.35,657.1,663.1844270323213,51050.0,3333.0,33855565.0,10709.0,20.98,30.15,-9.9,1405987200.0
2014-07-21,670.0,671.2,660.0,666.1,665.8172425307903,50909.0,3005.0,33896090.0,13725.0,26.96,11.2,-3.9,1405900800.0
2014-07-18,652.0,669.35,641.0,653.85,658.7751061090181,104845.0,5352.0,69069276.0,11280.0,10.76,28.35,1.85,1405641600.0
2014-07-17,623.9,656.75,623.9,651.35,646.6240441321708,70878.0,4374.0,45831419.0,10653.0,15.03,32.85,27.45,1405555200.0
2014-07-16,639.0,649.4,618.6,627.2,627.4374815172044,219799.0,4693.0,137910131.0,15254.0,6.94,30.8,-11.8,1405468800.0
2014-07-15,650.0,659.0,616.0,631.4,636.7290216343579,74696.0,5299.0,47561111.0,15319.0,20.51,43.0,-18.6,1405382400.0
2014-07-14,643.0,657.5,605.0,643.15,637.5612713577073,70759.0,5656.0,45113198.0,5649.0,7.98,52.5,0.15,1405296000.0
2014-07-11,701.0,701.0,630.0,636.35,656.313899136173,87286.0,5968.0,57287015.0,16591.0,19.01,71.0,-64.65,1405036800.0
2014-07-10,706.05,720.75,662.0,691.0,693.3730156782884,81514.0,5910.0,56519608.0,7246.0,8.89,58.75,-15.05,1404950400.0
2014-07-09,714.65,729.2,688.25,696.3,708.2591887667642,79336.0,5866.0,56190451.0,5702.0,7.19,40.95,-18.35,1404864000.0
2014-07-08,779.1,785.6,707.0,713.75,755.4154181307098,71150.0,5372.0,53747807.0,14577.0,20.49,78.6,-65.35,1404777600.0
2014-07-07,759.9,784.3,743.35,778.55,766.7507864536651,113802.0,6997.0,87257773.0,8036.0,7.06,40.95,18.65,1404691200.0
2014-07-04,714.0,763.5,712.5,755.0,747.1439191091463,166941.0,9794.0,124728953.0,11901.0,7.13,51.0,41.0,1404432000.0
2014-07-03,720.0,720.75,705.6,713.95,712.9191600478729,9191.0,1007.0,6552440.0,1830.0,19.91,15.15,-6.05,1404345600.0
2014-07-02,690.0,737.85,687.7,720.2,722.8742427818426,101688.0,6389.0,73507636.0,28609.0,28.13,50.15,30.2,1404259200.0
2014-07-01,710.5,711.55,678.7,686.4,689.0252103194895,142759.0,6636.0,98364550.0,64862.0,45.43,32.85,-24.1,1404172800.0
2014-06-30,660.0,710.95,656.7,706.65,690.1288854734576,165263.0,10868.0,114052770.0,18829.0,11.39,54.25,46.65,1404086400.0
2014-06-27,620.25,654.8,617.25,650.15,641.0988247863248,58032.0,3689.0,37204247.0,9279.0,15.99,37.55,29.9,1403827200.0
2014-06-26,625.0,638.15,616.0,618.65,623.9980697922488,19687.0,1765.0,12284650.0,3922.0,19.92,22.15,-6.35,1403740800.0
2014-06-25,637.5,642.45,620.9,624.1,630.6079594423321,39450.0,2371.0,24877484.0,13195.0,33.45,21.55,-13.4,1403654400.0
2014-06-24,605.0,636.5,605.0,632.6,629.1164556962025,52535.0,3611.0,33050633.0,15319.0,29.16,31.5,27.6,1403568000.0
2014-06-23,594.0,614.0,585.5,607.05,601.1570803140097,26496.0,1975.0,15928258.0,3184.0,12.02,28.5,13.05,1403481600.0
2014-06-20,623.0,625.6,593.3,597.7,610.5234794169318,21061.0,1650.0,12858235.0,4029.0,19.13,32.3,-25.3,1403222400.0
2014-06-19,623.0,625.9,616.5,622.2,622.0029689007645,26946.0,2210.0,16760492.0,7398.0,27.45,9.4,-0.8,1403136000.0
2014-06-18,619.45,630.2,610.05,619.2,622.6675502089917,49045.0,3560.0,30538730.0,8743.0,17.83,20.15,-0.25,1403049600.0
2014-06-17,605.0,630.4,605.0,622.45,619.7482223437713,29252.0,2541.0,18128875.0,6086.0,20.81,25.4,17.45,1402963200.0
2014-06-16,591.6,608.0,573.65,602.05,593.9191895254457,16879.0,1297.0,10024762.0,5280.0,31.28,34.35,10.45,1402876800.0
2014-06-13,624.6,625.7,586.25,590.05,603.5123154804952,23507.0,1853.0,14186764.0,7069.0,30.07,39.45,-34.55,1402617600.0
2014-06-12,616.05,627.95,611.9,618.85,620.2491668300332,20404.0,1787.0,12655564.0,3352.0,16.43,16.05,2.8,1402531200.0
2014-06-11,624.7,630.85,608.25,612.45,620.4903170627405,16369.0,1405.0,10156806.0,4628.0,28.27,22.6,-12.25,1402444800.0
2014-06-10,631.0,631.6,608.0,622.05,618.5465882687657,42178.0,2343.0,26089058.0,12620.0,29.92,23.6,-8.95,1402358400.0
2014-06-09,625.0,634.9,623.0,627.4,629.3241955779256,22252.0,2024.0,14003722.0,10551.0,47.42,11.9,2.4,1402272000.0
2014-06-06,625.0,630.5,616.45,622.8,624.279365833786,29456.0,2415.0,18388773.0,14326.0,48.64,14.05,-2.2,1402012800.0
2014-06-05,607.35,625.0,607.0,620.4,620.3487008660893,30020.0,2070.0,18622868.0,10144.0,33.79,18.0,13.05,1401926400.0
2014-06-04,608.05,614.0,603.5,607.0,609.7435952268936,23381.0,2184.0,14256415.0,7080.0,30.28,10.5,-1.05,1401840000.0
2014-06-03,605.0,614.95,599.0,606.0,607.8163171085608,15162.0,1378.0,9215711.0,4374.0,28.85,15.95,1.0,1401753600.0
2014-06-02,589.0,608.0,579.0,604.55,600.2069459886477,34178.0,2701.0,20513873.0,8794.0,25.73,29.0,15.55,1401667200.0
2014-05-30,585.95,594.0,572.0,577.45,582.0737993662707,56491.0,5080.0,32881931.0,8037.0,14.23,22.0,-8.5,1401408000.0
2014-05-29,606.9,606.9,584.0,588.7,600.0178606670613,30402.0,1080.0,18241743.0,2468.0,8.12,22.9,-18.2,1401321600.0
2014-05-28,604.0,607.15,597.0,603.1,603.4943249452579,408278.0,638.0,246393456.0,404164.0,98.99,10.15,-0.9,1401235200.0
2014-05-27,630.3,630.3,608.45,610.5,613.3909922589726,7105.0,736.0,4358143.0,2673.0,37.62,21.85,-19.8,1401148800.0
2014-05-26,650.0,656.6,620.1,627.4,642.4751489966648,18289.0,2137.0,11750228.0,6998.0,38.26,36.5,-22.6,1401062400.0
2014-05-23,620.0,653.0,619.05,646.4,636.094466973301,36743.0,2538.0,23372019.0,6590.0,17.94,33.95,26.4,1400803200.0
2014-05-22,604.95,622.0,574.15,617.65,604.3659198913781,47136.0,2929.0,28487392.0,18452.0,39.15,47.85,12.7,1400716800.0
2014-05-21,574.5,606.5,574.45,594.85,593.9834491695135,33956.0,2705.0,20169302.0,8996.0,26.49,32.05,20.35,1400630400.0
2014-05-20,566.25,575.0,560.0,571.15,572.1285196328009,142593.0,2756.0,81581522.0,116215.0,81.5,15.0,4.9,1400544000.0
2014-05-19,530.0,568.0,530.0,564.85,552.1248700353505,28854.0,1925.0,15931011.0,8474.0,29.37,38.0,34.85,1400457600.0
2014-05-16,520.0,548.5,520.0,531.45,535.4014481524033,37427.0,2753.0,20038470.0,13013.0,34.77,28.5,11.45,1400198400.0
2014-05-15,523.4,525.7,511.15,517.5,519.2491367861886,15060.0,1082.0,7819892.0,4504.0,29.91,14.55,-5.9,1400112000.0
2014-05-14,517.15,527.6,514.0,518.45,518.8535945072698,9904.0,793.0,5138726.0,2681.0,27.07,13.6,1.3,1400025600.0
2014-05-13,515.0,526.0,511.2,521.45,521.0238561599116,19911.0,1690.0,10374106.0,6849.0,34.4,14.8,6.45,1399939200.0
2014-05-12,510.0,519.4,494.45,510.05,508.8014443298151,25202.0,1782.0,12822814.0,6100.0,24.2,24.95,0.05,1399852800.0
2014-05-09,472.65,514.0,472.65,506.85,493.50490011307954,53060.0,3787.0,26185370.0,19947.0,37.59,41.35,34.2,1399593600.0
2014-05-08,472.6,477.35,469.45,471.55,471.8772562647546,68199.0,2287.0,32181557.0,8034.0,11.78,7.9,-1.05,1399507200.0
2014-05-07,458.05,474.0,455.1,471.15,465.10998567885457,557218.0,3458.0,259167656.0,512993.0,92.06,18.9,13.1,1399420800.0
2014-05-06,460.0,466.0,451.6,453.7,459.4599633426886,34918.0,2729.0,16043423.0,11540.0,33.05,14.4,-6.3,1399334400.0
2014-05-05,453.35,453.45,441.0,450.7,451.7516585630412,634284.0,2295.0,286538849.0,2178.0,0.34,12.45,-2.65,1399248000.0
2014-05-02,453.0,464.7,449.6,453.55,454.2088811253103,21754.0,1526.0,9880860.0,7513.0,34.54,15.1,0.55,1398988800.0
2014-04-30,465.45,471.0,444.9,454.5,458.5453362690152,29976.0,3200.0,13745355.0,8093.0,27.0,26.1,-10.95,1398816000.0
2014-04-29,485.0,485.0,462.0,463.9,472.4563470808784,20537.0,1946.0,9702836.0,6268.0,30.52,23.0,-21.1,1398729600.0
2014-04-28,488.0,488.0,476.0,481.85,480.6540633674739,10447.0,1038.0,5021393.0,3372.0,32.28,12.0,-6.15,1398643200.0
2014-04-25,504.1,504.1,485.55,489.3,491.223258323058,12976.0,1618.0,6374113.0,4510.0,34.76,18.55,-14.8,1398384000.0
2014-04-23,510.25,512.45,497.1,504.65,504.1358844201484,12805.0,1101.0,6455460.0,6687.0,52.22,15.35,-5.6,1398211200.0
2014-04-22,517.0,517.85,507.05,508.0,512.0502032297045,9103.0,815.0,4661193.0,2377.0,26.11,10.8,-9.0,1398124800.0
2014-04-21,510.0,517.6,508.15,510.5,512.2995634776281,5498.0,536.0,2816623.0,1632.0,29.68,9.45,0.5,1398038400.0
2014-04-17,510.25,515.0,504.0,513.35,510.66962659380687,4392.0,617.0,2242861.0,1581.0,36.0,11.0,3.1,1397692800.0
2014-04-16,515.0,518.85,504.0,510.1,511.5495726708693,40133.0,1597.0,20530019.0,11764.0,29.31,14.85,-4.9,1397606400.0
2014-04-15,522.0,533.95,509.0,517.3,530.2354547215176,423402.0,1688.0,224502752.0,405437.0,95.76,24.95,-4.7,1397520000.0
2014-04-11,525.0,527.75,515.6,523.3,523.4927019982624,23020.0,1541.0,12050802.0,2725.0,11.84,12.15,-1.7,1397174400.0
2014-04-10,519.85,529.0,515.0,518.0,522.8632671340768,32377.0,2136.0,16928744.0,6919.0,21.37,14.0,-1.85,1397088000.0
2014-04-09,504.9,517.9,501.4,515.75,513.1771373280807,14469.0,1088.0,7425160.0,3740.0,12.92,16.5,10.85,1397001600.0
2014-04-07,516.0,516.0,502.9,507.4,506.3825242718447,2575.0,275.0,1303935.0,1551.0,30.12,13.1,-8.6,1396828800.0
2014-04-04,510.0,518.0,490.0,511.4,510.8486967897756,19874.0,1089.0,10152607.0,3703.0,18.63,28.0,1.4,1396569600.0
2014-04-03,513.6,514.0,500.0,509.55,507.8042360060514,13220.0,869.0,6713172.0,2973.0,22.49,14.0,-4.05,1396483200.0
2014-04-02,506.6,517.9,506.45,513.8,513.831390749433,18961.0,941.0,9742757.0,5524.0,29.13,11.45,7.2,1396396800.0
2014-04-01,503.1,507.8,493.5,504.3,500.0566483084186,7626.0,559.0,3813432.0,2035.0,26.69,14.3,1.2,1396310400.0
2014-03-31,517.0,520.0,496.0,500.45,507.86159978536654,26091.0,1356.0,13250617.0,8221.0,31.51,24.0,-16.55,1396224000.0
2014-03-28,484.25,513.6,483.85,511.85,503.019452830776,32129.0,2440.0,16161512.0,9649.0,30.03,29.75,27.6,1395964800.0
2014-03-27,486.15,497.4,480.05,483.05,489.2942810614043,10439.0,615.0,5107743.0,3449.0,33.04,17.35,-3.1,1395878400.0
2014-03-26,490.0,493.5,483.55,485.85,488.4863897382355,13409.0,756.0,6550114.0,2758.0,20.57,9.95,-4.15,1395792000.0
2014-03-25,477.85,489.6,475.75,486.85,484.5839047275352,49878.0,2273.0,24170076.0,11517.0,23.09,13.85,9.0,1395705600.0
2014-03-24,465.0,475.4,458.5,473.65,468.7142811501597,31300.0,1304.0,14670757.0,10161.0,32.46,16.9,8.65,1395619200.0
2014-03-22,459.7,462.9,458.0,462.05,460.82944606414,686.0,46.0,316129.0,401.0,58.45,4.9,2.35,1395446400.0
2014-03-21,464.0,466.0,452.0,458.05,458.68929209363534,21274.0,1050.0,9758156.0,4725.0,22.21,14.0,-5.95,1395360000.0
2014-03-20,470.3,474.85,461.2,463.2,465.8452357849796,20612.0,1137.0,9602002.0,4931.0,23.92,13.65,-7.1,1395273600.0
2014-03-19,469.9,479.3,465.3,469.95,474.7591561548499,22990.0,1276.0,10914713.0,4524.0,19.68,14.0,0.05,1395187200.0
2014-03-18,465.25,470.0,461.0,465.05,465.6528722041581,10149.0,584.0,4725911.0,2763.0,27.22,9.0,-0.2,1395100800.0
2014-03-14,466.1,472.0,456.95,461.8,462.08574549426544,12817.0,900.0,5922553.0,1927.0,15.03,15.05,-4.3,1394755200.0
2014-03-13,483.3,492.0,456.0,465.8,471.44978953698137,18293.0,1032.0,8624231.0,6849.0,37.44,36.0,-17.5,1394668800.0
2014-03-12,487.9,487.9,477.05,480.95,481.9069192751236,10926.0,575.0,5265315.0,3801.0,34.79,10.85,-6.95,1394582400.0
2014-03-11,481.0,495.85,477.95,484.85,488.3952335319362,24001.0,1266.0,11721974.0,3348.0,13.95,17.9,3.85,1394496000.0
2014-03-10,488.0,495.25,469.0,479.15,479.0945823047941,15394.0,1041.0,7375182.0,1790.0,11.63,26.25,-8.85,1394409600.0
2014-03-07,498.05,501.9,487.85,489.6,494.3905743070181,17569.0,1089.0,8685948.0,2981.0,16.97,14.05,-8.45,1394150400.0
2014-03-06,485.0,501.3,482.25,495.65,496.35979960970496,34333.0,2798.0,17041521.0,13207.0,38.47,19.05,10.65,1394064000.0
2014-03-05,482.7,486.6,475.4,481.35,481.36301221753695,18498.0,1142.0,8904253.0,2826.0,15.28,11.2,-1.35,1393977600.0
2014-03-04,483.0,488.5,472.5,480.45,480.32470544577416,10779.0,658.0,5177420.0,3303.0,30.64,16.0,-2.55,1393891200.0
2014-03-03,485.0,525.0,479.45,482.25,488.3239647109868,20743.0,1236.0,10129304.0,5151.0,24.83,45.55,-2.75,1393804800.0
2014-02-28,468.35,485.0,468.35,483.45,478.44593569316896,38223.0,1683.0,18287639.0,11181.0,29.25,16.65,15.1,1393545600.0
2014-02-26,460.0,473.0,458.8,468.35,467.4942245182261,68912.0,3120.0,32215962.0,12687.0,18.41,14.2,8.35,1393372800.0
2014-02-25,445.3,458.0,442.95,455.9,452.3762370883132,18491.0,1065.0,8364889.0,6919.0,37.42,15.05,10.6,1393286400.0
2014-02-24,447.0,454.5,442.15,443.9,449.9224592092476,19551.0,1254.0,8796434.0,4014.0,20.53,12.35,-3.1,1393200000.0
2014-02-21,438.6,445.95,438.0,444.9,443.37975635433895,6649.0,457.0,2948032.0,2975.0,44.74,7.95,6.3,1392940800.0
2014-02-20,446.0,446.0,434.1,436.5,439.7827805464857,11638.0,573.0,5118192.0,3121.0,26.82,11.9,-9.5,1392854400.0
2014-02-19,444.0,447.5,439.5,445.6,443.9552337374405,21199.0,1250.0,9411407.0,4850.0,22.88,8.0,1.6,1392768000.0
2014-02-18,432.8,439.95,425.75,437.55,434.44968007808257,18442.0,1209.0,8012121.0,3341.0,18.12,14.2,4.75,1392681600.0
2014-02-17,427.45,432.85,420.0,431.3,429.21557234166175,10326.0,659.0,4432080.0,2584.0,25.02,12.85,3.85,1392595200.0
2014-02-14,419.6,429.35,417.5,422.4,424.1519257540603,10775.0,809.0,4570237.0,2382.0,22.11,11.85,2.8,1392336000.0
2014-02-13,424.75,429.65,418.0,421.15,424.64463073852295,12525.0,908.0,5318674.0,2994.0,23.9,11.65,-3.6,1392249600.0
2014-02-12,437.25,437.25,422.8,425.0,426.8757467144564,12555.0,875.0,5359425.0,2718.0,21.65,14.45,-12.25,1392163200.0
2014-02-11,446.9,448.4,435.55,437.9,439.8082965396858,9739.0,714.0,4283293.0,2026.0,20.8,12.85,-9.0,1392076800.0
2014-02-10,447.5,454.35,440.7,450.4,449.23619988378846,13768.0,767.0,6185084.0,1719.0,12.49,13.65,2.9,1391990400.0
2014-02-07,459.4,463.75,445.1,447.55,453.0974076263069,98134.0,3575.0,44464261.0,7903.0,8.05,18.65,-11.85,1391731200.0
2014-02-06,447.15,457.75,440.65,456.15,452.202555151155,26926.0,1217.0,12176006.0,8546.0,31.74,17.1,9.0,1391644800.0
2014-02-05,450.0,451.4,442.2,446.3,446.4630690696948,9599.0,510.0,4285599.0,3340.0,34.8,9.2,-3.7,1391558400.0
2014-02-04,432.0,448.95,420.0,447.4,439.44601314661327,17495.0,1119.0,7688108.0,3562.0,20.36,28.95,15.4,1391472000.0
2014-02-03,442.0,446.45,433.05,434.45,439.62850195964575,27556.0,1285.0,12114403.0,7308.0,26.52,13.4,-7.55,1391385600.0
2014-01-31,409.2,440.5,408.0,437.7,427.8314387026125,38354.0,2111.0,16409047.0,15205.0,39.64,32.5,28.5,1391126400.0
2014-01-30,406.5,408.5,399.0,403.8,405.1231116342946,10194.0,1092.0,4129825.0,4663.0,45.74,9.5,-2.7,1391040000.0
2014-01-29,415.35,418.4,410.0,412.5,413.0330834419818,12272.0,1067.0,5068742.0,4290.0,34.96,8.4,-2.85,1390953600.0
2014-01-28,415.0,426.1,409.0,411.9,416.0362023712553,11049.0,1056.0,4596784.0,4161.0,37.66,17.1,-3.1,1390867200.0
2014-01-27,420.0,420.0,405.0,413.2,411.5459731543624,5960.0,877.0,2452814.0,2252.0,37.79,15.0,-6.8,1390780800.0
2014-01-24,426.0,435.0,410.95,418.0,420.4050685500623,12035.0,1129.0,5059575.0,2949.0,24.5,24.05,-8.0,1390521600.0
2014-01-23,442.7,442.8,429.15,431.55,433.1997398736529,16146.0,833.0,6994443.0,3156.0,19.55,13.65,-11.15,1390435200.0
2014-01-22,431.9,444.55,429.1,440.95,440.84708746427685,28343.0,2528.0,12494929.0,8754.0,30.89,15.45,9.05,1390348800.0
2014-01-21,433.5,435.05,425.3,427.25,430.605724725944,8210.0,757.0,3535273.0,2002.0,24.38,9.75,-6.25,1390262400.0
2014-01-20,441.0,442.4,432.0,439.1,436.34347778145326,9069.0,799.0,3957199.0,2509.0,27.67,10.4,-1.9,1390176000.0
2014-01-17,446.35,448.3,440.0,440.3,442.00654296875,10240.0,1404.0,4526147.0,4381.0,42.78,8.3,-6.05,1389916800.0
2014-01-16,454.0,455.5,443.35,445.1,448.38935674610286,5581.0,662.0,2502461.0,1854.0,33.22,12.15,-8.9,1389830400.0
2014-01-15,464.0,464.7,449.1,452.85,456.4366514019442,12447.0,795.0,5681267.0,3340.0,26.83,15.6,-11.15,1389744000.0
2014-01-14,446.95,462.0,446.0,460.75,457.5764470777969,28523.0,1435.0,13051453.0,6306.0,22.11,16.0,13.8,1389657600.0
2014-01-13,448.0,453.55,440.0,444.5,444.0003797949107,10532.0,655.0,4676212.0,2943.0,27.94,13.55,-3.5,1389571200.0
2014-01-10,449.0,455.65,443.0,444.75,450.8289828146772,21530.0,1151.0,9706348.0,5750.0,26.71,12.65,-4.25,1389312000.0
2014-01-09,440.0,449.95,436.0,446.3,444.5409956374608,24527.0,2001.0,10903257.0,5963.0,24.31,13.95,6.3,1389225600.0
2014-01-08,456.5,456.5,439.0,442.05,448.70719464584494,32274.0,1831.0,14481576.0,7561.0,23.43,17.5,-14.45,1389139200.0
2014-01-07,469.8,470.0,448.0,453.3,456.9624792629981,28331.0,1618.0,12946204.0,6438.0,22.72,22.0,-16.5,1389052800.0
2014-01-06,445.0,469.0,443.0,465.5,450.9113709435896,404021.0,2008.0,182177663.0,367745.0,91.02,26.0,20.5,1388966400.0
2014-01-03,443.0,453.8,439.0,446.95,447.4537045601701,10811.0,602.0,4837422.0,3600.0,33.3,14.8,3.95,1388707200.0
2014-01-02,464.85,467.0,444.0,448.3,460.2309007981756,14032.0,1007.0,6457960.0,5695.0,40.59,23.0,-16.55,1388620800.0
2014-01-01,466.05,470.9,463.05,464.6,466.80141637563054,20616.0,953.0,9623578.0,6180.0,29.98,7.85,-1.45,1388534400.0
2013-12-31,456.0,468.5,456.0,465.85,463.9834103317934,19048.0,1123.0,8837956.0,2549.0,13.38,12.5,9.85,1388448000.0
2013-12-30,454.5,459.0,449.0,455.3,454.3325685717221,29203.0,1350.0,13267874.0,3580.0,12.26,10.0,0.8,1388361600.0
2013-12-27,442.0,450.35,442.0,448.8,447.2546064115708,36091.0,2416.0,16141866.0,16252.0,45.03,8.35,6.8,1388102400.0
2013-12-26,429.4,444.1,426.45,441.45,440.63293661985074,53187.0,1692.0,23435944.0,19061.0,35.84,17.65,12.05,1388016000.0
2013-12-24,435.0,437.0,424.7,427.65,429.34572853019455,26677.0,882.0,11453656.0,12047.0,45.16,12.3,-7.35,1387843200.0
2013-12-23,439.95,442.6,435.4,436.55,438.5603035504562,11069.0,500.0,4854424.0,3785.0,34.19,7.2,-3.4,1387756800.0
2013-12-20,427.9,439.9,427.5,437.55,434.28951620278633,32803.0,1435.0,14245999.0,8968.0,27.34,12.4,9.65,1387497600.0
2013-12-19,427.9,432.0,421.0,429.95,426.9703735054492,28353.0,1069.0,12105891.0,13527.0,47.71,11.0,2.05,1387411200.0
2013-12-18,419.7,434.0,417.8,428.4,426.2740139141859,33491.0,1463.0,14276343.0,10414.0,31.09,16.2,8.7,1387324800.0
2013-12-17,429.05,434.0,417.55,419.9,425.2946356547458,29752.0,1041.0,12653366.0,12452.0,41.85,16.45,-9.15,1387238400.0
2013-12-16,418.15,430.2,415.6,429.05,425.33319997090274,27494.0,1340.0,11694111.0,5621.0,20.44,14.6,10.9,1387152000.0
2013-12-13,415.3,421.55,413.6,418.2,417.18960361879937,52172.0,1548.0,21765616.0,26290.0,50.39,7.95,2.9,1386892800.0
2013-12-12,411.5,419.35,407.5,415.2,415.7947220993661,33915.0,1613.0,14101678.0,9026.0,26.61,11.85,3.7,1386806400.0
2013-12-11,408.0,415.4,406.15,410.85,411.4637844133416,49799.0,2223.0,20490485.0,13177.0,26.46,9.25,2.85,1386720000.0
2013-12-10,392.0,408.0,387.35,405.25,400.08371887508446,38474.0,1694.0,15392821.0,10740.0,27.91,20.65,13.25,1386633600.0
2013-12-09,398.0,400.0,390.0,390.95,392.8560350904676,12767.0,773.0,5015593.0,6162.0,48.27,10.0,-7.05,1386547200.0
2013-12-06,391.3,398.0,388.65,396.95,394.9927664974619,15760.0,904.0,6225086.0,3584.0,22.74,9.35,5.65,1386288000.0
2013-12-05,390.0,394.55,383.0,392.8,390.873372781065,13520.0,776.0,5284608.0,3880.0,28.7,11.55,2.8,1386201600.0
2013-12-04,398.6,400.0,386.0,389.2,393.1197865876528,106648.0,1145.0,41925439.0,87025.0,81.6,14.0,-9.4,1386115200.0
2013-12-03,383.0,397.9,382.0,394.95,392.1869741352447,32090.0,1472.0,12585280.0,6558.0,20.44,15.9,11.95,1386028800.0
2013-12-02,382.0,386.4,381.75,383.8,384.07931452835913,6594.0,517.0,2532619.0,2454.0,37.22,4.65,1.8,1385942400.0
2013-11-29,386.0,391.95,379.25,381.55,385.601645935419,15918.0,966.0,6138007.0,4548.0,28.57,12.7,-4.45,1385683200.0
2013-11-28,380.05,387.65,374.9,383.95,380.9288365776369,11045.0,767.0,4207359.0,3141.0,28.44,12.75,3.9,1385596800.0
2013-11-27,388.5,394.0,379.0,381.95,388.31711448148434,12989.0,1267.0,5043851.0,4081.0,31.42,15.0,-6.55,1385510400.0
2013-11-26,382.4,388.5,378.8,385.45,385.72193181818176,8800.0,560.0,3394353.0,2312.0,26.27,9.7,3.05,1385424000.0
2013-11-25,382.95,383.8,372.0,381.35,377.0740867482248,11689.0,863.0,4407619.0,3565.0,30.5,11.8,-1.6,1385337600.0
2013-11-22,393.8,394.05,374.5,379.5,384.88353360623273,7573.0,528.0,2914723.0,1690.0,22.32,19.55,-14.3,1385078400.0
2013-11-21,385.0,394.8,382.3,388.15,388.8170731707317,7708.0,594.0,2997002.0,2528.0,32.8,12.5,3.15,1384992000.0
2013-11-20,395.3,398.7,385.1,386.95,389.5843982586715,14242.0,1018.0,5548461.0,6572.0,46.15,13.6,-8.35,1384905600.0
2013-11-19,394.85,407.35,387.0,394.35,398.51388597257056,90487.0,2396.0,36060326.0,57899.0,63.99,20.35,-0.5,1384819200.0
2013-11-18,398.25,400.0,392.0,393.45,395.5667490729296,9708.0,513.0,3840162.0,5566.0,57.33,8.0,-4.8,1384732800.0
2013-11-14,395.95,402.0,395.0,396.4,398.1556505961639,7716.0,559.0,3072169.0,3154.0,40.88,7.0,0.45,1384387200.0
2013-11-13,390.95,402.3,388.9,391.7,396.95436306243647,18691.0,928.0,7419474.0,5815.0,31.11,13.4,0.75,1384300800.0
2013-11-12,390.0,400.8,385.0,391.45,394.1878662611126,85151.0,4565.0,33565491.0,14155.0,16.62,15.8,1.45,1384214400.0
2013-11-11,400.0,407.85,392.0,394.9,400.4539443333846,13006.0,657.0,5208304.0,3643.0,28.01,15.85,-5.1,1384128000.0
2013-11-08,395.0,404.3,394.0,400.15,400.1847064493407,80923.0,1710.0,32384147.0,60702.0,75.01,10.3,5.15,1383868800.0
2013-11-07,391.0,399.0,386.95,394.8,393.54310984308125,17525.0,1158.0,6896843.0,5779.0,32.98,12.05,3.8,1383782400.0
2013-11-06,380.9,393.9,380.75,389.25,389.69947690737433,15676.0,1126.0,6108929.0,4456.0,28.43,13.15,8.35,1383696000.0
2013-11-05,387.0,387.0,372.1,380.55,380.898808415565,10742.0,737.0,4091615.0,4212.0,39.21,14.9,-6.45,1383609600.0
2013-11-03,377.45,382.0,377.0,378.0,379.19710282593206,4211.0,225.0,1596799.0,3073.0,72.98,5.0,0.55,1383436800.0
2013-11-01,369.0,383.3,365.6,376.8,375.7582888533916,25667.0,1354.0,9644588.0,7596.0,29.59,17.7,7.8,1383264000.0
2013-10-31,347.65,378.75,347.65,371.4,361.7780284173408,38568.0,2390.0,13953055.0,18102.0,46.94,31.1,23.75,1383177600.0
2013-10-30,341.05,347.85,341.0,343.9,344.790278125783,11973.0,787.0,4128174.0,2201.0,18.38,6.85,2.85,1383091200.0
2013-10-29,342.35,345.0,340.0,341.2,342.18115124153496,3544.0,282.0,1212690.0,935.0,26.38,5.0,-1.15,1383004800.0
2013-10-28,345.0,349.0,341.5,342.55,344.15207631874296,3564.0,556.0,1226558.0,1814.0,50.9,7.5,-2.45,1382918400.0
2013-10-25,348.45,351.5,340.6,345.35,347.2619653459348,8253.0,591.0,2865953.0,2007.0,24.32,10.9,-3.1,1382659200.0
2013-10-24,348.0,350.5,344.05,347.45,347.2018093249826,2874.0,256.0,997858.0,1135.0,39.49,6.45,-0.55,1382572800.0
2013-10-23,353.0,355.0,344.5,346.1,348.8921832884097,7049.0,462.0,2459341.0,2502.0,35.49,10.5,-6.9,1382486400.0
2013-10-22,340.65,351.0,337.0,349.4,347.15233527463744,8757.0,643.0,3040013.0,3807.0,43.47,14.0,8.75,1382400000.0
2013-10-21,346.4,349.0,338.35,340.8,341.1628699169683,4697.0,359.0,1602442.0,1897.0,40.39,10.65,-5.6,1382313600.0
2013-10-18,334.9,347.85,334.9,344.75,341.4068371430509,14743.0,1026.0,5033361.0,3479.0,23.6,12.95,9.85,1382054400.0
2013-10-17,329.0,333.0,326.2,329.4,329.7768496420048,5028.0,539.0,1658118.0,3008.0,59.82,6.8,0.4,1381968000.0
2013-10-15,340.2,341.0,329.0,330.05,333.63398692810455,4131.0,471.0,1378242.0,1698.0,41.1,12.0,-10.15,1381795200.0
2013-10-14,340.25,345.0,338.25,339.5,341.1609579238622,10481.0,993.0,3575708.0,3314.0,31.62,6.75,-0.75,1381708800.0
2013-10-11,346.5,346.5,338.25,339.0,340.764481959616,6042.0,342.0,2058899.0,3153.0,52.18,8.25,-7.5,1381449600.0
2013-10-10,344.5,349.7,341.5,342.45,346.13163881697653,12747.0,954.0,4412140.0,2399.0,18.82,8.2,-2.05,1381363200.0
2013-10-09,345.65,353.2,341.25,344.25,344.63542473534727,3873.0,349.0,1334773.0,1124.0,29.02,11.95,-1.4,1381276800.0
2013-10-08,342.85,352.0,341.0,348.5,348.7900531714915,18619.0,1102.0,6494122.0,6901.0,37.06,11.0,5.65,1381190400.0
2013-10-07,345.25,349.6,340.15,342.2,342.5333578611724,8154.0,605.0,2793017.0,1669.0,20.47,9.45,-3.05,1381104000.0
2013-10-04,347.0,355.0,345.0,349.65,350.4048005775131,16623.0,1031.0,5824779.0,9637.0,57.97,10.0,2.65,1380844800.0
2013-10-03,335.0,349.5,335.0,347.75,345.7804553160572,8258.0,521.0,2855455.0,3673.0,44.48,14.5,12.75,1380758400.0
2013-10-01,339.5,343.0,334.2,339.6,339.5121401724881,183317.0,272.0,62238347.0,181133.0,98.81,8.8,0.1,1380585600.0
2013-09-30,333.1,340.0,331.95,337.65,336.5619047619048,2940.0,265.0,989492.0,558.0,18.98,8.05,4.55,1380499200.0
2013-09-27,343.6,344.4,334.3,336.15,341.1070988572157,23539.0,399.0,8029320.0,20190.0,85.77,10.1,-7.45,1380240000.0
2013-09-26,337.6,341.15,337.0,339.45,338.5715305313244,12610.0,438.0,4269387.0,2527.0,20.04,4.15,1.85,1380153600.0
2013-09-25,324.7,337.0,320.45,333.6,323.22189025509266,136225.0,1453.0,44030902.0,131240.0,96.34,16.55,8.9,1380067200.0
2013-09-24,329.0,330.0,324.05,326.75,327.0761660248181,2337.0,135.0,764377.0,1406.0,60.16,5.95,-2.25,1379980800.0
2013-09-23,329.0,333.5,327.25,329.8,330.6876310272537,2862.0,223.0,946428.0,1024.0,35.78,6.25,0.8,1379894400.0
2013-09-20,333.0,335.95,327.0,334.25,332.57669969251793,5854.0,425.0,1946904.0,2093.0,35.75,8.95,1.25,1379635200.0
2013-09-19,326.0,331.7,320.65,330.75,328.25632183908044,8700.0,510.0,2855830.0,4058.0,46.64,11.05,4.75,1379548800.0
2013-09-18,323.2,324.8,319.1,320.85,321.91158129175943,4490.0,385.0,1445383.0,1060.0,23.61,5.7,-2.35,1379462400.0
2013-09-17,319.95,322.0,316.0,320.6,318.68680445151034,1258.0,157.0,400908.0,112.0,8.9,6.0,0.65,1379376000.0
2013-09-16,325.0,325.0,315.05,319.65,318.9973767051416,3812.0,409.0,1216018.0,762.0,19.99,9.95,-5.35,1379289600.0
2013-09-13,323.0,324.45,315.0,319.35,320.0305559485076,7069.0,645.0,2262296.0,2353.0,33.29,9.45,-3.65,1379030400.0
2013-09-12,311.0,324.95,306.65,318.85,315.66128337639964,9288.0,574.0,2931862.0,2613.0,28.13,18.3,7.85,1378944000.0
2013-09-11,316.0,319.1,310.85,312.4,314.000227014756,4405.0,450.0,1383171.0,1586.0,36.0,8.25,-3.6,1378857600.0
2013-09-10,312.6,322.6,311.0,318.0,318.1884070128345,11921.0,731.0,3793124.0,3821.0,32.05,11.6,5.4,1378771200.0
2013-09-06,307.8,312.95,307.25,308.6,309.81859545004943,5055.0,331.0,1566133.0,1313.0,25.97,5.7,0.8,1378425600.0
2013-09-05,312.0,313.65,307.05,307.9,309.6509695290859,8664.0,402.0,2682816.0,3545.0,40.92,6.6,-4.1,1378339200.0
2013-09-04,301.35,314.2,295.4,309.9,309.1976032797225,15855.0,962.0,4902328.0,5682.0,35.84,18.8,8.55,1378252800.0
2013-09-03,309.6,310.0,299.0,302.4,305.1730415901119,5987.0,452.0,1827071.0,789.0,13.18,11.0,-7.2,1378166400.0
2013-09-02,309.0,313.2,305.8,309.1,309.9143840527749,6973.0,590.0,2161033.0,1278.0,18.33,7.4,0.1,1378080000.0
2013-08-30,305.5,309.85,301.9,307.1,306.38760845986985,7376.0,406.0,2259915.0,2320.0,31.45,7.95,1.6,1377820800.0
2013-08-29,299.5,312.25,298.2,304.55,306.5355592654424,14975.0,1034.0,4590370.0,3226.0,21.54,14.05,5.05,1377734400.0
2013-08-28,295.0,299.95,286.0,297.5,291.69699801425065,8561.0,713.0,2497218.0,2342.0,27.36,13.95,2.5,1377648000.0
2013-08-27,294.0,304.0,291.2,298.15,299.9245843230404,13472.0,1158.0,4040584.0,3884.0,28.83,12.8,4.15,1377561600.0
2013-08-26,299.75,304.6,292.0,294.9,297.8822121776124,7522.0,795.0,2240670.0,1748.0,23.24,12.6,-4.85,1377475200.0
2013-08-23,286.0,311.0,284.0,297.25,293.84581045058934,31137.0,2159.0,9149477.0,6282.0,20.18,27.0,11.25,1377216000.0
2013-08-22,281.2,286.0,278.8,284.8,283.7252345441424,20785.0,1759.0,5897229.0,13295.0,63.96,7.2,3.6,1377129600.0
2013-08-21,272.0,286.6,272.0,279.7,283.42748177386954,71189.0,1328.0,20176919.0,58398.0,82.03,14.6,7.7,1377043200.0
2013-08-20,282.0,283.55,271.2,274.35,277.33490191631705,17638.0,1916.0,4891633.0,10308.0,58.44,12.35,-7.65,1376956800.0
2013-08-19,293.0,293.0,279.15,284.9,286.4084374092361,13772.0,1234.0,3944417.0,4457.0,32.36,13.85,-8.1,1376870400.0
2013-08-16,305.4,307.3,291.05,295.85,300.86311245061705,24553.0,1404.0,7387092.0,12679.0,51.64,16.25,-9.55,1376611200.0
2013-08-14,325.0,325.2,307.1,309.25,315.8108077489521,17654.0,1316.0,5575324.0,6518.0,36.92,18.1,-15.75,1376438400.0
2013-08-13,311.0,323.85,311.0,320.9,320.14564850595985,18373.0,1027.0,5882036.0,3244.0,17.66,12.85,9.9,1376352000.0
2013-08-12,318.0,319.3,312.0,313.05,314.8012232415902,6540.0,601.0,2058800.0,1483.0,22.68,7.3,-4.95,1376265600.0
2013-08-08,315.0,319.75,309.8,317.3,314.2277518576119,11574.0,835.0,3636872.0,2611.0,22.56,9.95,2.3,1375920000.0
2013-08-07,322.0,323.5,312.9,318.3,319.16724989707694,9716.0,713.0,3101029.0,1492.0,15.36,10.6,-3.7,1375833600.0
2013-08-06,329.0,335.0,319.15,321.5,325.1578801715788,7227.0,581.0,2349916.0,1814.0,25.1,15.85,-7.5,1375747200.0
2013-08-05,325.2,332.0,323.8,328.2,327.47704398180065,7253.0,556.0,2375191.0,2693.0,37.13,8.2,3.0,1375660800.0
2013-08-02,330.0,331.0,315.35,322.75,322.3686860979704,13106.0,1160.0,4224964.0,1951.0,14.89,15.65,-7.25,1375401600.0
2013-08-01,327.0,336.4,320.4,327.35,330.2807717414956,13787.0,958.0,4553581.0,2424.0,17.58,16.0,0.35,1375315200.0
2013-07-31,325.1,329.7,313.95,320.9,319.76087824351293,12525.0,900.0,4005005.0,5689.0,45.42,15.75,-4.2,1375228800.0
2013-07-30,337.0,341.3,323.0,325.4,334.277342525854,15955.0,1114.0,5333395.0,3296.0,20.66,18.3,-11.6,1375142400.0
2013-07-29,324.0,338.0,322.05,335.75,332.279228537293,11718.0,1034.0,3893648.0,2810.0,23.98,15.95,11.75,1375056000.0
2013-07-26,334.9,342.15,321.45,325.3,328.0050175192712,35675.0,2175.0,11701579.0,2627.0,7.36,20.7,-9.6,1374796800.0
2013-07-25,335.0,335.0,329.1,333.25,331.81124880838894,5245.0,682.0,1740350.0,1194.0,22.76,5.9,-1.75,1374710400.0
2013-07-24,335.1,338.75,327.5,333.75,332.58297016426417,5966.0,619.0,1984190.0,1822.0,30.54,11.25,-1.35,1374624000.0
2013-07-23,339.8,343.4,336.25,336.9,339.2634730538922,4175.0,419.0,1416425.0,1017.0,24.36,7.15,-2.9,1374537600.0
2013-07-22,336.0,345.0,334.7,338.75,340.4693281402142,4108.0,463.0,1398648.0,1318.0,32.08,10.3,2.75,1374451200.0
2013-07-19,341.0,342.9,333.7,335.2,339.3479375935029,4679.0,381.0,1587809.0,1978.0,42.27,9.2,-5.8,1374192000.0
2013-07-18,343.0,347.9,336.0,340.65,340.83931284328617,8557.0,563.0,2916562.0,3533.0,41.29,11.9,-2.35,1374105600.0
2013-07-17,348.0,348.9,338.15,341.65,342.8480392156863,6120.0,594.0,2098230.0,1602.0,26.18,10.75,-6.35,1374019200.0
2013-07-16,354.0,354.0,345.4,346.95,349.934934318555,9744.0,1058.0,3409766.0,3866.0,39.68,8.6,-7.05,1373932800.0
2013-07-15,358.0,363.75,357.5,359.55,360.21176293395587,13279.0,994.0,4783252.0,6731.0,50.69,6.25,1.55,1373846400.0
2013-07-12,359.0,362.7,353.15,355.95,355.9099534883721,5375.0,631.0,1913016.0,1531.0,28.48,9.55,-3.05,1373587200.0
2013-07-11,355.0,366.0,355.0,359.85,361.5273237651106,22087.0,1769.0,7985054.0,5485.0,24.83,11.0,4.85,1373500800.0
2013-07-10,357.0,359.5,350.05,353.55,353.9273211567732,7884.0,692.0,2790363.0,1798.0,22.81,9.45,-3.45,1373414400.0
2013-07-09,362.0,365.0,358.0,363.05,362.0567492749802,15172.0,1015.0,5493125.0,5592.0,36.86,7.0,1.05,1373328000.0
2013-07-08,354.0,362.15,346.0,360.35,355.1944094983488,25436.0,1756.0,9034725.0,6642.0,26.11,16.15,6.35,1373241600.0
2013-07-05,360.0,360.0,351.1,353.85,356.3029604089882,42055.0,2391.0,14984321.0,12474.0,29.66,8.9,-6.15,1372982400.0
2013-07-04,345.95,367.95,345.95,358.6,357.64654002713706,66330.0,3708.0,23722695.0,22635.0,34.12,22.0,12.65,1372896000.0
2013-07-03,337.0,345.7,335.3,343.6,341.21974690218826,7586.0,724.0,2588493.0,2735.0,36.05,10.4,6.6,1372809600.0
2013-07-02,338.7,344.2,336.1,339.15,339.4156207978485,8924.0,796.0,3028945.0,3896.0,43.66,8.1,0.45,1372723200.0
2013-07-01,340.0,343.9,339.6,340.3,341.11712062256805,10280.0,746.0,3506684.0,3855.0,37.5,4.3,0.3,1372636800.0
2013-06-28,329.0,341.0,325.1,339.6,335.86132144601856,16376.0,1265.0,5500065.0,2690.0,16.43,15.9,10.6,1372377600.0
2013-06-27,343.0,345.0,329.1,331.7,336.9162089038288,12197.0,999.0,4109367.0,2711.0,22.23,15.9,-11.3,1372291200.0
2013-06-26,342.25,345.0,336.1,342.4,341.0900390625,10240.0,840.0,3492762.0,2602.0,25.41,8.9,0.15,1372204800.0
2013-06-25,336.8,345.0,322.1,342.25,335.3031544154631,13917.0,1148.0,4666414.0,3217.0,23.12,22.9,5.45,1372118400.0
2013-06-24,324.6,336.05,321.85,334.15,330.8475042424952,17089.0,1108.0,5653853.0,2468.0,14.44,14.2,9.55,1372032000.0
2013-06-21,329.3,337.05,324.9,326.65,330.752827817344,16709.0,1225.0,5526549.0,2578.0,15.43,12.15,-2.65,1371772800.0
2013-06-20,338.0,338.0,328.0,329.35,331.9050016065117,9337.0,602.0,3098997.0,3379.0,36.19,10.0,-8.65,1371686400.0
2013-06-19,330.9,344.0,327.2,342.05,339.0474287923701,15518.0,1226.0,5261338.0,2619.0,16.88,16.8,11.15,1371600000.0
2013-06-18,336.5,337.0,330.6,332.85,333.5188851660067,6566.0,510.0,2189885.0,1169.0,17.8,6.4,-3.65,1371513600.0
2013-06-17,335.5,341.3,332.0,335.8,336.5385346592571,13676.0,1003.0,4602501.0,3129.0,22.88,9.3,0.3,1371427200.0
2013-06-14,316.0,335.75,315.9,333.35,326.9233777074821,22761.0,1565.0,7441103.0,6527.0,28.68,19.85,17.35,1371168000.0
2013-06-13,320.35,322.0,311.5,312.85,317.1351779392584,10734.0,676.0,3404129.0,4584.0,42.71,10.5,-7.5,1371081600.0
2013-06-12,333.4,335.95,322.0,325.4,327.9776498929336,7472.0,393.0,2450649.0,2502.0,33.49,13.95,-8.0,1370995200.0
2013-06-11,339.6,340.8,331.15,333.4,333.248564560202,115644.0,901.0,38538197.0,107875.0,93.28,9.65,-6.2,1370908800.0
2013-06-10,351.95,354.0,337.0,343.05,345.1272395595804,15349.0,749.0,5297358.0,4617.0,30.08,17.0,-8.9,1370822400.0
2013-06-07,347.0,351.55,345.9,348.9,349.1041673160241,32083.0,1702.0,11200309.0,10597.0,33.03,5.65,1.9,1370563200.0
2013-06-06,331.7,348.0,329.0,344.55,342.8361694668428,37081.0,2120.0,12712708.0,10504.0,28.33,19.0,12.85,1370476800.0
2013-06-05,329.9,336.2,328.0,334.6,333.4340015879317,10076.0,603.0,3359681.0,2691.0,26.71,8.2,4.7,1370390400.0
2013-06-04,335.95,336.6,328.55,329.25,332.7894173421012,6539.0,573.0,2176110.0,2496.0,38.17,8.05,-6.7,1370304000.0
2013-06-03,330.0,336.75,327.4,334.95,333.5366714353839,10485.0,825.0,3497132.0,3137.0,29.92,9.35,4.95,1370217600.0
2013-05-31,330.35,337.9,325.2,329.7,332.1185554014874,15866.0,858.0,5269393.0,5766.0,36.34,12.7,-0.65,1369958400.0
2013-05-30,333.4,338.2,329.2,330.55,333.4777892561984,9680.0,567.0,3228065.0,3416.0,35.29,9.0,-2.85,1369872000.0
2013-05-29,336.4,339.0,331.0,335.15,335.3822499026858,17983.0,876.0,6031179.0,5701.0,31.7,8.0,-1.25,1369785600.0
2013-05-28,330.0,340.6,320.0,336.4,336.0317848647185,206828.0,6390.0,69500782.0,24374.0,11.78,20.6,6.4,1369699200.0
2013-05-27,329.9,331.85,324.6,329.0,328.6189275383817,13483.0,705.0,4430769.0,3351.0,24.85,7.25,-0.9,1369612800.0
2013-05-24,313.5,332.0,307.3,328.4,325.28472448035217,39979.0,1870.0,13004558.0,10434.0,26.1,24.7,14.9,1369353600.0
2013-05-23,320.1,320.75,311.15,313.85,315.0590737240076,4232.0,404.0,1333330.0,1032.0,24.39,9.6,-6.25,1369267200.0
2013-05-22,330.0,330.0,321.35,324.3,325.0513894564773,9788.0,527.0,3181603.0,4258.0,43.5,8.65,-5.7,1369180800.0
2013-05-21,327.1,330.0,325.75,327.75,327.75013563974085,31333.0,1140.0,10269395.0,7215.0,23.03,4.25,0.65,1369094400.0
2013-05-20,321.0,328.95,319.0,325.0,324.42975314270825,30706.0,1283.0,9961940.0,12224.0,39.81,9.95,4.0,1369008000.0
2013-05-17,318.0,323.0,313.3,320.55,318.3431727167033,15482.0,932.0,4928589.0,4883.0,31.54,9.7,2.55,1368748800.0
2013-05-16,316.65,321.0,315.0,317.85,317.8665275049116,8144.0,627.0,2588705.0,3900.0,47.89,6.0,1.2,1368662400.0
2013-05-15,319.95,319.95,312.55,315.35,315.41376404494383,10680.0,526.0,3368619.0,4503.0,42.16,7.4,-4.6,1368576000.0
2013-05-14,305.6,319.0,305.0,316.0,315.9170013817037,31121.0,1748.0,9831653.0,13709.0,44.05,14.0,10.4,1368489600.0
2013-05-13,309.0,310.0,302.75,308.4,307.59915795192177,36815.0,1072.0,11324263.0,14373.0,39.04,7.25,-0.6,1368403200.0
2013-05-11,309.55,309.65,306.1,307.55,308.3414634146341,533.0,40.0,164346.0,150.0,28.14,3.55,-2.0,1368230400.0
2013-05-10,303.75,310.5,302.5,308.55,308.70761770601933,36914.0,1409.0,11395633.0,8442.0,22.87,8.0,4.8,1368144000.0
2013-05-09,304.95,306.65,300.55,302.5,304.2035830618892,11666.0,819.0,3548839.0,4482.0,38.42,6.1,-2.45,1368057600.0
2013-05-08,305.0,307.45,300.0,303.1,303.84040280744586,19662.0,1004.0,5974110.0,6505.0,33.08,7.45,-1.9,1367971200.0
2013-05-07,294.9,302.8,294.9,301.2,299.4844019438784,12758.0,635.0,3820822.0,6383.0,50.03,7.9,6.3,1367884800.0
2013-05-06,294.85,295.0,291.55,294.15,293.77125894883886,5727.0,340.0,1682428.0,3409.0,59.53,3.45,-0.7,1367798400.0
2013-05-03,291.0,300.0,286.6,296.7,293.165281553398,12875.0,1004.0,3774503.0,2620.0,20.35,13.4,5.7,1367539200.0
2013-05-02,289.0,297.35,287.15,293.0,293.90963523201765,12693.0,866.0,3730595.0,2594.0,20.44,10.2,4.0,1367452800.0
2013-04-30,295.0,296.9,284.35,286.0,286.74904025446966,36468.0,1270.0,10457164.0,24031.0,65.9,12.55,-9.0,1367280000.0
2013-04-29,290.75,296.5,289.2,293.65,293.41237600377895,12702.0,841.0,3726924.0,5398.0,42.5,7.3,2.9,1367193600.0
2013-04-26,295.95,299.5,289.0,290.75,295.0354930008414,13073.0,681.0,3856999.0,1660.0,12.7,10.5,-5.2,1366934400.0
2013-04-25,287.0,308.6,287.0,295.95,300.32085687674635,80525.0,2512.0,24183337.0,23831.0,29.59,21.6,8.95,1366848000.0
2013-04-23,286.0,289.0,279.05,287.7,284.8461772954517,16402.0,757.0,4672047.0,4373.0,26.66,9.95,1.7,1366675200.0
2013-04-22,284.65,284.65,278.25,283.05,281.7782403856689,9127.0,427.0,2571790.0,3105.0,34.02,6.4,-1.6,1366588800.0
2013-04-18,282.1,286.0,280.1,283.7,283.700853115727,5392.0,291.0,1529715.0,1617.0,29.99,5.9,1.6,1366243200.0
2013-04-17,292.0,296.7,281.45,282.4,289.26275555555554,22500.0,1309.0,6508412.0,10935.0,48.6,15.25,-9.6,1366156800.0
2013-04-16,276.0,292.3,275.15,290.25,286.02707791963246,26553.0,1434.0,7594877.0,9222.0,34.73,17.15,14.25,1366070400.0
2013-04-15,273.0,278.45,272.1,274.0,274.7602943753285,5707.0,344.0,1568057.0,1268.0,22.22,6.35,1.0,1365984000.0
2013-04-12,270.0,276.95,268.7,274.9,272.49559177130647,11229.0,478.0,3059853.0,4205.0,37.45,8.25,4.9,1365724800.0
2013-04-11,272.0,275.25,268.0,270.1,270.77486671744094,6565.0,545.0,1777637.0,1473.0,22.44,7.25,-1.9,1365638400.0
2013-04-10,272.0,275.0,266.0,271.3,270.0012836970475,9348.0,696.0,2523972.0,2917.0,31.2,9.0,-0.7,1365552000.0
2013-04-09,282.0,282.0,269.1,271.0,274.04768375540453,8095.0,456.0,2218416.0,3807.0,47.03,12.9,-11.0,1365465600.0
2013-04-08,279.05,280.45,277.1,278.5,278.6534126099344,8073.0,454.0,2249569.0,1860.0,23.04,3.35,-0.55,1365379200.0
2013-04-05,271.5,279.65,267.55,277.2,273.41427197948934,9361.0,609.0,2559431.0,2543.0,27.17,12.1,5.7,1365120000.0
2013-04-04,273.0,276.0,268.5,269.9,271.7035376980951,6247.0,470.0,1697332.0,1812.0,29.01,7.5,-3.1,1365033600.0
2013-04-03,280.0,286.6,273.2,274.75,281.6982956521739,14375.0,847.0,4049413.0,3106.0,21.61,13.4,-5.25,1364947200.0
2013-04-02,274.0,281.7,272.0,279.7,277.47935273720714,9517.0,499.0,2640771.0,2845.0,29.89,9.7,5.7,1364860800.0
2013-04-01,269.35,273.9,266.75,272.35,270.5510991129965,7779.0,474.0,2104617.0,2230.0,28.67,7.15,3.0,1364774400.0
2013-03-28,261.25,272.75,252.7,264.8,257.9857688097281,33799.0,1361.0,8719661.0,16460.0,48.7,20.05,3.55,1364428800.0
2013-03-26,265.55,269.75,260.8,264.85,264.7438221462164,11695.0,868.0,3096179.0,3522.0,30.12,8.95,-0.7,1364256000.0
2013-03-25,275.0,280.95,262.2,264.75,272.5440760845184,22291.0,1594.0,6075280.0,8494.0,38.11,18.75,-10.25,1364169600.0
2013-03-22,276.3,278.25,270.05,273.45,275.8467880054573,34449.0,537.0,9502646.0,1823.0,5.29,8.2,-2.85,1363910400.0
2013-03-21,276.85,282.0,274.2,276.25,277.778266651576,70684.0,1199.0,19634479.0,4437.0,6.28,7.8,-0.6,1363824000.0
2013-03-20,294.0,300.0,269.0,275.7,284.9338831632271,80146.0,2308.0,22836311.0,13143.0,16.4,31.0,-18.3,1363737600.0
2013-03-19,291.05,294.85,289.2,293.95,291.6859937913569,48964.0,938.0,14282113.0,6614.0,13.51,5.65,2.9,1363651200.0
2013-03-18,298.95,305.0,288.2,291.25,292.85955622793745,31728.0,592.0,9291848.0,4073.0,12.84,16.8,-7.7,1363564800.0
2013-03-15,303.3,305.0,296.1,297.35,299.062731073146,41383.0,721.0,12376113.0,3480.0,8.41,8.9,-5.95,1363305600.0
2013-03-14,306.35,306.65,296.0,303.6,301.27825272280126,8539.0,557.0,2572615.0,1224.0,14.33,10.65,-2.75,1363219200.0
2013-03-13,295.5,309.7,292.8,304.0,302.8765369142728,35298.0,1270.0,10690936.0,8678.0,24.58,16.9,8.5,1363132800.0
2013-03-12,307.65,307.65,297.25,299.5,301.1078397299042,20141.0,900.0,6064613.0,9818.0,48.75,10.4,-8.15,1363046400.0
2013-03-11,307.0,308.75,303.35,306.1,305.99728536120904,24681.0,858.0,7552319.0,8454.0,34.25,5.4,-0.9,1362960000.0
2013-03-08,295.85,310.5,295.0,305.8,304.2419861722188,39775.0,1412.0,12101225.0,10234.0,25.73,15.5,9.95,1362700800.0
2013-03-07,288.1,294.7,287.9,293.45,291.73754448398574,12364.0,482.0,3607043.0,3235.0,26.16,6.8,5.35,1362614400.0
2013-03-06,288.25,291.4,282.2,286.3,287.7348788767165,25924.0,634.0,7459239.0,1801.0,6.95,9.2,-1.95,1362528000.0
2013-03-05,278.6,289.8,278.25,287.95,284.0972003999429,28004.0,709.0,7955858.0,3328.0,11.88,11.55,9.35,1362441600.0
2013-03-04,280.0,281.5,273.0,277.8,277.1926342675687,28972.0,679.0,8030825.0,4712.0,16.26,8.5,-2.2,1362355200.0
2013-03-01,280.9,285.8,280.1,282.1,283.49455272904214,36991.0,507.0,10486747.0,2449.0,6.62,5.7,1.2,1362096000.0
2013-02-28,290.0,291.5,277.95,279.4,285.111969832736,26784.0,1161.0,7636439.0,5456.0,20.37,13.55,-10.6,1362009600.0
2013-02-27,288.0,291.0,282.8,289.05,287.18032786885243,16653.0,754.0,4782414.0,3418.0,20.52,8.2,1.05,1361923200.0
2013-02-26,287.35,289.5,286.1,287.75,287.7160453808752,15425.0,580.0,4438020.0,6980.0,45.25,3.4,0.4,1361836800.0
2013-02-25,298.75,300.3,284.6,287.85,291.0337923258277,29267.0,1509.0,8517686.0,12508.0,42.74,15.7,-10.9,1361750400.0
2013-02-22,297.9,320.0,297.5,298.25,299.26693385008366,22706.0,835.0,6795155.0,8232.0,36.25,22.5,0.35,1361491200.0
2013-02-21,296.5,300.6,293.2,298.85,296.8843003067795,29663.0,1118.0,8806479.0,12164.0,41.01,7.4,2.35,1361404800.0
2013-02-20,304.0,304.0,296.1,298.7,299.89808589254346,33018.0,948.0,9902035.0,18998.0,57.54,7.9,-5.3,1361318400.0
2013-02-19,302.0,303.55,296.5,302.5,299.4178382998792,33927.0,1253.0,10158349.0,12020.0,35.43,7.05,0.5,1361232000.0
2013-02-18,300.7,301.85,295.6,300.45,299.40188901111406,26363.0,989.0,7893132.0,8187.0,31.05,6.25,-0.25,1361145600.0
2013-02-15,292.0,303.45,290.7,300.45,296.65445607054727,52277.0,2120.0,15508205.0,15682.0,30.0,12.75,8.45,1360886400.0
2013-02-14,300.9,303.55,291.0,292.3,297.574301504452,45598.0,2106.0,13568793.0,15081.0,33.07,12.55,-8.6,1360800000.0
2013-02-13,317.45,321.55,299.85,302.65,309.9174473734117,52730.0,1826.0,16341947.0,15132.0,28.7,21.7,-14.8,1360713600.0
2013-02-12,324.9,326.8,309.8,317.15,317.6049948923129,93976.0,3065.0,29847247.0,7210.0,7.67,17.0,-7.75,1360627200.0
2013-02-11,321.55,326.55,320.5,322.45,323.1452914121993,13263.0,461.0,4285876.0,4263.0,32.14,6.05,0.9,1360540800.0
2013-02-08,325.85,325.85,317.55,320.55,322.4228225430834,10735.0,502.0,3461209.0,3385.0,31.53,8.3,-5.3,1360281600.0
2013-02-07,329.7,333.95,324.35,326.9,329.88498902433327,42822.0,1318.0,14126335.0,7725.0,18.04,9.6,-2.8,1360195200.0
2013-02-06,326.5,329.8,323.55,328.1,327.2241177908777,36811.0,1065.0,12045447.0,14867.0,40.39,6.25,1.6,1360108800.0
2013-02-05,323.9,328.6,321.1,326.8,325.5181417429637,14745.0,501.0,4799765.0,3150.0,21.36,7.5,2.9,1360022400.0
2013-02-04,336.0,336.0,323.05,324.3,325.5253200037373,21406.0,686.0,6968195.0,6071.0,28.36,12.95,-11.7,1359936000.0
2013-02-01,313.15,327.5,313.15,324.2,323.44115998355693,26759.0,1302.0,8654962.0,5003.0,18.7,14.35,11.05,1359676800.0
2013-01-31,316.25,318.8,310.05,311.3,314.4652895024332,10069.0,435.0,3166351.0,2729.0,27.1,8.75,-4.95,1359590400.0
2013-01-30,321.3,322.85,313.55,314.75,320.10833973171947,88564.0,597.0,28350075.0,77461.0,87.46,9.3,-6.55,1359504000.0
2013-01-29,327.05,330.0,320.5,322.6,326.5847984562607,9328.0,511.0,3046383.0,2317.0,24.84,9.5,-4.45,1359417600.0
2013-01-28,331.55,336.0,326.5,328.75,331.2938259109312,19760.0,496.0,6546366.0,4257.0,21.54,9.5,-2.8,1359331200.0
2013-01-25,320.4,333.45,318.05,332.4,329.20278743012534,26476.0,1036.0,8715973.0,6889.0,26.02,15.4,12.0,1359072000.0
2013-01-24,333.15,333.6,319.05,326.0,328.4311610444918,35692.0,1006.0,11722365.0,11146.0,31.23,14.55,-7.15,1358985600.0
2013-01-23,335.0,336.7,327.0,331.3,332.45087967519686,32512.0,1122.0,10808643.0,10814.0,33.26,9.7,-3.7,1358899200.0
2013-01-22,330.6,337.9,329.4,332.15,333.53324114178366,76652.0,3067.0,25565990.0,20992.0,27.39,8.5,1.55,1358812800.0
2013-01-21,326.0,330.0,324.05,327.85,327.17166168323945,43143.0,1333.0,14115167.0,10872.0,25.2,5.95,1.85,1358726400.0
2013-01-18,317.45,325.95,317.45,323.95,323.58633120400464,53538.0,1584.0,17324165.0,16071.0,30.02,8.5,6.5,1358467200.0
2013-01-17,315.25,317.5,313.05,316.05,315.75749886724054,11035.0,338.0,3484384.0,3490.0,31.63,4.45,0.8,1358380800.0
2013-01-16,318.65,321.6,314.1,314.9,317.185586952399,26365.0,689.0,8362598.0,8002.0,30.35,7.5,-3.75,1358294400.0
2013-01-15,319.5,322.7,316.8,318.65,319.9643122295896,39061.0,1078.0,12498126.0,11094.0,28.4,5.9,-0.85,1358208000.0
2013-01-14,307.9,322.0,305.5,318.0,314.80099736544975,42512.0,984.0,13382820.0,15678.0,36.88,16.5,10.1,1358121600.0
2013-01-11,310.6,313.25,301.1,308.8,309.6358598120976,37892.0,1404.0,11732722.0,14060.0,37.11,12.15,-1.8,1357862400.0
2013-01-10,315.5,315.75,307.3,310.2,311.893251167876,20122.0,790.0,6275916.0,7850.0,39.01,8.45,-5.3,1357776000.0
2013-01-09,318.95,319.0,314.3,315.4,316.47789170881083,21553.0,730.0,6821048.0,8474.0,39.32,4.7,-3.55,1357689600.0
2013-01-08,313.0,319.9,312.0,316.7,315.06085531045983,34771.0,1124.0,10954981.0,8559.0,24.62,7.9,3.7,1357603200.0
2013-01-07,314.9,319.2,310.1,311.7,314.54861589991134,30453.0,1225.0,9578949.0,9711.0,31.89,9.1,-3.2,1357516800.0
2013-01-04,315.4,317.2,310.0,314.55,314.2579435057232,31189.0,1238.0,9801391.0,11455.0,36.73,7.2,-0.85,1357257600.0
2013-01-03,320.0,320.0,315.55,316.7,317.02852013185776,33976.0,966.0,10771361.0,14188.0,41.76,4.45,-3.3,1357171200.0
2013-01-02,321.5,323.6,318.5,320.4,321.2980172241137,34951.0,1072.0,11229687.0,11832.0,33.85,5.1,-1.1,1357084800.0
2013-01-01,319.9,320.8,315.15,319.25,318.00612514399705,35591.0,994.0,11318156.0,14753.0,41.45,5.65,-0.65,1356998400.0
2012-12-31,319.0,322.3,314.0,318.75,318.58649154766306,78499.0,1905.0,25008721.0,33946.0,43.24,8.3,-0.25,1356912000.0
2012-12-28,308.3,317.45,306.0,316.9,313.439601494396,73073.0,2213.0,22903972.0,17845.0,24.42,11.45,8.6,1356652800.0
2012-12-27,309.0,309.95,302.4,305.2,309.08169328563946,219455.0,818.0,67829523.0,207369.0,94.49,7.55,-3.8,1356566400.0
2012-12-26,307.0,310.45,307.0,308.25,308.50517767110466,33123.0,1088.0,10218617.0,8791.0,26.54,3.45,1.25,1356480000.0
2012-12-24,310.25,310.25,305.2,307.75,307.3166478613191,9749.0,463.0,2996030.0,2562.0,26.28,5.05,-2.5,1356307200.0
2012-12-21,311.0,311.0,304.0,309.1,308.7140739727277,43854.0,1453.0,13538347.0,18788.0,42.84,7.0,-1.9,1356048000.0
2012-12-20,307.85,311.2,304.6,310.0,309.46558852950983,29990.0,1135.0,9280873.0,12038.0,40.14,6.6,2.15,1355961600.0
2012-12-19,310.0,311.9,305.9,307.1,308.5910054081407,31619.0,961.0,9757339.0,8475.0,26.8,6.0,-2.9,1355875200.0
2012-12-18,306.45,308.4,298.95,307.2,303.6731133751925,33764.0,1096.0,10253219.0,10708.0,31.71,9.45,0.75,1355788800.0
2012-12-17,306.0,310.95,302.1,304.65,305.4665920358228,31265.0,1179.0,9550413.0,10810.0,34.58,8.85,-1.35,1355702400.0
2012-12-14,304.0,310.6,300.0,306.8,306.0129968590924,36932.0,1143.0,11301672.0,14599.0,39.53,10.6,2.8,1355443200.0
2012-12-13,315.9,320.0,307.55,308.95,314.8345976479998,80017.0,2315.0,25192120.0,28647.0,35.8,12.45,-6.95,1355356800.0
2012-12-12,321.0,321.55,311.3,313.1,314.8088424782562,37252.0,1287.0,11727259.0,13755.0,36.92,10.25,-7.9,1355270400.0
2012-12-11,322.0,323.9,314.0,320.0,318.45747367124466,32474.0,1246.0,10341588.0,9735.0,29.98,9.9,-2.0,1355184000.0
2012-12-10,328.95,328.95,317.5,319.85,320.6339048317594,43628.0,1357.0,13988616.0,10718.0,24.57,11.45,-9.1,1355097600.0
2012-12-07,327.0,330.2,322.1,325.85,327.10881317576064,159080.0,3996.0,52036470.0,44491.0,27.97,8.1,-1.15,1354838400.0
2012-12-06,325.0,326.5,311.0,324.4,318.60955734834226,258691.0,3783.0,82421425.0,140753.0,54.41,15.5,-0.6,1354752000.0
2012-12-05,317.45,324.35,310.5,319.1,316.0472530788916,241889.0,2952.0,76448354.0,151376.0,62.58,13.85,1.65,1354665600.0
2012-12-04,318.8,322.0,312.2,314.7,316.86175350276267,419526.0,3726.0,132931744.0,339495.0,80.92,9.8,-4.1,1354579200.0
2012-12-03,311.0,317.3,308.15,316.05,314.27013682858785,90332.0,2887.0,28388650.0,41877.0,46.36,9.15,5.05,1354492800.0
2012-11-30,309.0,313.5,303.1,309.55,309.32358084350267,53183.0,1737.0,16450756.0,15189.0,28.56,10.4,0.55,1354233600.0
2012-11-29,295.5,308.0,295.5,306.7,305.02452673286695,204430.0,2917.0,62356164.0,132795.0,64.96,12.5,11.2,1354147200.0
2012-11-27,282.0,294.65,278.2,293.35,289.8350222976571,120192.0,3378.0,34835851.0,47447.0,39.48,16.45,11.35,1353974400.0
2012-11-26,281.7,283.2,277.15,279.25,280.7784518481684,30165.0,832.0,8469682.0,10130.0,33.58,6.05,-2.45,1353888000.0
2012-11-23,278.9,280.0,275.5,278.45,277.4953009503696,18940.0,672.0,5255761.0,6111.0,32.27,4.5,-0.45,1353628800.0
2012-11-22,278.3,282.0,275.35,278.9,279.43488757263566,35623.0,2125.0,9954309.0,6763.0,18.98,6.65,0.6,1353542400.0
2012-11-21,275.25,280.0,272.3,276.7,276.9298892179445,45585.0,2273.0,12623849.0,10185.0,22.34,7.7,1.45,1353456000.0
2012-11-20,278.35,279.8,272.0,273.95,275.895688161013,28271.0,865.0,7799847.0,7840.0,27.73,7.8,-4.4,1353369600.0
2012-11-19,280.8,281.75,275.25,276.5,278.0415312897302,35395.0,796.0,9841280.0,11296.0,31.91,6.5,-4.3,1353283200.0
2012-11-16,278.0,286.9,277.3,279.65,282.69842043003274,71855.0,2163.0,20313295.0,25008.0,34.8,9.6,1.65,1353024000.0
2012-11-15,275.4,280.0,273.6,277.55,277.88421754711226,88459.0,1145.0,24581360.0,60968.0,68.92,6.4,2.15,1352937600.0
2012-11-13,278.85,279.9,276.3,277.35,277.9990606469794,17033.0,410.0,4735158.0,9496.0,55.75,3.6,-1.5,1352764800.0
2012-11-12,277.75,279.6,274.3,276.7,276.43735399863164,366863.0,1198.0,101414637.0,13282.0,3.62,5.3,-1.05,1352678400.0
2012-11-09,276.0,280.9,274.0,274.85,277.43187186725817,86785.0,2830.0,24076925.0,17972.0,20.71,6.9,-1.15,1352419200.0
2012-11-08,273.95,277.3,273.8,275.05,275.2619589559088,54478.0,1260.0,14995721.0,38602.0,70.86,3.5,1.1,1352332800.0
2012-11-07,281.5,282.3,275.0,276.25,278.87569845195566,32751.0,1167.0,9133458.0,12542.0,38.3,7.3,-5.25,1352246400.0
2012-11-06,281.0,284.75,279.25,280.8,281.80458788359465,32782.0,900.0,9238118.0,8195.0,25.0,5.5,-0.2,1352160000.0
2012-11-05,287.7,290.5,279.15,281.35,283.2393597448792,48918.0,1566.0,13855503.0,13917.0,28.45,11.35,-6.35,1352073600.0
2012-11-02,285.0,291.8,284.5,288.1,289.66014846756366,293128.0,6484.0,84907500.0,169636.0,57.87,7.3,3.1,1351814400.0
2012-11-01,277.0,283.45,275.0,281.95,280.3322691628181,161315.0,3840.0,45221800.0,28228.0,17.5,8.45,4.95,1351728000.0
2012-10-31,272.4,276.0,267.5,274.6,271.316349140404,101094.0,2986.0,27428455.0,16022.0,15.85,8.5,2.2,1351641600.0
2012-10-30,282.7,282.7,270.85,272.6,275.15484176465947,101368.0,2803.0,27891896.0,23284.0,22.97,11.85,-10.1,1351555200.0
2012-10-29,320.0,320.0,278.5,279.55,283.33796023846685,234498.0,5625.0,66442185.0,43069.0,18.37,41.5,-40.45,1351468800.0
2012-10-26,320.0,320.0,270.0,281.15,285.0681606460845,2194140.0,31925.0,625479454.0,840800.0,38.32,50.0,-38.85,1351209600.0
2012-10-25,340.0,345.0,328.55,332.0,332.0708009174342,609526.0,603.0,202405787.0,602248.0,98.81,16.45,-8.0,1351123200.0
2012-10-23,338.4,345.5,336.0,342.35,341.7156774411533,17758.0,564.0,6068187.0,4022.0,22.65,9.5,3.95,1350950400.0
2012-10-22,338.25,342.9,336.45,338.6,339.4642009806506,37934.0,1010.0,12877235.0,7944.0,20.94,6.45,0.35,1350864000.0
2012-10-19,330.7,339.95,330.25,339.05,332.71817142724524,517059.0,1231.0,172034925.0,499813.0,96.66,9.7,8.35,1350604800.0
2012-10-18,323.0,332.0,318.25,330.6,325.03895590477543,1148401.0,773.0,373275062.0,1131485.0,98.53,13.75,7.6,1350518400.0
2012-10-17,315.9,324.6,315.9,320.55,320.3079776396217,19141.0,776.0,6131015.0,7534.0,39.36,8.7,4.65,1350432000.0
2012-10-16,322.35,326.0,316.0,317.15,321.51161590087764,7748.0,802.0,2491072.0,4371.0,56.41,10.0,-5.2,1350345600.0
2012-10-15,326.0,327.0,320.15,321.55,323.8822512183619,6361.0,600.0,2060215.0,4130.0,64.93,6.85,-4.45,1350259200.0
2012-10-12,331.0,333.7,325.15,328.2,329.16774755589967,10331.0,516.0,3400632.0,2609.0,25.25,8.55,-2.8,1350000000.0
2012-10-11,319.7,331.0,316.5,329.9,324.0511297005707,12791.0,615.0,4144938.0,4709.0,36.81,14.5,10.2,1349913600.0
2012-10-10,328.6,331.65,318.45,319.8,324.9704274782809,17381.0,638.0,5648311.0,11676.0,67.18,13.2,-8.8,1349827200.0
2012-10-09,331.8,333.15,325.35,330.0,330.87223168654174,8218.0,403.0,2719108.0,1733.0,21.09,7.8,-1.8,1349740800.0
2012-10-08,333.0,336.0,328.35,329.85,332.57090545938746,6008.0,431.0,1998086.0,1867.0,31.08,7.65,-3.15,1349654400.0
2012-10-05,335.0,336.85,324.55,331.8,331.2314100440195,21127.0,908.0,6997926.0,4951.0,23.43,12.3,-3.2,1349395200.0
2012-10-04,340.0,340.5,333.2,334.7,337.4692507760718,11919.0,615.0,4022296.0,4358.0,36.56,7.3,-5.3,1349308800.0
2012-10-03,339.0,341.5,334.95,335.9,337.22873806319296,15603.0,985.0,5261780.0,5876.0,37.66,6.55,-3.1,1349222400.0
2012-10-01,331.7,343.4,331.7,338.9,339.77129909870746,59803.0,2123.0,20319343.0,15207.0,25.43,11.7,7.2,1349049600.0
2012-09-28,324.0,334.9,321.8,331.45,329.0460777415297,46899.0,1500.0,15431932.0,8980.0,19.15,13.1,7.45,1348790400.0
2012-09-27,332.0,332.15,320.85,323.6,327.56681913709974,16178.0,901.0,5299376.0,4933.0,30.49,11.3,-8.4,1348704000.0
2012-09-26,334.55,339.35,330.5,332.1,335.15081216519786,23148.0,929.0,7758071.0,6713.0,29.0,8.85,-2.45,1348617600.0
2012-09-25,333.75,338.7,330.5,334.85,334.8360903593028,44976.0,1516.0,15059588.0,15374.0,34.18,8.2,1.1,1348531200.0
2012-09-24,328.75,334.4,324.5,329.45,328.9224258250416,22211.0,943.0,7305696.0,5793.0,26.08,9.9,0.7,1348444800.0
2012-09-21,326.0,333.0,319.3,330.8,326.7695132327258,22331.0,946.0,7297090.0,10346.0,46.33,13.7,4.8,1348185600.0
2012-09-20,308.7,319.1,307.5,316.35,315.24181931353365,22492.0,1106.0,7090419.0,3737.0,16.61,11.6,7.65,1348099200.0
2012-09-18,332.0,334.5,316.1,321.95,324.022399794615,31161.0,1153.0,10096862.0,7258.0,23.29,18.4,-10.05,1347926400.0
2012-09-17,316.0,332.3,316.0,330.65,326.8669950738916,85463.0,2196.0,27935034.0,39352.0,46.05,16.3,14.65,1347840000.0
2012-09-14,299.0,307.75,297.1,306.3,303.47679296944,45288.0,895.0,13743857.0,15030.0,33.19,10.65,7.3,1347580800.0
2012-09-13,298.0,298.0,291.65,294.5,294.4435038212816,8505.0,306.0,2504242.0,2924.0,34.38,6.35,-3.5,1347494400.0
2012-09-12,299.35,301.85,296.5,298.7,299.8197325431198,52644.0,348.0,15783710.0,47293.0,89.84,5.35,-0.65,1347408000.0
2012-09-11,302.7,304.0,291.2,297.2,297.1867590918224,9954.0,627.0,2958197.0,3896.0,39.14,12.8,-5.5,1347321600.0
2012-09-10,310.0,312.0,302.0,303.05,306.7852622984282,9798.0,559.0,3005882.0,5749.0,58.68,10.0,-6.95,1347235200.0
2012-09-08,308.0,308.0,305.95,306.15,306.20074349442376,269.0,12.0,82368.0,256.0,95.17,2.05,-1.85,1347062400.0
2012-09-07,302.0,306.9,299.05,305.35,302.1304636862224,12034.0,333.0,3635838.0,8931.0,74.21,7.85,3.35,1346976000.0
2012-09-06,297.0,301.0,294.05,297.15,297.67764423076926,4160.0,321.0,1238339.0,2268.0,54.52,6.95,0.15,1346889600.0
2012-09-05,300.25,303.0,296.05,298.65,299.4703524817593,9731.0,328.0,2914146.0,5559.0,57.13,6.95,-1.6,1346803200.0
2012-09-04,302.65,304.8,300.5,302.15,302.1397065060649,11789.0,393.0,3561925.0,6690.0,56.75,4.3,-0.5,1346716800.0
2012-09-03,307.5,309.3,302.0,302.85,304.0280935020373,4663.0,238.0,1417683.0,2860.0,61.33,7.3,-4.65,1346630400.0
2012-08-31,309.0,309.0,301.65,305.25,305.2577885506523,14027.0,350.0,4281851.0,6844.0,48.79,7.35,-3.75,1346371200.0
2012-08-30,302.0,311.0,299.05,309.65,303.81543905391567,10739.0,445.0,3262674.0,7604.0,70.81,11.95,7.65,1346284800.0
2012-08-29,308.0,311.0,303.0,303.7,306.0426131912894,12766.0,423.0,3906940.0,5098.0,39.93,8.0,-4.3,1346198400.0
2012-08-28,315.45,315.5,307.0,309.25,310.212910128388,11216.0,407.0,3479348.0,6382.0,56.9,8.5,-6.2,1346112000.0
2012-08-27,316.05,318.0,312.55,313.7,315.37205952952473,6249.0,330.0,1970760.0,2790.0,44.65,5.45,-2.35,1346025600.0
2012-08-24,321.0,321.0,314.0,315.45,316.3447390053432,9732.0,541.0,3078667.0,4650.0,47.78,7.0,-5.55,1345766400.0
2012-08-23,320.0,321.95,317.5,321.0,320.0007764226327,30911.0,682.0,9891544.0,18042.0,58.37,4.45,1.0,1345680000.0
2012-08-22,315.5,321.0,315.0,318.7,319.1467396920533,19354.0,574.0,6176766.0,9298.0,48.04,6.0,3.2,1345593600.0
2012-08-21,314.0,317.75,311.0,316.5,314.8905695425747,30147.0,817.0,9493006.0,21396.0,70.97,6.75,2.5,1345507200.0
2012-08-17,313.9,320.0,307.0,312.1,314.8523444113712,36619.0,1444.0,11529578.0,13403.0,36.6,13.0,-1.8,1345161600.0
2012-08-16,304.05,314.3,304.05,311.5,311.8107616726626,25851.0,1209.0,8060620.0,9618.0,37.21,10.25,7.45,1345075200.0
2012-08-14,305.45,309.0,304.0,306.2,306.05212524051075,5717.0,403.0,1749700.0,2069.0,36.19,5.0,0.75,1344902400.0
2012-08-13,305.0,306.8,298.0,304.45,302.66628175519634,2598.0,349.0,786327.0,1148.0,44.19,8.8,-0.55,1344816000.0
2012-08-10,302.0,303.15,298.1,300.0,300.06345599870167,24647.0,357.0,7395664.0,22588.0,91.65,5.05,-2.0,1344556800.0
2012-08-09,304.75,306.0,301.15,302.35,303.47925076699494,6193.0,338.0,1879447.0,3497.0,56.47,4.85,-2.4,1344470400.0
2012-08-08,300.0,303.85,300.0,302.05,302.2146028613715,4054.0,454.0,1225178.0,1110.0,27.38,3.85,2.05,1344384000.0
2012-08-07,307.0,307.0,295.95,299.0,300.29892650701896,10899.0,739.0,3272958.0,2733.0,25.08,11.05,-8.0,1344297600.0
2012-08-06,302.95,307.0,302.0,304.35,305.0275991845696,6377.0,487.0,1945161.0,2662.0,41.74,5.0,1.4,1344211200.0
2012-08-03,301.05,304.0,299.5,301.65,301.6575099689854,2257.0,222.0,680841.0,1229.0,54.45,4.5,0.6,1343952000.0
2012-08-02,305.05,307.1,302.1,303.0,304.0,1679.0,158.0,510416.0,641.0,38.18,5.0,-2.05,1343865600.0
2012-08-01,300.8,308.25,299.0,307.3,304.01776957809386,20597.0,1244.0,6261854.0,4669.0,22.67,9.25,6.5,1343779200.0
2012-07-31,286.1,299.0,285.05,297.3,292.6586478334437,13593.0,968.0,3978109.0,3593.0,26.43,13.95,11.2,1343692800.0
2012-07-30,284.3,289.0,282.5,285.65,285.34064543345283,4741.0,269.0,1352800.0,832.0,17.55,6.5,1.35,1343606400.0
2012-07-27,285.9,298.0,279.15,282.75,286.30090219634945,43117.0,1749.0,12344436.0,3460.0,8.02,18.85,-3.15,1343347200.0
2012-07-26,287.4,287.8,280.0,285.35,283.8851026649192,6867.0,424.0,1949439.0,2795.0,40.7,7.8,-2.05,1343260800.0
2012-07-25,296.5,296.5,286.15,288.6,289.365540927304,8735.0,812.0,2527608.0,2730.0,31.25,10.35,-7.9,1343174400.0
2012-07-24,303.25,310.0,294.4,295.9,296.624453290088,20349.0,489.0,6036011.0,11928.0,58.62,15.6,-7.35,1343088000.0
2012-07-23,304.8,304.8,296.3,300.15,301.27515686730186,4303.0,277.0,1296387.0,1197.0,27.82,8.5,-4.65,1343001600.0
2012-07-20,308.5,310.0,306.0,308.55,309.08292373553195,12614.0,461.0,3898772.0,4445.0,35.24,4.0,0.05,1342742400.0
2012-07-19,309.8,312.0,305.7,308.65,308.3534580498866,17640.0,756.0,5439355.0,5839.0,33.1,6.3,-1.15,1342656000.0
2012-07-18,300.4,309.0,297.05,307.65,305.0340705319785,18403.0,704.0,5613542.0,7862.0,42.72,11.95,7.25,1342569600.0
2012-07-17,302.9,302.9,297.3,298.5,299.64511220996576,5258.0,251.0,1575534.0,1701.0,32.35,5.6,-4.4,1342483200.0
2012-07-16,303.0,303.0,298.8,299.3,300.1347462570484,5143.0,218.0,1543593.0,2734.0,53.16,4.2,-3.7,1342396800.0
2012-07-13,304.0,304.6,300.1,301.3,302.1422971383771,5102.0,255.0,1541530.0,2690.0,52.72,4.5,-2.7,1342137600.0
2012-07-12,300.0,305.85,296.6,304.2,301.24009124607926,7014.0,375.0,2112898.0,2658.0,37.9,9.25,4.2,1342051200.0
2012-07-11,304.85,307.0,295.95,301.8,302.9554478089836,10931.0,598.0,3311606.0,4655.0,42.59,11.05,-3.05,1341964800.0
2012-07-10,304.4,307.85,303.4,306.6,306.0198076373678,10501.0,392.0,3213514.0,4231.0,40.29,4.45,2.2,1341878400.0
2012-07-09,302.0,306.0,300.0,301.75,302.84327570814054,12321.0,670.0,3731332.0,5598.0,45.43,6.0,-0.25,1341792000.0
2012-07-06,308.0,308.0,301.0,303.0,304.3042090564532,15039.0,816.0,4576431.0,5806.0,38.61,7.0,-5.0,1341532800.0
2012-07-05,304.8,310.8,303.0,308.5,308.2845164457536,50925.0,1434.0,15699389.0,21596.0,42.41,7.8,3.7,1341446400.0
2012-07-04,299.25,300.95,297.0,299.45,299.375156605262,21551.0,509.0,6451834.0,12857.0,59.66,3.95,0.2,1341360000.0
2012-07-03,300.45,302.0,295.45,299.0,299.0609687484016,19551.0,788.0,5846941.0,2923.0,14.95,6.55,-1.45,1341273600.0
2012-07-02,291.85,300.95,289.0,298.3,295.77203259714184,42335.0,975.0,12521509.0,30026.0,70.92,11.95,6.45,1341187200.0
2012-06-29,292.0,293.3,286.95,289.7,290.1635492167407,42770.0,1026.0,12410295.0,22618.0,52.88,6.35,-2.3,1340928000.0
2012-06-28,292.0,293.9,284.05,285.7,287.92682088868526,17464.0,762.0,5028354.0,8537.0,48.88,9.85,-6.3,1340841600.0
2012-06-27,292.0,294.7,287.55,290.1,291.4931109185442,23080.0,623.0,6727661.0,7709.0,33.4,7.15,-1.9,1340755200.0
2012-06-26,286.0,288.95,283.65,287.9,286.1033977738723,10242.0,303.0,2930271.0,1841.0,17.98,5.3,1.9,1340668800.0
2012-06-25,286.2,292.0,285.0,285.8,289.31771737034893,10374.0,431.0,3001382.0,4669.0,45.01,7.0,-0.4,1340582400.0
2012-06-22,279.3,285.25,277.05,283.4,281.9576600531806,4889.0,365.0,1378491.0,2047.0,41.87,8.2,4.1,1340323200.0
2012-06-21,279.65,284.45,277.0,283.15,281.3388976025095,8926.0,348.0,2511231.0,4211.0,47.18,7.45,3.5,1340236800.0
2012-06-20,275.0,280.0,274.25,278.4,277.5539039808645,5853.0,423.0,1624523.0,2413.0,41.23,5.75,3.4,1340150400.0
2012-06-19,269.0,274.75,269.0,272.65,272.21458372842784,10546.0,402.0,2870775.0,3301.0,31.3,5.75,3.65,1340064000.0
2012-06-18,273.0,277.8,266.05,270.4,272.43923207926923,32295.0,992.0,8798425.0,8786.0,27.21,11.75,-2.6,1339977600.0
2012-06-15,276.4,276.4,267.55,269.1,271.08685207428624,10823.0,524.0,2933973.0,3944.0,36.44,8.85,-7.3,1339718400.0
2012-06-14,283.0,283.0,270.65,271.9,275.94967096116414,10789.0,689.0,2977221.0,6525.0,60.48,12.35,-11.1,1339632000.0
2012-06-13,283.0,287.35,278.65,281.55,283.7735578178021,22986.0,1204.0,6522819.0,8583.0,37.34,8.7,-1.45,1339545600.0
2012-06-12,280.8,283.0,278.0,280.3,281.06457529568024,15811.0,415.0,4443912.0,8475.0,53.6,5.0,-0.5,1339459200.0
2012-06-11,279.5,287.9,279.0,280.65,284.69691131314346,16609.0,838.0,4728531.0,4070.0,24.5,8.9,1.15,1339372800.0
2012-06-08,281.0,281.0,273.5,279.5,277.99821407310395,8399.0,510.0,2334907.0,3002.0,35.74,7.5,-1.5,1339113600.0
2012-06-07,282.0,283.85,278.5,280.65,280.8196249813238,26772.0,952.0,7518103.0,11597.0,43.32,5.35,-1.35,1339027200.0
2012-06-06,267.35,282.0,267.0,278.3,274.23259824241416,30155.0,1100.0,8269484.0,17982.0,59.63,15.0,10.95,1338940800.0
2012-06-05,266.4,268.75,262.2,263.25,266.5154358637515,10657.0,393.0,2840255.0,3215.0,30.17,6.55,-3.15,1338854400.0
2012-06-04,266.05,269.9,259.1,265.6,263.5378880898088,11402.0,580.0,3004859.0,3993.0,35.02,10.8,-0.45,1338768000.0
2012-06-01,270.0,277.9,263.1,266.6,272.0917179555793,14948.0,1211.0,4067227.0,2443.0,16.34,14.8,-3.4,1338508800.0
2012-05-31,263.0,271.0,257.05,268.3,263.6876775833707,13374.0,890.0,3526559.0,3722.0,27.83,13.95,5.3,1338422400.0
2012-05-30,265.7,271.5,261.0,263.8,267.52400037282126,10729.0,678.0,2870265.0,4119.0,38.39,10.5,-1.9,1338336000.0
2012-05-29,271.1,274.85,267.4,268.9,270.9403413165065,13946.0,408.0,3778534.0,1334.0,9.57,7.45,-2.2,1338249600.0
2012-05-28,269.25,273.75,269.25,271.5,271.43743822889894,5059.0,285.0,1373202.0,1631.0,32.24,4.5,2.25,1338163200.0
2012-05-25,269.1,271.85,265.5,269.15,269.1852438252058,6316.0,249.0,1700174.0,3785.0,59.93,6.35,0.05,1337904000.0
2012-05-24,270.0,271.75,267.15,268.5,269.83596783139205,7212.0,272.0,1946057.0,2367.0,32.82,4.6,-1.5,1337817600.0
2012-05-23,268.35,270.7,264.25,269.55,269.0304912029297,25122.0,486.0,6758584.0,3995.0,15.9,6.45,1.2,1337731200.0
2012-05-22,270.0,276.0,267.05,268.75,272.5456813489332,11624.0,525.0,3168071.0,3595.0,30.93,8.95,-1.25,1337644800.0
2012-05-21,274.5,275.0,268.15,269.3,272.3180395225983,10222.0,613.0,2783635.0,4524.0,44.26,6.85,-5.2,1337558400.0
2012-05-18,272.65,278.8,272.55,273.3,275.51172958883376,35679.0,1252.0,9829983.0,11860.0,33.24,6.25,0.65,1337299200.0
2012-05-17,266.95,279.9,266.0,274.95,273.7902206227508,63910.0,2103.0,17497933.0,9145.0,14.31,13.9,8.0,1337212800.0
2012-05-16,265.0,269.2,262.0,263.3,264.757721457094,12271.0,536.0,3248842.0,4204.0,34.26,7.2,-1.7,1337126400.0
2012-05-15,260.0,270.95,259.45,269.45,267.1632237146827,21590.0,764.0,5768054.0,12168.0,56.36,11.5,9.45,1337040000.0
2012-05-14,264.0,264.0,258.2,259.6,261.4239267676768,6336.0,315.0,1656382.0,1921.0,30.32,5.8,-4.4,1336953600.0
2012-05-11,267.0,269.5,263.1,265.6,267.6883038281132,13218.0,495.0,3538304.0,1737.0,13.14,6.4,-1.4,1336694400.0
2012-05-10,266.9,272.9,266.0,268.35,269.59955211024976,29025.0,1020.0,7825127.0,10257.0,35.34,6.9,1.45,1336608000.0
2012-05-09,263.0,271.5,262.0,263.55,267.7698249731104,40908.0,1505.0,10953928.0,10431.0,25.5,9.5,0.55,1336521600.0
2012-05-08,258.65,269.9,258.65,262.15,265.07034950571665,138281.0,4540.0,36654193.0,12566.0,9.09,11.25,3.5,1336435200.0
2012-05-07,252.2,256.95,250.0,256.35,252.16922751621087,14188.0,354.0,3577777.0,2662.0,18.76,6.95,4.15,1336348800.0
2012-05-04,256.0,265.55,252.15,254.3,259.61209221679934,31144.0,1388.0,8085359.0,4813.0,15.45,13.4,-1.7,1336089600.0
2012-05-03,252.15,258.1,248.1,254.6,253.9907063197026,18830.0,846.0,4782645.0,5924.0,31.46,10.0,2.45,1336003200.0
2012-05-02,260.0,260.0,250.3,251.95,254.77077201720624,8834.0,430.0,2250645.0,3537.0,40.04,9.7,-8.05,1335916800.0
2012-04-30,253.3,259.0,253.1,254.95,254.7778977084025,12044.0,526.0,3068545.0,5219.0,43.33,5.9,1.65,1335744000.0
2012-04-27,252.0,254.75,247.5,250.45,250.2415589829096,14394.0,472.0,3601977.0,7373.0,51.22,7.25,-1.55,1335484800.0
2012-04-26,256.15,256.5,251.1,253.1,254.92939054245585,7761.0,335.0,1978507.0,3004.0,38.71,5.4,-3.05,1335398400.0
2012-04-25,258.0,261.9,243.0,255.75,253.7120420671403,28716.0,934.0,7285595.0,2960.0,10.31,18.9,-2.25,1335312000.0
2012-04-24,260.0,261.75,255.25,257.8,258.62759462759465,5733.0,345.0,1482712.0,1390.0,24.25,6.5,-2.2,1335225600.0
2012-04-23,262.1,266.0,259.0,259.75,263.37013900613425,17769.0,377.0,4679824.0,6558.0,36.91,7.0,-2.35,1335139200.0
2012-04-20,269.7,270.45,262.0,262.9,267.5961166988609,30026.0,775.0,8034841.0,13945.0,46.44,8.45,-6.8,1334880000.0
2012-04-19,272.0,272.75,266.25,268.95,269.7321060382916,13580.0,453.0,3662962.0,4960.0,36.52,6.5,-3.05,1334793600.0
2012-04-18,264.25,272.7,263.5,270.05,267.90663435185394,44149.0,1476.0,11827810.0,16356.0,37.05,9.2,5.8,1334707200.0
2012-04-17,258.55,264.5,258.5,263.35,262.2132959230417,17464.0,500.0,4579293.0,6350.0,36.36,6.0,4.8,1334620800.0
2012-04-16,261.8,261.8,254.5,258.55,257.83865305857114,15383.0,616.0,3966332.0,6364.0,41.37,7.3,-3.25,1334534400.0
2012-04-13,270.1,270.85,262.5,263.6,266.579952909519,14865.0,612.0,3962711.0,5162.0,34.73,8.35,-6.5,1334275200.0
2012-04-12,273.8,273.8,266.0,267.25,269.89968475568566,8882.0,444.0,2397249.0,3052.0,34.36,7.8,-6.55,1334188800.0
2012-04-11,269.4,274.5,267.55,269.2,270.2390866353257,4467.0,314.0,1207158.0,1500.0,33.58,6.95,-0.2,1334102400.0
2012-04-10,271.05,272.0,267.55,271.05,270.03904095056225,4713.0,266.0,1272694.0,1199.0,25.44,4.45,0.0,1334016000.0
2012-04-09,277.7,278.15,268.5,272.9,273.61761532818366,23173.0,617.0,6340541.0,14643.0,63.19,9.65,-4.8,1333929600.0
2012-04-04,288.0,288.0,277.55,278.1,280.44176156499555,21163.0,565.0,5934989.0,4850.0,22.92,10.45,-9.9,1333497600.0
2012-04-03,277.9,282.0,275.0,277.55,279.3269836855766,21576.0,898.0,6026759.0,7563.0,35.05,7.0,-0.35,1333411200.0
2012-04-02,274.8,276.85,273.3,275.05,275.6792577866136,4527.0,301.0,1248000.0,1665.0,36.78,3.55,0.25,1333324800.0
2012-03-30,267.0,273.9,265.65,272.15,272.0850601362121,6901.0,336.0,1877659.0,3608.0,52.28,8.25,5.15,1333065600.0
2012-03-29,270.5,271.9,263.7,266.9,268.0878434146917,8481.0,463.0,2273653.0,4580.0,54.0,8.2,-3.6,1332979200.0
2012-03-28,276.5,279.0,271.0,272.85,273.95838621940163,11030.0,549.0,3021761.0,5267.0,47.75,8.0,-3.65,1332892800.0
2012-03-27,287.95,290.0,280.0,280.45,282.4872460008647,9252.0,364.0,2613572.0,3538.0,38.24,10.0,-7.5,1332806400.0
2012-03-26,293.85,293.85,280.3,284.3,286.36111111111114,8928.0,382.0,2556632.0,2379.0,26.65,13.55,-9.55,1332720000.0
2012-03-23,293.0,296.5,290.0,294.1,293.0861383257348,10309.0,411.0,3021425.0,4332.0,42.02,6.5,1.1,1332460800.0
2012-03-22,309.2,309.2,287.55,289.55,297.2724028870327,24662.0,1013.0,7331332.0,9106.0,36.92,21.65,-19.65,1332374400.0
2012-03-21,298.55,310.0,298.55,307.1,306.20369539198083,13368.0,498.0,4093331.0,3704.0,27.71,11.45,8.55,1332288000.0
2012-03-20,291.6,302.85,290.05,300.3,297.591468307034,29912.0,923.0,8901556.0,15534.0,51.93,12.8,8.7,1332201600.0
2012-03-19,308.05,311.95,294.0,297.2,303.3251716123453,18501.0,621.0,5611819.0,5206.0,28.14,17.95,-10.85,1332115200.0
2012-03-16,301.85,312.0,301.8,307.7,308.9724205664534,37673.0,999.0,11639918.0,13955.0,37.04,10.2,5.85,1331856000.0
2012-03-15,311.1,312.8,301.2,302.15,306.3262743500984,29466.0,828.0,9026210.0,7468.0,25.34,11.6,-8.95,1331769600.0
2012-03-14,310.0,317.5,309.0,312.2,311.8600151634444,68586.0,1328.0,21389231.0,28689.0,41.83,8.5,2.2,1331683200.0
2012-03-13,300.0,309.4,297.95,305.75,303.5292061179898,185355.0,2075.0,56260656.0,126526.0,68.26,11.45,5.75,1331596800.0
2012-03-12,285.0,299.5,285.0,296.9,296.5140057902103,52157.0,1480.0,15465281.0,16777.0,32.17,14.5,11.9,1331510400.0
2012-03-09,271.65,292.2,269.75,290.5,284.9513989990901,87920.0,2927.0,25052927.0,19999.0,22.75,22.45,18.85,1331251200.0
2012-03-07,267.9,279.0,264.0,267.95,270.95772551354565,127642.0,2801.0,34585586.0,51918.0,40.67,15.0,0.05,1331078400.0
2012-03-06,265.1,274.85,261.05,262.4,268.5389617720776,44287.0,1206.0,11892785.0,21263.0,48.01,13.8,-2.7,1330992000.0
2012-03-05,268.0,268.0,259.0,265.35,263.3115221883302,10163.0,658.0,2676035.0,3008.0,29.6,9.0,-2.65,1330905600.0
2012-03-03,267.0,268.0,265.7,266.2,265.9818652849741,386.0,38.0,102669.0,300.0,77.72,2.3,-0.8,1330732800.0
2012-03-02,266.6,270.6,263.4,266.2,267.7182403299381,16003.0,617.0,4284295.0,7645.0,47.77,7.2,-0.4,1330646400.0
2012-03-01,271.0,272.0,260.05,265.85,266.38386031966644,11512.0,654.0,3066611.0,3701.0,32.15,11.95,-5.15,1330560000.0
2012-02-29,269.0,272.15,266.0,270.15,269.2048771804913,33708.0,1555.0,9074358.0,7711.0,22.88,6.15,1.15,1330473600.0
2012-02-28,248.0,266.0,248.0,262.55,259.6379058532749,17802.0,1015.0,4622074.0,4821.0,27.08,18.0,14.55,1330387200.0
2012-02-27,255.0,257.45,246.6,249.75,250.93021674072727,22054.0,762.0,5534015.0,5905.0,26.78,10.85,-5.25,1330300800.0
2012-02-24,260.15,264.9,254.3,256.2,258.3367660910518,15925.0,751.0,4114013.0,3403.0,21.37,10.6,-3.95,1330041600.0
2012-02-23,268.0,269.5,255.0,260.55,260.7973643191158,21171.0,1105.0,5521341.0,8351.0,39.45,14.5,-7.45,1329955200.0
2012-02-22,288.0,290.4,266.1,268.7,276.984739819906,25098.0,1164.0,6951763.0,10890.0,43.39,24.3,-19.3,1329868800.0
2012-02-21,294.2,295.35,286.0,288.1,290.68207370393503,20813.0,912.0,6049966.0,8369.0,40.21,9.35,-6.1,1329782400.0
2012-02-17,285.0,301.8,285.0,290.6,294.4876630663487,142580.0,3331.0,41988051.0,29015.0,20.35,16.8,5.6,1329436800.0
2012-02-16,282.0,286.6,278.65,283.1,283.1771826852531,29986.0,947.0,8491351.0,15168.0,50.58,7.95,1.1,1329350400.0
2012-02-15,274.4,285.95,270.15,280.6,279.5149325094708,54378.0,1624.0,15199463.0,12642.0,23.25,15.8,6.2,1329264000.0
2012-02-14,269.0,274.4,267.4,271.7,272.28061747719545,18527.0,453.0,5044543.0,11011.0,59.43,7.0,2.7,1329177600.0
2012-02-13,282.4,282.4,266.35,269.7,271.7154863637645,35457.0,1393.0,9634216.0,3705.0,10.45,16.05,-12.7,1329091200.0
2012-02-10,281.95,286.0,275.0,278.95,280.0207779785312,18818.0,767.0,5269431.0,3516.0,18.68,11.0,-3.0,1328832000.0
2012-02-09,279.1,284.0,275.5,278.85,279.95434483245646,28321.0,717.0,7928587.0,12842.0,45.34,8.5,-0.25,1328745600.0
2012-02-08,275.35,280.95,273.0,278.4,276.77130739194826,14854.0,522.0,4111161.0,9918.0,66.77,7.95,3.05,1328659200.0
2012-02-07,281.6,281.95,268.35,272.05,276.0436571981924,12392.0,630.0,3420733.0,4812.0,38.83,13.6,-9.55,1328572800.0
2012-02-06,272.4,287.25,272.4,280.6,282.6212331427937,54057.0,1777.0,15277656.0,17311.0,32.02,14.85,8.2,1328486400.0
2012-02-03,254.85,271.9,253.2,269.45,265.0193511340798,52245.0,1555.0,13845936.0,17809.0,34.09,18.7,14.6,1328227200.0
2012-02-02,256.0,259.0,249.0,252.15,254.5764462809917,12100.0,569.0,3080375.0,3949.0,32.64,10.0,-3.85,1328140800.0
2012-02-01,252.65,256.0,252.0,253.85,254.4513013147304,7454.0,264.0,1896680.0,3843.0,51.56,4.0,1.2,1328054400.0
2012-01-31,252.0,253.65,248.45,251.7,250.48854226843827,5193.0,254.0,1300787.0,2056.0,39.59,5.2,-0.3,1327968000.0
2012-01-30,252.0,256.0,247.2,248.6,251.42345505617976,14240.0,578.0,3580270.0,4388.0,30.81,8.8,-3.4,1327881600.0
2012-01-27,253.1,256.0,247.0,254.85,253.5175566343042,12360.0,447.0,3133477.0,7599.0,61.48,9.0,1.75,1327622400.0
2012-01-25,244.45,252.4,240.35,250.3,246.937691097456,33687.0,1097.0,8318590.0,15723.0,46.67,12.05,5.85,1327449600.0
2012-01-24,241.1,243.0,238.6,241.95,240.3178144696648,51722.0,513.0,12429718.0,43617.0,84.33,4.4,0.85,1327363200.0
2012-01-23,241.4,246.0,238.85,240.3,240.8451467865644,30248.0,543.0,7285084.0,17452.0,57.7,7.15,-1.1,1327276800.0
2012-01-20,241.8,247.4,235.15,239.55,242.9002727677577,35928.0,1142.0,8726921.0,13560.0,37.74,12.25,-2.25,1327017600.0
2012-01-19,232.9,241.8,230.5,239.6,238.07116976068,44710.0,783.0,10644162.0,31819.0,71.17,11.3,6.7,1326931200.0
2012-01-18,235.0,240.0,226.55,228.1,235.50525032445825,25427.0,1168.0,5988192.0,7103.0,27.93,13.45,-6.9,1326844800.0
2012-01-17,229.0,235.75,229.0,233.5,233.36102888231056,24998.0,1522.0,5833559.0,10953.0,43.82,6.75,4.5,1326758400.0
2012-01-16,226.0,230.0,223.05,229.05,227.14780626780623,17550.0,431.0,3986444.0,3951.0,22.51,6.95,3.05,1326672000.0
2012-01-13,228.25,232.1,226.0,227.2,229.0504619248364,55745.0,1433.0,12768418.0,10213.0,18.32,6.1,-1.05,1326412800.0
2012-01-12,214.0,227.55,214.0,225.4,222.6359101176521,93411.0,2797.0,20796643.0,20722.0,22.18,13.55,11.4,1326326400.0
2012-01-11,218.0,220.9,214.25,215.4,217.35572232645404,50635.0,1674.0,11005807.0,12907.0,25.49,6.65,-2.6,1326240000.0
2012-01-10,214.75,214.95,213.05,213.9,214.1532360041384,17398.0,536.0,3725838.0,6224.0,35.77,1.9,-0.85,1326153600.0
2012-01-09,188.8,217.5,188.8,213.25,212.98502950914065,27788.0,1057.0,5918428.0,7667.0,27.59,28.7,24.45,1326067200.0
2012-01-07,215.2,218.9,214.85,215.5,216.5816005040957,11109.0,445.0,2406005.0,4294.0,38.65,4.05,0.3,1325894400.0
2012-01-06,210.5,214.5,205.5,213.05,211.1119643812449,57947.0,2506.0,12233305.0,12410.0,21.42,9.0,2.55,1325808000.0
2012-01-05,215.9,215.9,204.7,210.85,210.43929334983684,26661.0,1130.0,5610522.0,7512.0,28.18,11.2,-5.05,1325721600.0
2012-01-04,207.5,212.25,204.0,211.5,208.86331558211023,23097.0,716.0,4824116.0,7130.0,30.87,8.25,4.0,1325635200.0
2012-01-03,200.05,209.5,200.05,208.25,206.8177590788308,27096.0,906.0,5603934.0,9588.0,35.39,9.45,8.2,1325548800.0
2012-01-02,203.85,205.0,198.75,202.9,202.554911854482,16053.0,675.0,3251614.0,11309.0,70.45,6.25,-0.95,1325462400.0
2011-12-30,199.35,205.1,198.0,203.4,202.71357601713063,58375.0,1525.0,11833405.0,37222.0,63.76,7.1,4.05,1325203200.0
2011-12-29,194.35,199.45,194.0,196.9,197.03664536509203,110164.0,884.0,21706345.0,96813.0,87.88,5.45,2.55,1325116800.0
2011-12-28,201.0,201.5,186.3,195.9,194.90344668188249,34613.0,1145.0,6746193.0,22314.0,64.47,15.2,-5.1,1325030400.0
2011-12-27,206.9,207.95,196.05,199.5,200.9742470536884,52693.0,1680.0,10589936.0,27009.0,51.26,11.9,-7.4,1324944000.0
2011-12-26,204.65,207.75,204.65,205.8,206.58391797085807,18530.0,714.0,3828000.0,5795.0,31.27,3.1,1.15,1324857600.0
2011-12-23,216.3,216.3,203.2,204.8,209.20783139021185,46403.0,1775.0,9707871.0,26741.0,57.63,13.1,-11.5,1324598400.0
2011-12-22,219.0,219.0,213.05,214.8,215.5848238120662,14984.0,589.0,3230323.0,3900.0,26.03,5.95,-4.2,1324512000.0
2011-12-21,219.0,221.0,215.2,219.75,217.1503746784476,17882.0,596.0,3883083.0,3650.0,20.41,5.8,0.75,1324425600.0
2011-12-20,215.8,221.95,212.0,215.0,218.3128585464804,31551.0,1326.0,6887989.0,6107.0,19.36,9.95,-0.8,1324339200.0
2011-12-19,210.6,218.5,205.0,215.5,212.2726057448413,29174.0,1277.0,6192841.0,8538.0,29.27,13.5,4.9,1324252800.0
2011-12-16,220.0,221.8,208.65,212.15,215.69934422121048,23941.0,1253.0,5164058.0,5382.0,22.48,13.15,-7.85,1323993600.0
2011-12-15,211.25,218.95,205.5,217.3,211.6927995391705,34720.0,1645.0,7349974.0,8140.0,23.44,13.45,6.05,1323907200.0
2011-12-14,221.0,223.8,215.55,217.1,219.043524965188,25135.0,1117.0,5505659.0,3496.0,13.91,8.25,-3.9,1323820800.0
2011-12-13,210.45,223.35,209.5,222.05,216.0491343902345,52102.0,2117.0,11256592.0,8728.0,16.75,13.85,11.6,1323734400.0
2011-12-12,233.25,233.5,212.1,215.3,223.44236253325423,52249.0,1897.0,11674640.0,18644.0,35.68,21.4,-17.95,1323648000.0
2011-12-09,240.1,240.25,229.0,230.05,233.35540949786423,75617.0,2204.0,17645636.0,32424.0,42.88,11.25,-10.05,1323388800.0
2011-12-08,261.0,261.5,240.1,242.0,249.6300341468313,79656.0,2550.0,19884530.0,29526.0,37.07,21.4,-19.0,1323302400.0
2011-12-07,248.0,263.0,245.05,260.85,253.85466903573345,141828.0,4717.0,36003700.0,61342.0,43.25,17.95,12.85,1323216000.0
2011-12-05,256.0,256.8,247.0,249.1,250.50844961086008,50239.0,2332.0,12585294.0,24186.0,48.14,9.8,-6.9,1323043200.0
2011-12-02,258.7,265.0,255.75,260.3,259.73514087545215,30133.0,1056.0,7826599.0,14952.0,49.62,9.25,1.6,1322784000.0
2011-12-01,263.8,266.8,254.7,259.0,262.1422003284072,21315.0,965.0,5587561.0,5679.0,27.0,12.1,-4.8,1322697600.0
2011-11-30,252.25,262.9,252.25,259.8,257.02286274805704,66265.0,2197.0,17031620.0,19191.0,28.96,10.65,7.55,1322611200.0
2011-11-29,260.05,264.65,248.15,250.25,257.9768930485173,41243.0,1309.0,10639741.0,5800.0,14.06,16.5,-9.8,1322524800.0
2011-11-28,277.05,278.1,260.0,262.05,266.63634031010594,54562.0,1668.0,14548212.0,8005.0,14.67,18.1,-15.0,1322438400.0
2011-11-25,264.0,294.95,264.0,274.35,278.87625935944175,255090.0,6144.0,71138545.0,73811.0,28.94,30.95,10.35,1322179200.0
2011-11-24,242.95,257.8,233.5,253.6,241.50221769194744,36299.0,1390.0,8766289.0,5076.0,13.98,24.3,10.65,1322092800.0
2011-11-23,259.0,260.5,238.85,241.25,248.48217730301016,61691.0,1828.0,15329114.0,22255.0,36.07,21.65,-17.75,1322006400.0
2011-11-22,249.8,256.95,246.8,252.7,250.87152256724,8663.0,501.0,2173300.0,2927.0,33.79,10.15,2.9,1321920000.0
2011-11-21,256.0,257.4,246.0,248.85,252.42467191601048,11430.0,440.0,2885214.0,3585.0,31.36,11.4,-7.15,1321833600.0
2011-11-18,247.45,258.65,244.3,255.75,250.97035573122528,6578.0,743.0,1650883.0,2863.0,43.52,14.35,8.3,1321574400.0
2011-11-17,250.0,250.45,241.9,246.45,246.1395838820121,11391.0,617.0,2803776.0,2729.0,23.96,8.55,-3.55,1321488000.0
2011-11-16,258.0,258.0,242.2,245.4,246.42990145961585,91942.0,779.0,22657258.0,80318.0,87.36,15.8,-12.6,1321401600.0
2011-11-15,266.9,268.0,251.2,257.1,259.1003601440576,20825.0,871.0,5395765.0,7988.0,38.36,16.8,-9.8,1321315200.0
2011-11-14,269.45,270.95,262.15,265.5,267.9457749100385,8059.0,475.0,2159375.0,1437.0,17.83,8.8,-3.95,1321228800.0
2011-11-11,269.85,270.95,263.0,265.2,267.14003470831665,7491.0,530.0,2001146.0,1965.0,26.23,7.95,-4.65,1320969600.0
2011-11-09,283.45,283.45,267.4,270.4,276.112556561086,26520.0,1345.0,7322505.0,3683.0,13.89,16.05,-13.05,1320796800.0
2011-11-08,276.55,280.9,276.55,280.0,279.6405738736471,11919.0,325.0,3333036.0,3893.0,32.66,4.35,3.45,1320710400.0
2011-11-04,275.05,279.45,275.05,278.4,278.0697569756976,11110.0,297.0,3089355.0,8116.0,73.05,4.4,3.35,1320364800.0
2011-11-03,272.05,277.6,272.05,274.6,275.281196044577,12742.0,477.0,3507633.0,3568.0,28.0,5.55,2.55,1320278400.0
2011-11-02,273.9,275.0,271.15,271.9,272.89031586254765,2881.0,205.0,786197.0,1453.0,50.43,3.85,-2.0,1320192000.0
2011-11-01,275.8,279.0,272.5,273.75,275.75843307943416,9190.0,441.0,2534220.0,2474.0,26.92,6.5,-2.05,1320105600.0
2011-10-31,270.0,277.6,270.0,275.8,274.8882769472856,11439.0,611.0,3144447.0,4290.0,37.5,7.6,5.8,1320019200.0
2011-10-28,265.0,269.9,265.0,269.15,267.8962501082532,11547.0,511.0,3093398.0,6096.0,52.79,4.9,4.15,1319760000.0
2011-10-26,262.85,262.85,258.5,260.9,260.5759870200108,3698.0,134.0,963610.0,2690.0,72.74,4.35,-1.95,1319587200.0
2011-10-25,256.3,260.45,255.6,258.5,257.061441090555,20540.0,424.0,5280042.0,2438.0,11.87,4.85,2.2,1319500800.0
2011-10-24,263.05,265.0,254.1,257.15,258.6107227958697,12590.0,602.0,3255909.0,7840.0,62.27,10.9,-5.9,1319414400.0
2011-10-21,264.2,266.5,261.5,262.3,263.6621116561551,17124.0,770.0,4514950.0,4662.0,27.22,5.0,-1.9,1319155200.0
2011-10-20,272.0,272.0,263.15,264.65,266.1415911678796,20199.0,670.0,5375794.0,11589.0,57.37,8.85,-7.35,1319068800.0
2011-10-19,272.0,273.45,270.0,272.05,271.72247310399786,15058.0,438.0,4091597.0,5851.0,38.86,3.45,0.05,1318982400.0
2011-10-18,271.5,273.45,266.25,268.8,269.05939930276213,7458.0,490.0,2006645.0,2480.0,33.25,7.2,-2.7,1318896000.0
2011-10-17,270.0,274.55,270.0,273.35,273.0800824884001,5819.0,347.0,1589053.0,2492.0,42.83,4.55,3.35,1318809600.0
2011-10-14,269.25,270.4,266.1,269.6,268.2058600656732,3959.0,225.0,1061827.0,2025.0,51.15,4.3,0.35,1318550400.0
2011-10-13,275.0,275.0,267.5,269.35,271.6121786197564,3695.0,300.0,1003607.0,1293.0,34.99,7.5,-5.65,1318464000.0
2011-10-12,266.1,274.0,263.45,271.8,268.3866979044644,7683.0,422.0,2062015.0,1743.0,22.69,10.55,5.7,1318377600.0
2011-10-11,273.0,276.0,264.1,265.4,270.7819383259912,8626.0,568.0,2335765.0,5270.0,61.09,11.9,-7.6,1318291200.0
2011-10-10,265.0,271.95,262.5,270.55,265.1984575610184,22821.0,388.0,6052094.0,2455.0,10.76,9.45,5.55,1318204800.0
2011-10-07,264.0,267.5,261.0,266.85,264.7489196197061,11570.0,520.0,3063145.0,5957.0,51.49,6.5,2.85,1317945600.0
2011-10-05,271.25,272.3,254.25,258.45,266.8181183452609,28645.0,733.0,7643005.0,5111.0,17.84,18.05,-12.8,1317772800.0
2011-10-04,270.0,274.0,268.1,269.6,272.32328111979325,82801.0,513.0,22548640.0,78603.0,94.93,5.9,-0.4,1317686400.0
2011-10-03,278.0,278.0,266.1,268.9,270.9681805550041,50378.0,300.0,13650835.0,48971.0,97.21,11.9,-9.1,1317600000.0
2011-09-30,275.95,280.0,273.05,276.65,276.4978108581436,4568.0,306.0,1263042.0,2404.0,52.63,6.95,0.7,1317340800.0
2011-09-29,275.45,277.85,270.5,274.15,273.0512483574244,12937.0,586.0,3532464.0,7724.0,59.7,7.35,-1.3,1317254400.0
2011-09-28,283.4,286.55,274.55,276.85,281.5986858947009,11719.0,612.0,3300055.0,2969.0,25.33,12.0,-6.55,1317168000.0
2011-09-27,280.0,280.5,277.75,279.2,279.11814795103777,3758.0,213.0,1048926.0,1567.0,41.7,2.75,-0.8,1317081600.0
2011-09-26,279.9,279.9,271.0,276.15,274.52652903723714,5183.0,288.0,1422871.0,1938.0,37.39,8.9,-3.75,1316995200.0
2011-09-23,280.1,282.35,273.3,278.5,278.505028519964,13324.0,638.0,3710801.0,4986.0,37.42,9.05,-1.6,1316736000.0
2011-09-22,288.0,290.0,282.55,284.45,285.0144169217924,17965.0,542.0,5120284.0,8160.0,45.42,7.45,-3.55,1316649600.0
2011-09-21,284.95,294.5,282.1,292.0,290.4416824463156,24821.0,1098.0,7209053.0,8391.0,33.81,12.4,7.05,1316563200.0
2011-09-20,283.9,284.75,282.4,282.95,283.2981083490145,10097.0,299.0,2860461.0,7245.0,71.75,2.35,-0.95,1316476800.0
2011-09-19,284.0,284.75,278.2,280.85,281.22638027753175,13548.0,441.0,3810055.0,3019.0,22.28,6.55,-3.15,1316390400.0
2011-09-16,280.15,285.4,276.4,283.45,281.942217907826,21633.0,774.0,6099256.0,3864.0,17.86,9.0,3.3,1316131200.0
2011-09-15,278.9,281.0,275.75,278.25,278.40294275423406,26098.0,822.0,7265760.0,4762.0,18.25,5.25,-0.65,1316044800.0
2011-09-14,284.0,285.0,273.5,275.5,278.9733457034678,39881.0,1210.0,11125736.0,14597.0,36.6,11.5,-8.5,1315958400.0
2011-09-13,285.55,290.0,282.0,284.0,286.3255777941233,25831.0,409.0,7396076.0,20351.0,78.79,8.0,-1.55,1315872000.0
2011-09-12,290.0,290.0,281.1,283.15,284.3774424663482,9212.0,361.0,2619685.0,4845.0,52.59,8.9,-6.85,1315785600.0
2011-09-09,303.0,305.0,291.0,292.55,298.815671641791,13400.0,590.0,4004130.0,5598.0,41.78,14.0,-10.45,1315526400.0
2011-09-08,308.85,308.85,300.1,301.45,304.3329048843188,1556.0,201.0,473542.0,745.0,47.88,8.75,-7.4,1315440000.0
2011-09-07,304.5,310.55,303.05,304.55,307.828541976864,8731.0,384.0,2687651.0,3397.0,38.91,7.5,0.05,1315353600.0
2011-09-06,300.0,305.0,295.0,304.1,300.4101891161713,12955.0,525.0,3891814.0,7113.0,54.91,10.0,4.1,1315267200.0
2011-09-05,294.9,300.9,290.0,299.2,296.8887321736405,12762.0,445.0,3788894.0,2372.0,18.59,10.9,4.3,1315180800.0
2011-09-02,304.3,308.0,292.0,298.1,297.35695461200584,6830.0,421.0,2030948.0,1564.0,22.9,16.0,-6.2,1314921600.0
2011-08-30,299.0,308.0,295.0,302.4,300.8118558350937,15621.0,555.0,4698982.0,4808.0,30.78,13.0,3.4,1314662400.0
2011-08-29,282.0,294.75,282.0,293.1,288.0121356186664,7993.0,423.0,2302081.0,3527.0,44.13,12.75,11.1,1314576000.0
2011-08-26,295.1,295.9,276.0,278.7,283.75534799638444,9957.0,664.0,2825352.0,4947.0,49.68,19.9,-16.4,1314316800.0
2011-08-25,309.0,310.05,289.0,296.45,303.1218482601255,8765.0,640.0,2656863.0,3489.0,39.81,21.05,-12.55,1314230400.0
2011-08-24,308.5,314.9,305.35,308.0,309.8138918345705,5658.0,326.0,1752927.0,1337.0,23.63,9.55,-0.5,1314144000.0
2011-08-23,299.0,310.0,297.1,307.7,305.8081205713643,8891.0,466.0,2718940.0,3904.0,43.91,12.9,8.7,1314057600.0
2011-08-22,293.9,301.0,287.0,297.4,294.01644736842104,4864.0,391.0,1430096.0,1311.0,26.95,14.0,3.5,1313971200.0
2011-08-19,292.0,297.0,285.0,288.9,289.73781057351016,10706.0,645.0,3101933.0,6300.0,58.85,12.0,-3.1,1313712000.0
2011-08-18,296.1,300.0,294.1,298.6,297.06823027718553,5628.0,377.0,1671900.0,1642.0,29.18,5.9,2.5,1313625600.0
2011-08-17,315.0,315.0,297.55,298.95,304.6094186510576,7517.0,549.0,2289749.0,2203.0,29.31,17.45,-16.05,1313539200.0
2011-08-16,323.0,325.0,313.0,314.6,322.0966918521544,19588.0,583.0,6309230.0,15667.0,79.98,12.0,-8.4,1313452800.0
2011-08-12,334.0,334.95,320.0,322.85,327.6615113547377,5108.0,357.0,1673695.0,1428.0,27.96,14.95,-11.15,1313107200.0
2011-08-11,322.15,333.9,322.0,329.75,330.15615245605386,12174.0,657.0,4019321.0,3699.0,30.38,11.9,7.6,1313020800.0
2011-08-10,320.0,328.5,317.0,324.25,322.15741948429815,9967.0,620.0,3210943.0,2575.0,25.84,11.5,4.25,1312934400.0
2011-08-09,315.0,319.45,308.05,312.05,312.7555566316401,20651.0,1145.0,6458715.0,7200.0,34.87,11.4,-2.95,1312848000.0
2011-08-08,325.0,326.75,315.0,323.6,323.09079357745173,8657.0,440.0,2796997.0,3131.0,36.17,11.75,-1.4,1312761600.0
2011-08-05,330.0,330.05,305.0,329.0,325.9897931285884,10973.0,648.0,3577086.0,4176.0,38.06,25.05,-1.0,1312502400.0
2011-08-04,341.0,343.0,334.1,335.5,339.183364467604,10171.0,498.0,3449834.0,2943.0,28.94,8.9,-5.5,1312416000.0
2011-08-03,333.0,341.95,330.1,340.05,336.5916763303697,7761.0,492.0,2612288.0,2962.0,38.17,11.85,7.05,1312329600.0
2011-08-02,338.0,338.0,334.5,336.5,336.31148867313914,2472.0,253.0,831362.0,1052.0,42.56,3.5,-1.5,1312243200.0
2011-08-01,338.0,342.0,337.0,338.4,339.5163943068002,9485.0,375.0,3220313.0,2335.0,24.62,5.0,0.4,1312156800.0
2011-07-29,342.65,349.0,335.25,337.65,341.12488902042026,57443.0,2022.0,19595237.0,10796.0,18.79,13.75,-5.0,1311897600.0
2011-07-28,337.05,347.9,329.2,344.35,342.1335064935065,23100.0,1374.0,7903284.0,5057.0,21.89,18.7,7.3,1311811200.0
2011-07-27,346.1,347.0,337.6,340.95,341.8414495277648,14929.0,702.0,5103351.0,2209.0,14.8,9.4,-5.15,1311724800.0
2011-07-26,352.8,364.4,342.2,346.05,356.18196833521813,67204.0,2442.0,23936853.0,10096.0,15.02,22.2,-6.75,1311638400.0
2011-07-25,336.0,356.95,333.25,349.55,350.00267161283733,58766.0,1803.0,20568257.0,17589.0,29.93,23.7,13.55,1311552000.0
2011-07-22,339.95,339.95,331.0,331.75,332.7898936170213,6768.0,293.0,2252322.0,1726.0,25.5,8.95,-8.2,1311292800.0
2011-07-21,333.0,334.6,328.25,330.1,331.0542042227436,8099.0,445.0,2681208.0,2652.0,32.74,6.35,-2.9,1311206400.0
2011-07-20,332.0,333.4,328.0,330.05,329.9410754165951,11642.0,398.0,3841174.0,5168.0,44.39,5.4,-1.95,1311120000.0
2011-07-19,334.0,334.75,328.5,329.7,330.17789910709206,17583.0,612.0,5805518.0,7499.0,42.65,6.25,-4.3,1311033600.0
2011-07-18,340.0,340.0,331.45,332.85,334.2066974595843,10392.0,386.0,3473076.0,2190.0,21.07,8.55,-7.15,1310947200.0
2011-07-15,345.0,345.05,335.0,338.05,338.95041322314046,16577.0,576.0,5618781.0,4429.0,26.72,10.05,-6.95,1310688000.0
2011-07-14,337.9,343.7,333.3,341.25,340.094045174538,24350.0,746.0,8281290.0,6385.0,26.22,10.4,3.35,1310601600.0
2011-07-13,337.0,341.0,334.75,340.45,339.5234546423422,127608.0,806.0,43325909.0,110271.0,86.41,6.25,3.45,1310515200.0
2011-07-12,336.0,339.0,326.0,332.6,333.6277284292282,44806.0,1230.0,14948524.0,9953.0,22.21,13.0,-3.4,1310428800.0
2011-07-11,327.95,335.8,326.5,334.3,332.1381745205887,26908.0,943.0,8937174.0,8220.0,30.55,9.3,6.35,1310342400.0
2011-07-08,319.8,331.9,318.0,326.2,327.80896758744746,174562.0,1659.0,57222989.0,133959.0,76.74,13.9,6.4,1310083200.0
2011-07-07,312.0,319.45,306.2,318.7,316.1534584659349,76985.0,1168.0,24339074.0,21615.0,28.08,13.25,6.7,1309996800.0
2011-07-06,308.0,311.8,306.55,309.25,309.53799763278033,53227.0,1010.0,16475779.0,19431.0,36.51,5.25,1.25,1309910400.0
2011-07-05,305.0,307.5,301.5,304.65,305.19668776776007,15639.0,487.0,4772971.0,5529.0,35.35,6.0,-0.35,1309824000.0
2011-07-04,298.8,307.4,298.0,302.85,303.43359762140733,38342.0,1064.0,11634251.0,8687.0,22.66,9.4,4.05,1309737600.0
2011-07-01,297.8,300.65,294.0,294.65,295.2273135669362,7791.0,276.0,2300116.0,3593.0,46.12,6.65,-3.15,1309478400.0
2011-06-30,303.0,309.85,294.0,298.3,302.8468456640189,45699.0,1531.0,13839798.0,11827.0,25.88,15.85,-4.7,1309392000.0
2011-06-29,284.85,303.0,284.85,300.65,297.97761194029846,70752.0,2052.0,21082512.0,26772.0,37.84,18.15,15.8,1309305600.0
2011-06-28,283.9,285.0,281.1,281.65,282.67388639149976,7341.0,404.0,2075109.0,3361.0,45.78,3.9,-2.25,1309219200.0
2011-06-27,271.6,287.0,271.6,280.75,282.565445026178,7067.0,539.0,1996890.0,3053.0,43.2,15.4,9.15,1309132800.0
2011-06-24,262.05,279.0,261.55,275.5,271.1866639643292,9868.0,740.0,2676070.0,2713.0,27.49,17.45,13.45,1308873600.0
2011-06-23,261.1,265.0,257.1,262.75,260.3666871291181,4887.0,412.0,1272412.0,1558.0,31.88,7.9,1.65,1308787200.0
2011-06-22,269.9,269.9,261.1,262.65,264.1038456384832,7463.0,465.0,1971007.0,2792.0,37.41,8.8,-7.25,1308700800.0
2011-06-21,277.0,277.0,266.55,267.35,271.6354253835425,10755.0,528.0,2921439.0,7753.0,72.09,10.45,-9.65,1308614400.0
2011-06-20,287.95,287.95,275.45,276.35,278.9947325769854,7404.0,393.0,2065677.0,2553.0,34.48,12.5,-11.6,1308528000.0
2011-06-17,286.9,289.0,284.4,285.4,286.28604395604395,9100.0,421.0,2605203.0,4345.0,47.75,4.6,-1.5,1308268800.0
2011-06-16,288.15,292.0,281.0,285.85,288.23216106014274,3924.0,331.0,1131023.0,1255.0,31.98,11.0,-2.3,1308182400.0
2011-06-15,289.5,295.95,286.05,290.4,292.5888857977465,14378.0,594.0,4206843.0,6114.0,42.52,9.9,0.9,1308096000.0
2011-06-14,288.5,292.75,286.55,287.55,289.0056759545924,5814.0,344.0,1680279.0,1801.0,30.98,6.2,-0.95,1308009600.0
2011-06-13,293.0,299.0,287.0,289.9,293.9531574266232,13492.0,627.0,3966016.0,2707.0,20.06,12.0,-3.1,1307923200.0
2011-06-10,282.95,295.5,278.1,292.85,289.75264203584715,47312.0,1492.0,13708777.0,10840.0,22.91,17.4,9.9,1307664000.0
2011-06-09,281.0,283.5,278.0,280.95,280.4486638537272,5688.0,313.0,1595192.0,2675.0,47.03,5.5,-0.05,1307577600.0
2011-06-08,280.9,286.0,280.0,280.6,282.96160219004395,13881.0,569.0,3927790.0,4662.0,33.59,6.0,-0.3,1307491200.0
2011-06-07,278.9,280.95,274.5,279.05,277.6735112936345,3896.0,259.0,1081816.0,1039.0,26.67,6.45,0.15,1307404800.0
2011-06-06,279.55,284.95,276.1,277.05,277.0483230361871,4532.0,196.0,1255583.0,2516.0,55.52,8.85,-2.5,1307318400.0
2011-06-03,285.8,288.5,280.75,282.4,285.76892430278883,4518.0,354.0,1291104.0,1826.0,40.42,7.75,-3.4,1307059200.0
2011-06-02,287.0,287.1,282.05,283.9,284.4295210499404,5867.0,319.0,1668748.0,2247.0,38.3,5.05,-3.1,1306972800.0
2011-06-01,280.0,289.8,279.1,288.0,286.8877057747583,15308.0,571.0,4391677.0,7978.0,52.12,10.7,8.0,1306886400.0
2011-05-31,280.45,281.3,275.05,279.15,279.3435810810811,5920.0,384.0,1653714.0,1292.0,21.82,6.25,-1.3,1306800000.0
2011-05-30,270.35,279.0,270.35,276.05,275.1692037470726,3416.0,353.0,939978.0,1370.0,40.11,8.65,5.7,1306713600.0
2011-05-27,269.1,272.95,269.0,270.9,270.5584140435836,3304.0,178.0,893925.0,1619.0,49.0,3.95,1.8,1306454400.0
2011-05-26,271.0,273.85,267.1,268.0,271.1975448536355,5295.0,371.0,1435991.0,3002.0,56.69,6.75,-3.0,1306368000.0
2011-05-25,274.4,274.95,270.05,271.1,272.23280721533257,3548.0,205.0,965882.0,2265.0,63.84,4.9,-3.3,1306281600.0
2011-05-24,275.0,276.95,272.55,273.65,274.4126874279124,4335.0,192.0,1189579.0,2500.0,57.67,4.4,-1.35,1306195200.0
2011-05-23,279.0,279.95,274.0,275.25,277.15811606391924,8323.0,316.0,2306787.0,4925.0,59.17,5.95,-3.75,1306108800.0
2011-05-20,275.9,281.0,275.9,279.6,277.59454450653453,176446.0,418.0,48980447.0,171541.0,97.22,5.1,3.7,1305849600.0
2011-05-19,274.6,279.95,273.5,274.9,275.36400794114206,8563.0,371.0,2357942.0,5160.0,60.26,6.45,0.3,1305763200.0
2011-05-18,276.0,276.0,271.25,272.95,273.608997429306,11670.0,406.0,3193017.0,6432.0,55.12,4.75,-3.05,1305676800.0
2011-05-17,285.95,286.45,273.05,275.15,279.1952380952381,12180.0,641.0,3400598.0,6062.0,49.77,13.4,-10.8,1305590400.0
2011-05-16,290.1,292.45,281.1,282.35,286.5050356177843,16284.0,793.0,4665448.0,6112.0,37.53,11.35,-7.75,1305504000.0
2011-05-13,284.15,293.45,284.15,288.45,288.3952013237728,14504.0,574.0,4182884.0,5721.0,39.44,9.3,4.3,1305244800.0
2011-05-12,286.05,287.0,281.55,282.5,283.41998649561106,5924.0,279.0,1678980.0,3912.0,66.04,5.45,-3.55,1305158400.0
2011-05-11,285.1,289.8,285.1,286.2,287.4051470588235,5440.0,395.0,1563484.0,2172.0,39.93,4.7,1.1,1305072000.0
2011-05-10,286.15,289.85,281.1,283.9,285.4512087077585,7901.0,579.0,2255350.0,2574.0,32.58,8.75,-2.25,1304985600.0
2011-05-09,290.25,292.95,286.55,288.25,289.3741998060136,5155.0,367.0,1491724.0,1059.0,20.54,6.4,-2.0,1304899200.0
2011-05-06,288.0,290.4,283.85,287.8,287.62002598668187,12314.0,583.0,3541753.0,4325.0,35.12,6.55,-0.2,1304640000.0
2011-05-05,300.0,300.0,284.1,286.65,291.64602272727274,8800.0,700.0,2566485.0,3299.0,37.49,15.9,-13.35,1304553600.0
2011-05-04,306.9,307.5,295.6,299.8,300.1819474652836,11954.0,715.0,3588375.0,2268.0,18.97,11.9,-7.1,1304467200.0
2011-05-03,307.95,309.0,302.15,306.75,306.70194406903005,9619.0,468.0,2950166.0,4045.0,42.05,6.85,-1.2,1304380800.0
2011-05-02,312.4,314.9,305.75,307.35,309.2954034729316,14685.0,786.0,4542003.0,2873.0,19.56,9.15,-5.05,1304294400.0
2011-04-29,306.45,313.75,303.0,308.1,307.9966309606081,57880.0,2300.0,17826845.0,5054.0,8.73,10.75,1.65,1304035200.0
2011-04-28,311.45,314.15,300.0,303.35,309.32445391582314,11262.0,682.0,3483612.0,7543.0,66.98,14.15,-8.1,1303948800.0
2011-04-27,314.75,315.0,308.0,310.8,312.60672375515384,6306.0,333.0,1971298.0,2272.0,36.03,7.0,-3.95,1303862400.0
2011-04-26,310.0,316.55,307.0,311.3,312.9156942559928,11055.0,513.0,3459283.0,2455.0,22.21,9.55,1.3,1303776000.0
2011-04-25,311.0,311.0,306.95,309.35,308.93766330720416,8037.0,361.0,2482932.0,4596.0,57.19,4.05,-1.65,1303689600.0
2011-04-21,312.05,313.7,305.75,310.3,311.2753786328285,9772.0,447.0,3041783.0,5557.0,56.87,7.95,-1.75,1303344000.0
2011-04-20,310.95,313.95,307.55,310.85,310.8251835261914,8037.0,446.0,2498102.0,3051.0,37.96,6.4,-0.1,1303257600.0
2011-04-19,305.05,308.95,301.25,307.05,307.39851320854905,7533.0,461.0,2315633.0,3140.0,41.68,7.7,2.0,1303171200.0
2011-04-18,315.0,316.0,306.65,307.95,311.14341232227486,10550.0,367.0,3282563.0,5494.0,52.08,9.35,-7.05,1303084800.0
2011-04-15,313.1,319.95,312.95,313.7,316.1776300578034,17300.0,601.0,5469873.0,8775.0,50.72,7.0,0.6,1302825600.0
2011-04-13,310.0,317.8,310.0,316.4,314.75992465951896,6902.0,383.0,2172473.0,2108.0,30.54,7.8,6.4,1302652800.0
2011-04-11,309.3,315.5,307.45,312.9,311.716537098736,18909.0,660.0,5894248.0,9398.0,49.7,8.05,3.6,1302480000.0
2011-04-08,321.45,321.45,304.0,308.9,310.92770489103583,18217.0,694.0,5664170.0,8306.0,45.59,17.45,-12.55,1302220800.0
2011-04-07,321.5,322.95,317.6,318.4,319.9339135565718,6779.0,442.0,2168832.0,2325.0,34.3,5.35,-3.1,1302134400.0
2011-04-06,323.0,325.0,318.55,320.95,321.9013523717993,14567.0,535.0,4689137.0,5878.0,40.35,6.45,-2.05,1302048000.0
2011-04-05,323.65,324.0,318.8,320.15,321.06045016077167,24880.0,808.0,7987984.0,10953.0,44.02,5.2,-3.5,1301961600.0
2011-04-04,320.4,322.8,318.0,318.8,320.5323615940091,7478.0,308.0,2396941.0,4228.0,56.54,4.8,-1.6,1301875200.0
2011-04-01,315.0,325.2,311.7,316.0,316.4094378903539,8646.0,629.0,2735676.0,2511.0,29.04,13.5,1.0,1301616000.0
2011-03-31,312.4,313.5,306.5,311.05,309.66538609296964,5206.0,393.0,1612118.0,3041.0,58.41,7.0,-1.35,1301529600.0
2011-03-30,313.0,315.85,310.6,312.4,312.7055342847198,2873.0,288.0,898403.0,1565.0,54.47,5.25,-0.6,1301443200.0
2011-03-29,307.05,317.0,306.55,310.55,312.18453667675453,13878.0,532.0,4332497.0,3991.0,28.76,10.45,3.5,1301356800.0
2011-03-28,312.5,312.5,308.0,309.3,310.186481303931,4172.0,188.0,1294098.0,2632.0,63.09,4.5,-3.2,1301270400.0
2011-03-25,308.0,315.65,308.0,309.6,311.6658543443622,10669.0,489.0,3325163.0,3885.0,36.41,7.65,1.6,1301011200.0
2011-03-24,307.25,314.0,305.5,308.1,308.3282430730478,25408.0,660.0,7834004.0,15977.0,62.88,8.5,0.85,1300924800.0
2011-03-23,304.25,308.6,301.9,306.55,305.41938674579626,14154.0,568.0,4322906.0,4510.0,31.86,6.7,2.3,1300838400.0
2011-03-22,300.0,301.75,298.05,299.75,300.1993499458288,2769.0,182.0,831252.0,1089.0,39.33,3.7,-0.25,1300752000.0
2011-03-21,303.05,305.95,295.1,296.9,301.1741773962804,8388.0,471.0,2526249.0,4437.0,52.9,10.85,-6.15,1300665600.0
2011-03-18,313.0,314.9,302.0,303.85,305.90182774854605,7222.0,467.0,2209223.0,3117.0,43.16,12.9,-9.15,1300406400.0
2011-03-17,304.0,314.0,300.5,310.85,308.35360857232905,6346.0,394.0,1956812.0,3451.0,54.38,13.5,6.85,1300320000.0
2011-03-16,306.25,308.5,302.55,303.7,304.99279835390945,14580.0,296.0,4446795.0,9540.0,65.43,5.95,-2.55,1300233600.0
2011-03-15,311.4,311.4,294.75,305.6,304.8106349353909,21514.0,546.0,6557696.0,15065.0,70.02,16.65,-5.8,1300147200.0
2011-03-14,315.85,317.8,309.05,311.4,312.4728677417377,16309.0,404.0,5096120.0,12698.0,77.86,8.75,-4.45,1300060800.0
2011-03-11,320.0,325.4,312.0,315.0,317.6990784874484,6294.0,539.0,1999598.0,2067.0,32.84,13.4,-5.0,1299801600.0
2011-03-10,321.0,328.0,318.65,321.85,323.5962274466922,7316.0,489.0,2367430.0,2920.0,39.91,9.35,0.85,1299715200.0
2011-03-09,318.8,329.0,318.25,325.4,325.0132642863632,11007.0,658.0,3577421.0,3066.0,27.85,10.75,6.6,1299628800.0
2011-03-08,314.0,320.0,313.45,316.9,317.9087230215828,6672.0,254.0,2121087.0,1725.0,25.85,6.55,2.9,1299542400.0
2011-03-07,318.0,318.0,308.2,312.6,313.0258188824663,5190.0,522.0,1624604.0,1891.0,36.44,9.8,-5.4,1299456000.0
2011-03-04,316.0,322.85,315.0,318.55,319.8725802174489,15084.0,541.0,4824958.0,6562.0,43.5,7.85,2.55,1299196800.0
2011-03-03,300.0,315.75,300.0,311.85,312.3769387435375,6383.0,310.0,1993902.0,2870.0,44.96,15.75,11.85,1299110400.0
2011-03-01,300.0,311.0,299.1,308.45,304.8340254030288,8188.0,368.0,2495981.0,4458.0,54.45,11.9,8.45,1298937600.0
2011-02-28,298.0,302.45,296.0,299.05,298.0538888098962,7033.0,352.0,2096213.0,4515.0,64.2,6.45,1.05,1298851200.0
2011-02-25,304.0,304.0,285.0,293.95,291.01779359430606,4496.0,396.0,1308416.0,1672.0,37.19,19.0,-10.05,1298592000.0
2011-02-24,304.0,305.9,282.0,286.75,296.7197162126653,11417.0,655.0,3387649.0,4830.0,42.31,23.9,-17.25,1298505600.0
2011-02-23,304.9,305.7,302.05,304.2,303.91839656406586,1397.0,122.0,424574.0,754.0,53.97,3.65,-0.7,1298419200.0
2011-02-22,302.1,306.0,301.4,302.4,302.9921705089169,2299.0,131.0,696579.0,1364.0,59.33,4.6,0.3,1298332800.0
2011-02-21,305.0,307.7,300.65,306.55,304.6476435304199,5835.0,361.0,1777619.0,3369.0,57.74,7.05,1.55,1298246400.0
2011-02-18,304.0,309.0,301.0,303.2,305.3252620699837,13546.0,1277.0,4135936.0,6080.0,44.88,8.0,-0.8,1297987200.0
2011-02-17,299.0,305.0,298.0,300.85,302.06553490136565,10544.0,478.0,3184979.0,2892.0,27.43,7.0,1.85,1297900800.0
2011-02-16,291.1,300.0,291.1,298.55,297.02385797552506,108601.0,449.0,32257088.0,103908.0,95.68,8.9,7.45,1297814400.0
2011-02-15,301.0,306.0,290.0,294.35,298.8739017571885,10016.0,642.0,2993521.0,3806.0,38.0,16.0,-6.65,1297728000.0
2011-02-14,301.0,306.0,297.55,300.55,301.24461357658515,17869.0,1186.0,5382940.0,9683.0,54.19,8.45,-0.45,1297641600.0
2011-02-11,268.05,298.9,268.05,295.3,283.69614686967515,18193.0,719.0,5161284.0,4119.0,22.64,30.85,27.25,1297382400.0
2011-02-10,277.9,281.0,263.3,272.3,269.41943911843407,47461.0,1141.0,12786916.0,18436.0,38.84,17.7,-5.6,1297296000.0
2011-02-09,284.35,284.35,269.05,271.25,273.2832410863689,15538.0,575.0,4246275.0,10076.0,64.85,15.3,-13.1,1297209600.0
2011-02-08,298.0,300.95,282.3,284.35,291.20361860999424,10446.0,657.0,3041913.0,7338.0,70.25,18.65,-13.65,1297123200.0
2011-02-07,303.95,303.95,296.1,297.55,298.48913987836664,5755.0,432.0,1717805.0,2774.0,48.2,7.85,-6.4,1297036800.0
2011-02-04,304.2,309.95,296.1,299.95,304.1443826139269,6649.0,465.0,2022256.0,3594.0,54.05,13.85,-4.25,1296777600.0
2011-02-03,305.0,305.9,300.0,304.7,303.1421244432447,7409.0,384.0,2245980.0,2675.0,36.1,5.9,-0.3,1296691200.0
2011-02-02,301.9,306.0,300.1,302.8,302.49000781511666,8957.0,660.0,2709403.0,3565.0,39.8,5.9,0.9,1296604800.0
2011-02-01,310.0,310.9,296.1,298.65,303.0130404941661,32054.0,2238.0,9712780.0,19712.0,61.5,14.8,-11.35,1296518400.0
2011-01-31,311.2,311.2,305.1,308.45,308.38484611371933,7668.0,387.0,2364695.0,3372.0,43.97,6.1,-2.75,1296432000.0
2011-01-28,315.0,317.85,311.2,313.45,313.8169394804025,6659.0,365.0,2089707.0,3156.0,47.39,6.65,-1.55,1296172800.0
2011-01-27,323.0,323.3,313.6,314.85,316.77673816035696,13894.0,729.0,4401296.0,7620.0,54.84,9.7,-8.15,1296086400.0
2011-01-25,323.0,324.45,320.65,322.25,322.21648998822144,4245.0,271.0,1367809.0,1697.0,39.98,3.8,-0.75,1295913600.0
2011-01-24,318.6,326.9,318.6,323.4,323.2398224339541,9236.0,509.0,2985443.0,2886.0,31.25,8.3,4.8,1295827200.0
2011-01-21,316.0,324.7,315.15,318.2,319.4992946108267,24809.0,838.0,7926458.0,8122.0,32.74,9.55,2.2,1295568000.0
2011-01-20,323.95,323.95,311.55,315.35,315.012776884049,32324.0,1090.0,10182473.0,11975.0,37.05,12.4,-8.6,1295481600.0
2011-01-19,333.2,333.2,315.0,322.75,322.0812450373193,31485.0,2228.0,10140728.0,9507.0,30.2,18.2,-10.45,1295395200.0
2011-01-18,334.1,338.9,330.45,333.25,334.2049976426214,10605.0,825.0,3544244.0,4613.0,43.5,8.45,-0.85,1295308800.0
2011-01-17,342.0,342.0,332.0,334.2,336.19907016060864,18928.0,860.0,6363576.0,8117.0,42.88,10.0,-7.8,1295222400.0
2011-01-14,356.55,357.0,341.0,343.05,349.93642774062226,27512.0,1051.0,9627451.0,13092.0,47.59,16.0,-13.5,1294963200.0
2011-01-13,364.0,366.9,356.0,358.9,359.8260098110844,9581.0,564.0,3447493.0,3282.0,34.26,10.9,-5.1,1294876800.0
2011-01-12,367.0,370.0,360.0,366.25,365.6585304267318,23762.0,466.0,8688778.0,17810.0,74.95,10.0,-0.75,1294790400.0
2011-01-11,364.8,366.95,360.5,362.2,362.48584686774944,8620.0,417.0,3124628.0,6953.0,80.66,6.45,-2.6,1294704000.0
2011-01-10,375.0,375.0,357.75,360.6,366.04545454545456,12562.0,545.0,4598263.0,8136.0,64.77,17.25,-14.4,1294617600.0
2011-01-07,377.4,384.9,372.15,375.05,378.9641070435957,37779.0,1392.0,14316885.0,13534.0,35.82,12.75,-2.35,1294358400.0
2011-01-06,380.0,380.0,372.3,375.85,375.0965815324165,12725.0,379.0,4773104.0,6777.0,53.26,7.7,-4.15,1294272000.0
2011-01-05,378.0,381.95,373.25,378.45,377.97394913095286,24337.0,1048.0,9198752.0,8489.0,34.88,8.7,0.45,1294185600.0
2011-01-04,370.35,379.1,365.2,377.0,372.9964684768135,34546.0,823.0,12885536.0,14908.0,43.15,13.9,6.65,1294099200.0
2011-01-03,366.9,372.0,366.9,369.35,369.27319509611016,6607.0,257.0,2439788.0,3105.0,47.0,5.1,2.45,1294012800.0
2010-12-31,364.95,369.9,362.55,365.75,366.34891366495134,6996.0,425.0,2562977.0,2619.0,37.44,7.35,0.8,1293753600.0
2010-12-30,366.15,367.0,360.25,361.95,363.4046681037687,13453.0,427.0,4888883.0,9533.0,70.86,6.75,-4.2,1293667200.0
2010-12-29,370.0,371.0,363.05,365.2,366.7001862197393,5907.0,345.0,2166098.0,1896.0,32.1,7.95,-4.8,1293580800.0
2010-12-28,369.0,369.85,365.4,367.3,367.7535629453682,1684.0,161.0,619297.0,790.0,46.91,4.45,-1.7,1293494400.0
2010-12-27,371.0,377.0,367.0,368.6,372.03662768281714,7781.0,344.0,2894817.0,5004.0,64.31,10.0,-2.4,1293408000.0
2010-12-24,369.0,372.95,368.0,371.3,371.45974314645593,8098.0,211.0,3008081.0,3666.0,45.27,4.95,2.3,1293148800.0
2010-12-23,370.0,371.85,366.0,369.35,369.98219344394977,2471.0,123.0,914226.0,1447.0,58.56,5.85,-0.65,1293062400.0
2010-12-22,371.0,372.9,368.8,370.1,371.27390900649954,4308.0,217.0,1599448.0,2239.0,51.97,4.1,-0.9,1292976000.0
2010-12-21,367.1,371.95,366.6,369.55,369.32070738743255,7973.0,256.0,2944594.0,2710.0,33.99,5.35,2.45,1292889600.0
2010-12-20,376.0,376.0,365.0,366.3,370.46979591836737,17150.0,326.0,6353557.0,8108.0,47.28,11.0,-9.7,1292803200.0
2010-12-16,372.0,374.95,365.05,370.25,369.6302430243024,5555.0,286.0,2053296.0,2727.0,49.09,9.9,-1.75,1292457600.0
2010-12-15,372.0,375.5,366.0,370.55,372.1230536834767,8606.0,494.0,3202491.0,3275.0,38.05,9.5,-1.45,1292371200.0
2010-12-14,362.0,374.5,361.3,372.0,369.34628331769767,18121.0,730.0,6692924.0,7224.0,39.87,13.2,10.0,1292284800.0
2010-12-13,363.0,364.7,358.0,360.55,360.46084463711367,14302.0,424.0,5155311.0,8739.0,61.1,6.7,-2.45,1292198400.0
2010-12-10,360.0,368.95,352.0,361.05,363.7553135561397,39945.0,544.0,14530206.0,30165.0,75.52,16.95,1.05,1291939200.0
2010-12-09,374.0,374.0,356.8,360.3,365.0621437093994,30172.0,1032.0,11014655.0,13960.0,46.27,17.2,-13.7,1291852800.0
2010-12-08,369.95,379.15,366.0,373.0,374.40114335210046,57725.0,1167.0,21612306.0,40430.0,70.04,13.15,3.05,1291766400.0
2010-12-07,372.1,375.5,369.0,370.0,371.5278697359304,25978.0,782.0,9651551.0,12185.0,46.91,6.5,-2.1,1291680000.0
2010-12-06,375.0,377.0,368.0,370.85,372.0739969205688,22082.0,919.0,8216138.0,11092.0,50.23,9.0,-4.15,1291593600.0
2010-12-03,370.0,370.4,359.05,361.45,363.064943457189,6190.0,341.0,2247372.0,3100.0,50.08,11.35,-8.55,1291334400.0
2010-12-02,373.45,373.6,368.1,370.3,370.77601332593,9005.0,358.0,3338838.0,5819.0,64.62,5.5,-3.15,1291248000.0
2010-12-01,360.0,370.95,357.0,368.55,367.6023924420581,14713.0,614.0,5408534.0,8226.0,55.91,13.95,8.55,1291161600.0
2010-11-30,353.0,360.0,350.05,359.2,356.4186753528773,4605.0,348.0,1641308.0,1191.0,25.86,9.95,6.2,1291075200.0
2010-11-29,350.0,357.0,345.0,353.0,347.83267183835466,11086.0,504.0,3856073.0,5926.0,53.45,12.0,3.0,1290988800.0
2010-11-26,357.0,359.0,330.1,350.4,345.460985025737,17096.0,946.0,5906001.0,6609.0,38.66,28.9,-6.6,1290729600.0
2010-11-25,365.0,365.0,353.1,356.05,358.16202367205545,13856.0,819.0,4962693.0,7084.0,51.13,11.9,-8.95,1290643200.0
2010-11-24,365.55,370.45,364.0,365.6,367.3844393592677,8740.0,342.0,3210940.0,5372.0,61.46,6.45,0.05,1290556800.0
2010-11-23,368.5,369.95,361.1,367.45,366.3610724674339,7907.0,457.0,2896817.0,3999.0,50.58,8.85,-1.05,1290470400.0
2010-11-22,373.0,373.9,361.0,369.9,366.72041025641033,14625.0,664.0,5363286.0,4895.0,33.47,12.9,-3.1,1290384000.0
2010-11-19,372.0,381.0,365.0,367.65,372.96450754214726,13524.0,706.0,5043972.0,5422.0,40.09,16.0,-4.35,1290124800.0
2010-11-18,374.45,375.45,365.0,371.7,370.5360667576025,12463.0,515.0,4617991.0,7149.0,57.36,10.45,-2.75,1290038400.0
2010-11-16,382.3,385.0,371.0,371.35,375.9853738050135,22699.0,736.0,8534492.0,12195.0,53.72,14.0,-10.95,1289865600.0
2010-11-15,383.0,385.8,375.0,380.85,379.5399927395935,16528.0,625.0,6273037.0,5015.0,30.34,10.8,-2.15,1289779200.0
2010-11-12,389.75,391.45,380.3,381.9,385.14433307633,12970.0,692.0,4995322.0,4791.0,36.94,11.15,-7.85,1289520000.0
2010-11-11,396.45,400.35,388.0,390.05,395.1858510434616,52230.0,1911.0,20640557.0,18896.0,36.18,12.35,-6.4,1289433600.0
2010-11-10,389.85,395.0,387.65,392.45,392.2161564813792,18098.0,798.0,7098328.0,7882.0,43.55,7.35,2.6,1289347200.0
2010-11-09,390.5,395.0,386.0,387.4,389.53522449746384,15969.0,651.0,6220488.0,5315.0,33.28,9.0,-3.1,1289260800.0
2010-11-08,390.0,394.5,387.05,392.05,391.5288835400852,43208.0,1264.0,16917180.0,28692.0,66.4,7.45,2.05,1289174400.0
2010-11-05,391.95,392.0,385.7,387.65,388.78159838818,7445.0,149.0,2894479.0,4729.0,63.52,6.3,-4.3,1288915200.0
2010-11-04,385.75,388.5,382.55,386.45,385.7502354492371,21236.0,1047.0,8191792.0,7837.0,36.9,5.95,0.7,1288828800.0
2010-11-03,375.95,393.0,373.6,379.7,385.0500953187884,113304.0,3079.0,43627716.0,18693.0,16.5,19.4,3.75,1288742400.0
2010-11-02,376.15,377.85,370.7,373.15,372.91193228064463,18429.0,618.0,6872394.0,9105.0,49.41,7.15,-3.0,1288656000.0
2010-11-01,377.4,380.0,372.05,375.0,375.2775609756098,2050.0,120.0,769319.0,1300.0,63.41,7.95,-2.4,1288569600.0
2010-10-29,373.95,373.95,365.5,370.9,370.4509844667256,19249.0,709.0,7130811.0,11175.0,58.05,8.45,-3.05,1288310400.0
2010-10-28,380.0,380.0,368.1,370.95,373.9168063520072,34005.0,1175.0,12715041.0,17491.0,51.44,11.9,-9.05,1288224000.0
2010-10-27,383.35,384.0,378.05,379.85,381.57959986320105,11696.0,565.0,4462955.0,5977.0,51.1,5.95,-3.5,1288137600.0
2010-10-26,380.25,384.5,380.25,382.35,382.7192303670396,9563.0,375.0,3659944.0,3801.0,39.75,4.25,2.1,1288051200.0
2010-10-25,384.7,384.75,380.3,381.75,382.6424055079388,14234.0,482.0,5446532.0,7462.0,52.42,4.45,-2.95,1287964800.0
2010-10-22,385.0,385.7,377.5,380.5,381.6280154246256,22302.0,786.0,8511068.0,6874.0,30.82,8.2,-4.5,1287705600.0
2010-10-21,379.9,384.45,376.5,382.7,381.709975978522,28308.0,845.0,10805446.0,10310.0,36.42,7.95,2.8,1287619200.0
2010-10-20,380.05,380.05,374.2,376.3,376.8306137751277,28007.0,811.0,10553895.0,14120.0,50.42,5.85,-3.75,1287532800.0
2010-10-19,389.0,390.95,378.1,380.05,385.88278708825226,60565.0,1592.0,23370991.0,26442.0,43.66,12.85,-8.95,1287446400.0
2010-10-18,385.0,385.9,376.55,384.9,381.0651410296739,76296.0,1617.0,29073746.0,36739.0,48.15,9.35,-0.1,1287360000.0
2010-10-15,392.2,394.1,383.05,384.2,386.5229697808911,98216.0,1726.0,37962740.0,52591.0,53.55,11.05,-8.0,1287100800.0
2010-10-14,396.0,396.9,388.1,389.7,392.18013490279054,15122.0,658.0,5930548.0,4555.0,30.12,8.8,-6.3,1287014400.0
2010-10-13,395.45,398.0,392.0,392.8,393.5894954568959,27074.0,681.0,10656042.0,15790.0,58.32,6.0,-2.65,1286928000.0
2010-10-12,396.9,396.9,390.25,392.65,393.1616990341676,9629.0,473.0,3785754.0,4514.0,46.88,6.65,-4.25,1286841600.0
2010-10-11,400.0,405.0,396.0,397.4,399.01525491770366,12455.0,475.0,4969735.0,4486.0,36.02,9.0,-2.6,1286755200.0
2010-10-08,401.7,401.7,392.05,395.7,397.0073124792259,27077.0,822.0,10749767.0,11952.0,44.14,9.65,-6.0,1286496000.0
2010-10-07,414.0,414.0,396.45,398.0,405.9247897909072,53756.0,1674.0,21820893.0,15262.0,28.39,17.55,-16.0,1286409600.0
2010-10-06,399.0,413.15,396.6,410.5,405.30638291841166,141111.0,3122.0,57193189.0,52111.0,36.93,16.55,11.5,1286323200.0
2010-10-05,396.0,401.3,394.95,396.2,398.3356211582458,36279.0,933.0,14451218.0,11485.0,31.66,6.35,0.2,1286236800.0
2010-10-04,395.5,400.6,387.05,394.25,396.18111641419375,24095.0,888.0,9545984.0,7002.0,29.06,13.55,-1.25,1286150400.0
2010-10-01,388.0,398.2,386.15,393.75,391.71034738775353,51182.0,1567.0,20048519.0,17397.0,33.99,12.05,5.75,1285891200.0
2010-09-30,390.0,390.95,384.1,384.7,385.09944336616974,54614.0,874.0,21031821.0,37907.0,69.41,6.85,-5.3,1285804800.0
2010-09-29,397.9,398.0,388.6,389.55,392.0454888281324,21214.0,892.0,8316853.0,10506.0,49.52,9.4,-8.35,1285718400.0
2010-09-28,397.7,401.9,394.0,395.65,397.4880003304556,24209.0,1051.0,9622787.0,10023.0,41.4,7.9,-2.05,1285632000.0
2010-09-27,406.0,406.0,392.25,394.4,397.8934544812985,56680.0,1148.0,22552601.0,42399.0,74.8,13.75,-11.6,1285545600.0
2010-09-24,398.15,405.45,398.15,401.05,401.2172129096823,39970.0,791.0,16036652.0,21787.0,54.51,7.3,2.9,1285286400.0
2010-09-23,405.0,405.6,398.05,399.85,400.78884429851234,24669.0,1105.0,9887060.0,13609.0,55.17,7.55,-5.15,1285200000.0
2010-09-22,410.4,413.45,401.1,405.85,407.5689207372407,31957.0,1110.0,13024680.0,17055.0,53.37,12.35,-4.55,1285113600.0
2010-09-21,419.35,421.0,406.0,408.35,411.3472360049034,34262.0,1250.0,14093579.0,16128.0,47.07,15.0,-11.0,1285027200.0
2010-09-20,416.95,421.8,414.0,417.25,417.9656786960554,45278.0,1296.0,18924650.0,14663.0,32.38,7.8,0.3,1284940800.0
2010-09-17,415.95,417.0,411.55,412.65,414.2141294508147,26512.0,881.0,10981645.0,9684.0,36.53,5.45,-3.3,1284681600.0
2010-09-16,418.0,423.4,408.0,411.35,417.22876794258366,80256.0,2404.0,33485112.0,24163.0,30.11,15.4,-6.65,1284595200.0
2010-09-15,424.8,430.0,415.55,416.75,421.44273148685886,94703.0,2571.0,39911891.0,26050.0,27.51,14.45,-8.05,1284508800.0
2010-09-14,411.0,432.85,410.0,419.65,424.64816658838265,479025.0,9694.0,203417088.0,101272.0,21.14,22.85,8.65,1284422400.0
2010-09-13,405.0,411.95,398.75,407.55,408.24398044501294,87548.0,2148.0,35740944.0,35957.0,41.07,13.2,2.55,1284336000.0
2010-09-09,399.05,402.5,395.95,399.8,399.81294069186094,123811.0,793.0,49501240.0,108346.0,87.51,6.55,0.75,1283990400.0
2010-09-08,395.1,405.45,395.1,397.5,400.9361847210138,42529.0,1269.0,17051415.0,13748.0,32.33,10.35,2.4,1283904000.0
2010-09-07,400.25,402.0,396.0,399.6,399.3655460554399,77309.0,862.0,30874551.0,56684.0,73.32,6.0,-0.65,1283817600.0
2010-09-06,400.9,401.95,395.25,399.35,398.6960406989604,22605.0,652.0,9012524.0,10887.0,48.16,6.7,-1.55,1283731200.0
2010-09-03,390.05,414.0,390.05,395.65,396.8100507768349,59279.0,1717.0,23522503.0,16806.0,28.35,23.95,5.6,1283472000.0
2010-09-02,382.0,388.4,382.0,387.0,385.9441376701967,26440.0,569.0,10204363.0,17251.0,65.25,6.4,5.0,1283385600.0
2010-09-01,384.9,384.9,378.05,381.65,381.389992704802,23303.0,853.0,8887531.0,6038.0,25.91,6.85,-3.25,1283299200.0
2010-08-31,380.0,383.9,368.2,378.35,372.4649710926493,41166.0,1040.0,15332893.0,23141.0,56.21,15.7,-1.65,1283212800.0
2010-08-30,384.95,384.95,374.1,376.35,377.9313081906723,23307.0,874.0,8808445.0,9812.0,42.1,10.85,-8.6,1283126400.0
2010-08-27,396.9,396.9,377.1,379.15,382.01490462954087,20866.0,898.0,7971123.0,11153.0,53.45,19.8,-17.75,1282867200.0
2010-08-26,390.0,392.1,383.2,385.6,386.68776017991286,41798.0,891.0,16162775.0,32743.0,78.34,8.9,-4.4,1282780800.0
2010-08-25,398.0,399.8,388.0,389.3,392.6141156522661,28309.0,902.0,11114513.0,11251.0,39.74,11.8,-8.7,1282694400.0
2010-08-24,401.1,402.5,392.55,396.2,397.40866810799935,39778.0,807.0,15808122.0,22079.0,55.51,9.95,-4.9,1282608000.0
2010-08-23,406.1,409.0,396.0,401.15,404.0461867426943,70150.0,1627.0,28343840.0,33906.0,48.33,13.0,-4.95,1282521600.0
2010-08-20,391.0,408.5,391.0,404.1,402.58606185726137,103658.0,2769.0,41731266.0,21903.0,21.13,17.5,13.1,1282262400.0
2010-08-19,401.7,402.9,394.0,396.6,398.8189037577724,29592.0,1057.0,11801849.0,8715.0,29.45,8.9,-5.1,1282176000.0
2010-08-18,394.7,403.65,393.0,397.95,398.8978977334939,36532.0,1253.0,14572538.0,10459.0,28.63,10.65,3.25,1282089600.0
2010-08-17,385.0,396.9,385.0,393.85,391.5240320427236,8988.0,634.0,3519018.0,2262.0,25.17,11.9,8.85,1282003200.0
2010-08-16,399.0,399.4,387.05,388.5,393.02326818242256,15042.0,544.0,5911856.0,6092.0,40.5,12.35,-10.5,1281916800.0
2010-08-13,389.0,397.0,384.85,394.65,391.719688678098,16446.0,794.0,6442222.0,7023.0,42.7,12.15,5.65,1281657600.0
2010-08-12,385.1,390.0,383.0,388.15,387.0592669914173,17244.0,530.0,6674450.0,8434.0,48.91,7.0,3.05,1281571200.0
2010-08-11,393.45,393.9,386.2,388.9,390.4281667341157,7413.0,512.0,2894244.0,2199.0,29.66,7.7,-4.55,1281484800.0
2010-08-10,398.0,400.0,392.05,392.65,397.124346038864,32112.0,834.0,12752457.0,20735.0,64.57,7.95,-5.35,1281398400.0
2010-08-09,401.0,403.0,398.0,399.5,400.1776618179852,36986.0,444.0,14800971.0,29541.0,79.87,5.0,-1.5,1281312000.0
2010-08-06,398.7,404.0,394.2,400.45,401.1620920977828,43975.0,1242.0,17641103.0,19598.0,44.57,9.8,1.75,1281052800.0
2010-08-05,396.9,401.0,396.0,396.65,398.01651485485655,11747.0,587.0,4675500.0,5643.0,48.04,5.0,-0.25,1280966400.0
2010-08-04,403.0,403.0,393.25,395.5,396.1816731251425,8774.0,504.0,3476098.0,2699.0,30.76,9.75,-7.5,1280880000.0
2010-08-03,402.0,403.8,394.0,398.0,398.9684809348093,19512.0,771.0,7784673.0,3442.0,17.64,9.8,-4.0,1280793600.0
2010-08-02,398.0,403.0,396.0,399.1,399.9953621411789,48945.0,1785.0,19577773.0,12122.0,24.77,7.0,1.1,1280707200.0
2010-07-30,385.0,396.85,385.0,394.1,394.4121455425986,78465.0,1270.0,30947549.0,37903.0,48.31,11.85,9.1,1280448000.0
2010-07-29,388.0,389.9,383.25,385.35,386.4840217197792,22468.0,1015.0,8683523.0,8681.0,38.64,6.65,-2.65,1280361600.0
2010-07-28,391.0,392.95,386.4,388.45,389.18668831168833,10472.0,531.0,4075563.0,5084.0,48.55,6.55,-2.55,1280275200.0
2010-07-27,390.0,393.9,385.8,390.05,389.9736547185981,166861.0,1419.0,65071394.0,137164.0,82.2,8.1,0.05,1280188800.0
2010-07-26,400.0,402.0,386.25,387.95,391.8861993756148,23383.0,959.0,9163475.0,12289.0,52.56,15.75,-12.05,1280102400.0
2010-07-23,407.3,407.3,396.2,398.65,400.4539680692504,223421.0,1375.0,89469826.0,182386.0,81.63,11.1,-8.65,1279843200.0
2010-07-22,410.0,411.4,397.3,403.5,403.4002106547666,449076.0,1430.0,181157353.0,413806.0,92.15,14.1,-6.5,1279756800.0
2010-07-21,417.0,417.0,408.5,409.8,409.9911859604943,63535.0,555.0,26048790.0,58281.0,91.73,8.5,-7.2,1279670400.0
2010-07-20,417.5,422.85,408.0,408.45,413.71615536622494,30869.0,1347.0,12771004.0,8457.0,27.4,14.85,-9.05,1279584000.0
2010-07-19,414.0,421.0,408.2,417.05,416.43674610657735,30757.0,913.0,12808345.0,11143.0,36.23,12.8,3.05,1279497600.0
2010-07-16,410.0,414.0,410.0,412.7,412.3058854121522,11537.0,360.0,4756773.0,7263.0,62.95,4.0,2.7,1279238400.0
2010-07-15,409.0,421.0,409.0,410.55,413.79153651643605,26892.0,1117.0,11127682.0,6762.0,25.15,12.0,1.55,1279152000.0
2010-07-14,423.5,423.5,409.35,410.8,414.0646884654994,15536.0,616.0,6432909.0,8482.0,54.6,14.15,-12.7,1279065600.0
2010-07-13,417.5,421.8,408.0,419.65,416.011416507018,51154.0,1672.0,21280648.0,22694.0,44.36,13.8,2.15,1278979200.0
2010-07-12,408.0,418.8,404.05,413.95,413.2286627352661,113276.0,2306.0,46808890.0,54628.0,48.23,14.75,5.95,1278892800.0
2010-07-09,396.8,407.0,395.1,401.25,404.3506137449467,272100.0,1767.0,110023802.0,221885.0,81.55,11.9,4.45,1278633600.0
2010-07-08,383.0,394.85,382.5,392.45,389.7019086633635,174782.0,2621.0,68112879.0,99654.0,57.02,12.35,9.45,1278547200.0
2010-07-07,379.0,384.9,376.5,380.05,381.14060560077246,28996.0,990.0,11051553.0,13535.0,46.68,8.4,1.05,1278460800.0
2010-07-06,372.0,381.65,372.0,379.2,377.2112453264308,41724.0,1719.0,15738762.0,21723.0,52.06,9.65,7.2,1278374400.0
2010-07-05,373.2,377.45,372.25,374.65,374.256189593539,15106.0,713.0,5653514.0,8383.0,55.49,5.2,1.45,1278288000.0
2010-07-02,377.9,380.0,373.0,374.9,376.0690242099841,44651.0,364.0,16791858.0,41961.0,93.98,7.0,-3.0,1278028800.0
2010-07-01,376.0,377.95,374.0,376.15,375.9290598632383,25007.0,290.0,9400858.0,18611.0,74.42,3.95,0.15,1277942400.0
2010-06-30,376.95,377.0,373.75,376.15,375.5114247311828,7440.0,236.0,2793805.0,4317.0,58.02,3.25,-0.8,1277856000.0
2010-06-29,375.95,382.75,374.1,376.5,378.9387179948432,16677.0,735.0,6319561.0,4347.0,26.07,8.65,0.55,1277769600.0
2010-06-28,374.0,378.0,372.0,373.3,373.9954949657599,110543.0,357.0,41342584.0,108404.0,98.07,6.0,-0.7,1277683200.0
2010-06-25,378.0,379.7,372.2,373.8,374.83616590005454,25654.0,564.0,9616047.0,19625.0,76.5,7.5,-4.2,1277424000.0
2010-06-24,380.0,380.45,377.1,378.25,379.22391411513394,18257.0,514.0,6923491.0,7440.0,40.75,3.35,-1.75,1277337600.0
2010-06-23,382.1,386.95,380.5,382.8,383.1224455328492,11842.0,428.0,4536936.0,7649.0,64.59,6.45,0.7,1277251200.0
2010-06-22,384.0,387.95,380.05,385.45,385.7019991370631,13906.0,420.0,5363572.0,7432.0,53.44,7.9,1.45,1277164800.0
2010-06-21,390.85,390.85,384.55,385.95,386.53743385095856,11527.0,417.0,4455617.0,6965.0,60.42,6.3,-4.9,1277078400.0
2010-06-18,391.0,391.0,383.05,384.7,386.18807339449535,7630.0,477.0,2946615.0,3370.0,44.17,7.95,-6.3,1276819200.0
2010-06-17,390.0,394.9,383.0,386.45,389.40426644148215,49737.0,890.0,19367800.0,31194.0,62.72,11.9,-3.55,1276732800.0
2010-06-16,394.9,398.85,388.0,389.05,393.01616992120586,14595.0,774.0,5736071.0,5819.0,39.87,10.85,-5.85,1276646400.0
2010-06-15,386.9,394.0,383.0,392.2,389.2651178681244,17562.0,809.0,6836274.0,6813.0,38.79,11.0,5.3,1276560000.0
2010-06-14,384.9,386.25,382.55,385.45,384.72475691847416,2674.0,266.0,1028754.0,1438.0,53.78,3.7,0.55,1276473600.0
2010-06-11,383.8,386.0,379.6,382.35,382.2463931469793,13308.0,638.0,5086935.0,6198.0,46.57,6.4,-1.45,1276214400.0
2010-06-10,385.0,387.8,376.15,380.45,380.4416179491231,37974.0,935.0,14446890.0,6723.0,17.7,11.65,-4.55,1276128000.0
2010-06-09,374.7,384.0,372.05,380.85,376.6479261481917,69653.0,1676.0,26234658.0,49998.0,71.78,11.95,6.15,1276041600.0
2010-06-08,374.9,377.9,370.0,371.9,374.46966858324174,15479.0,668.0,5796416.0,8521.0,55.05,7.9,-3.0,1275955200.0
2010-06-07,373.0,378.95,368.5,373.1,374.4577182913658,47219.0,1452.0,17681519.0,33734.0,71.44,10.45,0.1,1275868800.0
2010-06-04,377.7,379.0,374.0,375.95,376.63344252818194,20758.0,386.0,7818157.0,16451.0,79.25,5.0,-1.75,1275609600.0
2010-06-03,373.0,382.0,373.0,374.55,376.0610573343261,21488.0,598.0,8080800.0,13803.0,64.24,9.0,1.55,1275523200.0
2010-06-02,380.0,380.0,368.1,370.05,370.6228674823368,11606.0,403.0,4301449.0,8401.0,72.38,11.9,-9.95,1275436800.0
2010-06-01,380.25,381.7,373.0,379.4,378.07972350230415,21700.0,699.0,8204330.0,8681.0,40.0,8.7,-0.85,1275350400.0
2010-05-31,366.1,382.9,366.0,381.3,377.4951847216932,36758.0,1085.0,13875968.0,20035.0,54.51,16.9,15.2,1275264000.0
2010-05-28,365.1,371.85,365.1,369.7,369.30095260496296,8503.0,348.0,3140166.0,3891.0,45.76,6.75,4.6,1275004800.0
2010-05-27,360.0,362.8,357.0,360.85,360.7306530022336,7611.0,349.0,2745521.0,2200.0,28.91,5.8,0.85,1274918400.0
2010-05-26,366.0,367.95,350.55,358.05,357.80760729416096,10858.0,752.0,3885075.0,2979.0,27.44,17.4,-7.95,1274832000.0
2010-05-25,367.0,371.0,360.05,362.35,364.3374775422207,13915.0,704.0,5069756.0,5307.0,38.14,10.95,-4.65,1274745600.0
2010-05-24,378.95,378.95,365.1,366.85,372.9876068786626,10409.0,597.0,3882428.0,2506.0,24.08,13.85,-12.1,1274659200.0
2010-05-21,368.5,369.95,363.0,368.45,366.14100009488567,10539.0,573.0,3858760.0,2597.0,24.64,6.95,-0.05,1274400000.0
2010-05-20,377.05,380.95,368.05,375.95,376.0133639467797,16986.0,905.0,6386963.0,7091.0,41.75,12.9,-1.1,1274313600.0
2010-05-19,392.5,393.9,372.0,375.0,375.6145420103204,162591.0,634.0,61071544.0,155862.0,95.86,21.9,-17.5,1274227200.0
2010-05-18,397.0,397.0,388.0,388.9,391.6245985010706,7472.0,391.0,2926219.0,3566.0,47.72,9.0,-8.1,1274140800.0
2010-05-17,396.9,399.35,389.8,391.15,393.2658845040378,6563.0,421.0,2581004.0,3792.0,57.78,9.55,-5.75,1274054400.0
2010-05-14,397.9,403.7,395.05,396.95,399.10156936597616,7965.0,526.0,3178844.0,2399.0,30.12,8.65,-0.95,1273795200.0
2010-05-13,401.0,408.0,399.0,400.75,404.1972999236482,28814.0,1073.0,11646541.0,4614.0,16.01,9.0,-0.25,1273708800.0
2010-05-12,391.4,401.0,388.0,397.65,394.36753557653935,15038.0,709.0,5930499.0,4889.0,32.51,13.0,6.25,1273622400.0
2010-05-11,391.5,394.0,388.0,388.9,390.4742103158737,7503.0,401.0,2929728.0,1240.0,16.53,6.0,-2.6,1273536000.0
2010-05-10,394.85,394.85,385.1,390.65,388.7371698904126,16699.0,595.0,6491522.0,6911.0,41.39,9.75,-4.2,1273449600.0
2010-05-07,392.1,393.0,381.25,384.25,387.1596950742768,10232.0,512.0,3961418.0,4303.0,42.05,11.75,-7.85,1273190400.0
2010-05-06,393.0,397.9,390.5,395.75,394.147034111914,5951.0,406.0,2345569.0,1751.0,29.42,7.4,2.75,1273104000.0
2010-05-05,390.1,396.95,382.0,392.9,392.4387856433537,14098.0,579.0,5532602.0,8475.0,60.11,14.95,2.8,1273017600.0
2010-05-04,404.95,405.95,397.0,398.35,400.8213330361123,8972.0,468.0,3596169.0,3659.0,40.78,8.95,-6.6,1272931200.0
2010-05-03,406.0,407.9,400.2,401.4,403.4342676667984,7599.0,345.0,3065697.0,2628.0,34.58,7.7,-4.6,1272844800.0
2010-04-30,400.0,408.5,395.55,406.0,403.1301491631255,46124.0,1249.0,18593975.0,23319.0,50.56,12.95,6.0,1272585600.0
2010-04-29,403.0,406.95,391.05,393.3,397.5402063364308,41001.0,1620.0,16299546.0,9578.0,23.36,15.9,-9.7,1272499200.0
2010-04-28,405.0,410.45,397.0,399.4,403.77318715408745,28367.0,1033.0,11453834.0,9557.0,33.69,13.45,-5.6,1272412800.0
2010-04-27,415.5,417.5,408.1,409.75,412.67534478675134,54889.0,1330.0,22651337.0,21842.0,39.79,9.4,-5.75,1272326400.0
2010-04-26,400.95,415.5,397.0,411.8,407.8272831168831,96250.0,1934.0,39253376.0,56569.0,58.77,18.5,10.85,1272240000.0
2010-04-23,393.0,397.9,392.15,395.4,395.39104922052894,11418.0,524.0,4514575.0,4115.0,36.04,5.75,2.4,1271980800.0
2010-04-22,398.0,404.0,387.05,392.15,398.56600646725946,24740.0,1091.0,9860523.0,7905.0,31.95,16.95,-5.85,1271894400.0
2010-04-21,395.0,400.0,390.55,397.2,397.0599540078844,18264.0,417.0,7251903.0,10554.0,57.79,9.45,2.2,1271808000.0
2010-04-20,390.6,395.9,388.55,394.8,393.0983139102405,16132.0,539.0,6341462.0,6931.0,42.96,7.35,4.2,1271721600.0
2010-04-19,386.8,391.0,377.05,389.2,385.6878759524128,44886.0,1671.0,17311986.0,9293.0,20.7,13.95,2.4,1271635200.0
2010-04-16,398.95,398.95,392.0,393.7,393.9792090042207,12794.0,470.0,5040570.0,6286.0,49.13,6.95,-5.25,1271376000.0
2010-04-15,414.0,414.0,395.0,396.9,404.469570867238,32321.0,1418.0,13072861.0,12748.0,39.44,19.0,-17.1,1271289600.0
2010-04-13,414.0,414.85,406.15,408.5,409.2723504923986,54529.0,988.0,22317212.0,38276.0,70.19,8.7,-5.5,1271116800.0
2010-04-12,410.5,414.95,402.25,412.4,408.2623949286058,64361.0,1771.0,26276176.0,32059.0,49.81,12.7,1.9,1271030400.0
2010-04-09,395.45,410.0,394.05,407.8,403.3688439451282,83759.0,2281.0,33785771.0,31062.0,37.08,15.95,12.35,1270771200.0
2010-04-08,391.9,402.0,386.2,392.25,394.61175608448,432576.0,2558.0,170699575.0,364308.0,84.22,15.8,0.35,1270684800.0
2010-04-07,395.0,396.8,385.1,389.5,389.46673674989046,57075.0,1115.0,22228814.0,36501.0,63.95,11.7,-5.5,1270598400.0
2010-04-06,398.0,404.0,392.1,394.4,397.5179510503425,35179.0,757.0,13984284.0,20954.0,59.56,11.9,-3.6,1270512000.0
2010-04-05,390.0,401.5,388.55,397.8,396.7878133508591,74557.0,1729.0,29583309.0,35207.0,47.22,12.95,7.8,1270425600.0
2010-04-01,384.9,388.0,384.1,387.2,386.72626885670064,43287.0,542.0,16740220.0,23126.0,53.42,3.9,2.3,1270080000.0
2010-03-31,380.95,389.95,380.95,382.4,386.1453267551588,51078.0,1130.0,19723531.0,13616.0,26.66,9.0,1.45,1269993600.0
2010-03-30,381.0,386.0,376.7,377.75,381.5166390728477,12080.0,459.0,4608721.0,6959.0,57.61,9.3,-3.25,1269907200.0
2010-03-29,385.0,388.8,379.3,380.5,382.6574591246065,19694.0,818.0,7536056.0,8785.0,44.61,9.5,-4.5,1269820800.0
2010-03-26,387.3,393.5,382.3,384.5,389.0701371136416,21515.0,1023.0,8370844.0,4703.0,21.86,11.2,-2.8,1269561600.0
2010-03-25,390.95,391.95,384.05,384.9,386.08535954474905,15464.0,598.0,5970424.0,6594.0,42.64,7.9,-6.05,1269475200.0
2010-03-23,400.5,401.75,387.1,387.75,393.99121014727297,98864.0,1096.0,38951547.0,79311.0,80.22,14.65,-12.75,1269302400.0
2010-03-22,394.05,400.9,391.0,394.1,396.6751561457765,16491.0,479.0,6541570.0,11297.0,68.5,9.9,0.05,1269216000.0
2010-03-19,405.0,407.85,394.0,396.35,399.2289587852495,36880.0,1052.0,14723564.0,23484.0,63.68,13.85,-8.65,1268956800.0
2010-03-18,408.0,414.95,402.15,404.95,405.6631138344697,23174.0,953.0,9400837.0,15060.0,64.99,12.8,-3.05,1268870400.0
2010-03-17,419.0,419.0,405.1,408.0,410.68516816761615,10882.0,577.0,4469076.0,7213.0,66.28,13.9,-11.0,1268784000.0
2010-03-16,419.0,420.0,408.0,412.8,414.9561088562805,38436.0,1248.0,15949253.0,12997.0,33.81,12.0,-6.2,1268697600.0
2010-03-15,400.15,414.0,400.15,412.4,409.28428603589776,195444.0,1939.0,79992158.0,143216.0,73.28,13.85,12.25,1268611200.0
2010-03-12,399.0,404.35,399.0,401.75,401.4220684632192,8238.0,449.0,3306915.0,2927.0,35.53,5.35,2.75,1268352000.0
2010-03-11,399.95,407.0,397.05,399.2,403.96178266178265,32760.0,1101.0,13233788.0,10635.0,32.46,9.95,-0.75,1268265600.0
2010-03-10,396.0,401.0,393.35,396.4,399.1615139804501,8798.0,480.0,3511823.0,4634.0,52.67,7.65,0.4,1268179200.0
2010-03-09,404.8,404.8,396.5,397.25,400.2359053989489,8372.0,494.0,3350775.0,3179.0,37.97,8.3,-7.55,1268092800.0
2010-03-08,391.65,407.0,391.65,401.85,402.78315006051866,77662.0,1986.0,31280945.0,28839.0,37.13,15.35,10.2,1268006400.0
2010-03-05,391.95,393.85,387.0,388.55,391.0993330278499,19641.0,558.0,7681582.0,12388.0,63.07,6.85,-3.4,1267747200.0
2010-03-04,391.8,392.7,385.05,389.45,389.3736515201047,9177.0,427.0,3573282.0,4368.0,47.6,7.65,-2.35,1267660800.0
2010-03-03,389.95,392.8,386.55,389.9,389.8601862482459,7839.0,418.0,3056114.0,1889.0,24.1,6.25,-0.05,1267574400.0
2010-03-02,384.0,392.9,384.0,386.35,387.8881242760783,14677.0,754.0,5693034.0,4797.0,32.68,8.9,2.35,1267488000.0
2010-02-26,375.0,389.0,373.5,383.6,383.3853483439386,30645.0,1183.0,11748844.0,18388.0,60.0,15.5,8.6,1267142400.0
2010-02-25,375.0,377.1,368.0,372.65,373.3920914721296,8396.0,747.0,3135000.0,5077.0,60.47,9.1,-2.35,1267056000.0
2010-02-24,370.1,377.0,370.0,374.8,372.7582938388626,4009.0,295.0,1494388.0,1970.0,49.14,7.0,4.7,1266969600.0
2010-02-23,372.05,379.9,372.05,374.9,375.87136563876646,4540.0,495.0,1706456.0,1450.0,31.94,7.85,2.85,1266883200.0
2010-02-22,381.95,387.9,376.8,378.75,381.7462106977327,7983.0,674.0,3047480.0,1934.0,24.23,11.1,-3.2,1266796800.0
2010-02-19,376.0,380.5,374.0,377.25,376.9700312557456,10878.0,723.0,4100680.0,1791.0,16.46,6.5,1.25,1266537600.0
2010-02-18,388.0,388.85,374.2,377.95,377.88609751564337,32282.0,1285.0,12198919.0,11131.0,34.48,14.65,-10.05,1266451200.0
2010-02-17,399.0,399.0,386.0,387.0,389.5890539617486,11712.0,710.0,4562867.0,7221.0,61.65,13.0,-12.0,1266364800.0
2010-02-16,393.0,395.0,390.0,394.6,393.6814725890356,2499.0,203.0,983810.0,1714.0,68.59,5.0,1.6,1266278400.0
2010-02-15,398.45,400.0,391.5,393.15,393.7122319113834,4243.0,367.0,1670521.0,1214.0,28.61,8.5,-5.3,1266192000.0
2010-02-11,392.0,398.0,388.05,394.6,392.98076497899615,9046.0,776.0,3554904.0,1149.0,12.7,9.95,2.6,1265846400.0
2010-02-10,398.0,401.0,392.0,392.95,396.325889379382,7702.0,680.0,3052502.0,1601.0,20.79,9.0,-5.05,1265760000.0
2010-02-09,401.0,402.95,392.0,394.6,395.97729793977805,25240.0,1453.0,9994467.0,11368.0,45.04,10.95,-6.4,1265673600.0
2010-02-08,396.0,403.0,393.0,400.75,399.9236495559377,42449.0,1152.0,16976359.0,30139.0,71.0,10.0,4.75,1265587200.0
2010-02-06,395.25,396.85,393.0,394.2,394.421897810219,1370.0,119.0,540358.0,489.0,35.69,3.85,-1.05,1265414400.0
2010-02-05,371.0,396.1,371.0,390.05,384.8347894026564,56316.0,1556.0,21672356.0,30535.0,54.22,25.1,19.05,1265328000.0
2010-02-04,394.85,394.9,385.25,386.9,390.949638898544,25893.0,973.0,10122859.0,15563.0,60.11,9.65,-7.95,1265241600.0
2010-02-03,399.0,407.0,393.1,395.05,397.26680581099794,48391.0,1301.0,19224138.0,33342.0,68.9,13.9,-3.95,1265155200.0
2010-02-02,407.4,414.0,393.0,395.05,402.7484651299585,27201.0,887.0,10955161.0,12136.0,44.62,21.0,-12.35,1265068800.0
2010-02-01,385.2,406.6,385.2,402.25,400.4740346920144,18621.0,751.0,7457227.0,12298.0,66.04,21.4,17.05,1264982400.0
2010-01-29,384.0,394.0,375.1,391.75,384.31827237230056,12549.0,712.0,4822810.0,5353.0,42.66,18.9,7.75,1264723200.0
2010-01-28,401.5,404.95,381.1,383.6,392.0413262032085,23375.0,1050.0,9163966.0,12078.0,51.67,23.85,-17.9,1264636800.0
2010-01-27,410.0,410.0,389.5,395.25,399.4760979309364,84386.0,2086.0,33710190.0,51980.0,61.6,20.5,-14.75,1264550400.0
2010-01-25,422.05,422.05,409.0,410.65,412.0588952925834,23771.0,1039.0,9795052.0,10528.0,44.29,13.05,-11.4,1264377600.0
2010-01-22,417.2,425.0,406.7,420.75,415.1765760080772,79235.0,1711.0,32896516.0,50220.0,63.38,18.3,3.55,1264118400.0
2010-01-21,427.5,440.0,424.0,427.0,431.71152101602655,19842.0,920.0,8566020.0,6935.0,34.95,16.0,-0.5,1264032000.0
2010-01-20,432.0,440.95,430.95,435.55,436.226543012472,15635.0,551.0,6820402.0,9342.0,59.75,10.0,3.55,1263945600.0
2010-01-19,448.0,448.0,430.0,431.35,437.39150610309696,19826.0,779.0,8671724.0,7825.0,39.47,18.0,-16.65,1263859200.0
2010-01-18,444.9,452.0,440.2,443.0,446.3286745379448,23969.0,736.0,10698052.0,9760.0,40.72,11.8,-1.9,1263772800.0
2010-01-15,445.0,449.9,440.1,441.5,445.16437261344464,45044.0,1129.0,20051984.0,24295.0,53.94,9.8,-3.5,1263513600.0
2010-01-14,438.0,445.35,432.2,443.25,440.1453504875448,130347.0,2102.0,57371626.0,76187.0,58.45,13.15,5.25,1263427200.0
2010-01-13,418.8,436.0,416.6,434.4,431.17525403884633,114451.0,3163.0,49348439.0,36246.0,31.67,19.4,15.6,1263340800.0
2010-01-12,425.0,429.8,416.05,420.8,424.1229756272996,180735.0,2778.0,76653866.0,89872.0,49.73,13.75,-4.2,1263254400.0
2010-01-11,425.9,433.2,418.2,419.8,422.35766416853056,112217.0,2560.0,47395710.0,71246.0,63.49,15.0,-6.1,1263168000.0
2010-01-08,435.0,435.0,417.55,419.85,423.6175988428158,41480.0,1467.0,17571658.0,28285.0,68.19,17.45,-15.15,1262908800.0
2010-01-07,425.55,436.8,425.55,428.7,430.7568064348892,63653.0,1721.0,27418963.0,20656.0,32.45,11.25,3.15,1262822400.0
2010-01-06,420.0,433.7,415.5,430.95,423.84927305872105,222714.0,4770.0,94397167.0,71031.0,31.89,18.2,10.95,1262736000.0
2010-01-05,401.9,428.0,398.05,424.4,412.75448820240456,410465.0,6820.0,169421271.0,133389.0,32.5,29.95,22.5,1262649600.0
2010-01-04,391.95,402.9,391.95,398.0,398.1320914391867,96895.0,2230.0,38577009.0,50281.0,51.89,10.95,6.05,1262563200.0
2009-12-31,394.0,394.95,385.15,386.55,391.3536947083351,23263.0,883.0,9104061.0,11776.0,50.62,9.8,-7.45,1262217600.0
2009-12-30,393.7,398.5,386.0,389.05,394.1402866397845,194181.0,1538.0,76534555.0,170053.0,87.57,12.5,-4.65,1262131200.0
2009-12-29,394.0,399.6,390.0,391.55,395.6353320042938,13042.0,827.0,5159876.0,3637.0,27.89,9.6,-2.45,1262044800.0
2009-12-24,392.0,397.0,389.0,390.6,393.2754138370119,18848.0,759.0,7412455.0,5152.0,27.33,8.0,-1.4,1261612800.0
2009-12-23,386.0,393.6,386.0,389.9,390.06192368243495,13339.0,646.0,5203036.0,7093.0,53.17,7.6,3.9,1261526400.0
2009-12-22,394.0,394.0,383.0,386.25,385.90916880891166,5835.0,465.0,2251780.0,2798.0,47.95,11.0,-7.75,1261440000.0
2009-12-21,390.0,393.0,378.15,381.4,382.5078153072224,11132.0,630.0,4258077.0,5601.0,50.31,14.85,-8.6,1261353600.0
2009-12-18,379.0,396.0,379.0,385.55,390.3398925406461,14331.0,872.0,5593961.0,4094.0,28.57,17.0,6.55,1261094400.0
2009-12-17,383.95,386.9,380.55,382.15,383.018887135612,207231.0,611.0,79373387.0,198954.0,96.01,6.35,-1.8,1261008000.0
2009-12-16,384.4,387.95,381.0,381.85,383.4744823258733,9562.0,543.0,3666783.0,4752.0,49.7,6.95,-2.55,1260921600.0
2009-12-15,396.4,397.95,384.35,385.85,389.6634659701952,13018.0,701.0,5072639.0,4968.0,38.16,13.6,-10.55,1260835200.0
2009-12-14,395.05,396.9,392.0,393.9,394.26977478297823,16473.0,578.0,6494806.0,6253.0,37.96,4.9,-1.15,1260748800.0
2009-12-11,398.6,404.0,393.15,395.35,397.7056176922752,283604.0,1660.0,112790904.0,226659.0,79.92,10.85,-3.25,1260489600.0
2009-12-10,394.9,400.0,390.55,396.0,398.1505669898351,178751.0,1027.0,71169812.0,159036.0,88.97,9.45,1.1,1260403200.0
2009-12-09,390.1,400.8,389.0,392.95,393.29667575702655,226247.0,929.0,88982193.0,212519.0,93.93,11.8,2.85,1260316800.0
2009-12-08,394.9,401.8,392.25,398.2,397.8604853573624,39064.0,1056.0,15542022.0,15735.0,40.28,9.55,3.3,1260230400.0
2009-12-07,388.5,405.3,380.75,393.25,400.1181376110065,134902.0,2136.0,53976737.0,86189.0,63.89,24.55,4.75,1260144000.0
2009-12-04,388.1,391.0,371.25,388.5,388.89603893924135,29790.0,507.0,11585213.0,11112.0,37.3,19.75,0.4,1259884800.0
2009-12-03,392.95,396.6,388.3,390.7,393.8742373708615,61465.0,1153.0,24209480.0,38874.0,63.25,8.3,-2.25,1259798400.0
2009-12-02,394.45,396.95,387.25,388.75,390.5729353354323,82580.0,995.0,32253513.0,58973.0,71.41,9.7,-5.7,1259712000.0
2009-12-01,389.9,395.0,386.1,391.4,391.1675771331846,90979.0,1491.0,35588035.0,52961.0,58.21,8.9,1.5,1259625600.0
2009-11-30,364.9,392.85,364.9,387.45,383.0941653398376,88557.0,2376.0,33925670.0,29962.0,33.83,27.95,22.55,1259539200.0
2009-11-27,364.0,365.0,356.15,362.45,360.7313094276304,32182.0,796.0,11609055.0,12926.0,40.17,8.85,-1.55,1259280000.0
2009-11-26,370.0,372.0,365.0,365.6,368.9628608200037,27195.0,767.0,10033945.0,20254.0,74.48,7.0,-4.4,1259193600.0
2009-11-25,369.15,372.95,366.05,367.9,370.3503753127607,11990.0,456.0,4440501.0,8114.0,67.67,6.9,-1.25,1259107200.0
2009-11-24,376.0,376.9,368.3,370.0,371.6500929743714,12369.0,417.0,4596940.0,6919.0,55.94,8.6,-6.0,1259020800.0
2009-11-23,374.9,375.9,371.35,374.35,373.8256203538896,19102.0,529.0,7140817.0,9111.0,47.7,4.55,-0.55,1258934400.0
2009-11-20,366.0,372.0,363.1,369.65,368.23940595599095,12861.0,567.0,4735927.0,3608.0,28.05,8.9,3.65,1258675200.0
2009-11-19,380.0,380.0,361.5,366.0,372.5032048920651,13573.0,731.0,5055986.0,4689.0,34.55,18.5,-14.0,1258588800.0
2009-11-18,380.0,383.05,373.0,374.9,379.1065806451613,15500.0,711.0,5876152.0,6597.0,42.56,10.05,-5.1,1258502400.0
2009-11-17,384.0,385.95,377.2,379.05,381.5807831333977,69439.0,1809.0,26496588.0,25010.0,36.02,8.75,-4.95,1258416000.0
2009-11-16,373.45,383.0,369.85,377.75,377.523787588246,93347.0,2324.0,35240713.0,15699.0,16.82,13.15,4.3,1258329600.0
2009-11-13,370.0,385.8,359.0,373.6,371.04655730925634,29018.0,1356.0,10767029.0,7575.0,26.1,26.8,3.6,1258070400.0
2009-11-12,376.0,378.0,367.6,368.7,372.0262990792677,18898.0,644.0,7030553.0,8202.0,43.4,10.4,-7.3,1257984000.0
2009-11-11,374.6,377.9,371.7,376.0,374.8796898720451,18444.0,747.0,6914281.0,6755.0,36.62,6.2,1.4,1257897600.0
2009-11-10,382.0,387.3,369.1,371.4,375.7397144173192,54275.0,1524.0,20393273.0,24727.0,45.56,18.2,-10.6,1257811200.0
2009-11-09,371.5,379.0,367.05,377.55,374.6931207762953,11542.0,474.0,4324708.0,5250.0,45.49,11.95,6.05,1257724800.0
2009-11-06,377.0,383.0,365.2,366.2,370.88784910074565,13678.0,580.0,5073004.0,6592.0,48.19,17.8,-10.8,1257465600.0
2009-11-05,363.0,372.0,355.0,368.4,361.2643995999293,16997.0,659.0,6140411.0,3536.0,20.8,17.0,5.4,1257379200.0
2009-11-04,359.7,364.0,355.0,363.4,359.27358400761545,21010.0,722.0,7548338.0,5552.0,26.43,9.0,3.7,1257292800.0
2009-11-03,372.0,375.0,348.0,355.05,362.8673210779939,28015.0,862.0,10165728.0,13670.0,48.8,27.0,-16.95,1257206400.0
2009-10-30,377.0,379.0,367.0,371.05,372.8665873500756,31099.0,864.0,11595778.0,13346.0,42.91,12.0,-5.95,1256860800.0
2009-10-29,370.0,371.0,345.0,368.65,365.66580976863753,63796.0,2248.0,23328016.0,10757.0,16.86,26.0,-1.35,1256774400.0
2009-10-28,366.0,377.0,360.0,373.75,369.80655521601057,83445.0,1192.0,30858508.0,58027.0,69.54,17.0,7.75,1256688000.0
2009-10-27,380.0,381.5,364.0,368.05,374.6944174757282,24720.0,953.0,9262446.0,8442.0,34.15,17.5,-11.95,1256601600.0
2009-10-26,385.2,389.5,378.25,383.5,383.4528881469115,14975.0,664.0,5742207.0,4343.0,29.0,11.25,-1.7,1256515200.0
2009-10-23,384.95,391.0,382.05,383.8,386.3000556173527,21576.0,737.0,8334810.0,6596.0,30.57,8.95,-1.15,1256256000.0
2009-10-22,388.1,392.4,379.0,380.3,388.97516612812313,125957.0,1150.0,48994145.0,103768.0,82.38,13.4,-7.8,1256169600.0
2009-10-21,394.0,395.4,388.1,390.1,391.1823428680154,15767.0,603.0,6167772.0,4397.0,27.89,7.3,-3.9,1256083200.0
2009-10-20,405.0,406.0,387.0,392.3,393.7973241684056,40735.0,1453.0,16041334.0,16509.0,40.53,19.0,-12.7,1255996800.0
2009-10-17,409.0,409.0,399.1,400.55,401.5227450980392,10200.0,314.0,4095532.0,4082.0,40.02,9.9,-8.45,1255737600.0
2009-10-16,410.0,410.0,399.15,400.05,405.8092492406985,84288.0,2194.0,34204850.0,19534.0,23.18,10.85,-9.95,1255651200.0
2009-10-15,390.05,407.4,387.0,401.6,401.1141041678513,211044.0,4682.0,84652725.0,61414.0,29.1,20.4,11.55,1255564800.0
2009-10-14,378.0,390.0,376.4,387.4,384.62739378566897,63080.0,1853.0,24262296.0,20719.0,32.85,13.6,9.4,1255478400.0
2009-10-12,376.0,379.9,371.3,374.4,374.42144978165936,28625.0,816.0,10717814.0,13936.0,48.68,8.6,-1.6,1255305600.0
2009-10-09,388.0,392.0,371.0,374.7,383.7060688030004,60259.0,1996.0,23121744.0,23668.0,39.28,21.0,-13.3,1255046400.0
2009-10-08,378.3,388.8,375.0,385.05,383.09188468221527,81722.0,2307.0,31307035.0,37128.0,45.43,13.8,6.75,1254960000.0
2009-10-07,377.95,379.0,371.0,373.7,375.4241636644364,38860.0,937.0,14588983.0,20991.0,54.02,8.0,-4.25,1254873600.0
2009-10-06,381.6,383.5,367.0,372.15,371.6919077568135,47700.0,1124.0,17729704.0,23799.0,49.89,16.5,-9.45,1254787200.0
2009-10-05,380.0,390.0,375.55,376.8,384.4125413001352,71731.0,1997.0,27574296.0,20952.0,29.21,14.45,-3.2,1254700800.0
2009-10-01,389.0,389.0,378.15,380.0,382.90627188793377,15705.0,792.0,6013543.0,6188.0,39.4,10.85,-9.0,1254355200.0
2009-09-30,387.0,391.9,383.6,389.25,388.6734015231365,67361.0,1489.0,26181429.0,33120.0,49.17,8.3,2.25,1254268800.0
2009-09-29,393.8,396.0,385.0,386.7,390.8333398391756,51236.0,1829.0,20024737.0,17975.0,35.08,11.0,-7.1,1254182400.0
2009-09-25,389.9,400.9,385.15,387.75,394.7855883093978,214326.0,5161.0,84612816.0,60314.0,28.14,15.75,-2.15,1253836800.0
2009-09-24,365.1,390.2,364.0,386.05,384.4081071870728,231819.0,5018.0,89113103.0,107301.0,46.29,26.2,20.95,1253750400.0
2009-09-23,374.9,382.2,366.1,369.2,374.1338109106328,89619.0,2078.0,33529498.0,29325.0,32.72,16.1,-5.7,1253664000.0
2009-09-22,368.9,377.0,367.55,372.3,372.2028424196672,30467.0,919.0,11339904.0,7890.0,25.9,9.45,3.4,1253577600.0
2009-09-18,368.0,374.5,366.0,370.8,370.1519767974355,32755.0,1107.0,12124328.0,11173.0,34.11,8.5,2.8,1253232000.0
2009-09-17,387.9,388.7,366.6,371.7,378.4449784442991,119226.0,2819.0,45120481.0,44636.0,37.44,22.1,-16.2,1253145600.0
2009-09-16,369.9,384.0,369.5,380.1,377.2956486298884,157031.0,4744.0,59247113.0,40208.0,25.61,14.5,10.2,1253059200.0
2009-09-15,359.95,369.9,357.0,364.9,366.60551463398735,76705.0,2040.0,28120476.0,14293.0,18.63,12.9,4.95,1252972800.0
2009-09-14,357.0,363.9,353.1,356.85,358.84718218392624,31567.0,1263.0,11327729.0,9705.0,30.74,10.8,-0.15,1252886400.0
2009-09-11,364.4,364.4,353.5,356.1,356.4724760076776,13025.0,714.0,4643054.0,3692.0,28.35,10.9,-8.3,1252627200.0
2009-09-10,363.05,367.8,355.1,357.35,360.47207382224383,22649.0,1174.0,8164332.0,6970.0,30.77,12.7,-5.7,1252540800.0
2009-09-09,363.0,369.9,359.0,361.15,364.511322203032,31266.0,1353.0,11396811.0,7516.0,24.04,10.9,-1.85,1252454400.0
2009-09-08,377.0,377.85,358.25,360.7,364.29709119814606,74223.0,1811.0,27039223.0,17460.0,23.52,19.6,-16.3,1252368000.0
2009-09-07,374.05,380.0,372.05,374.0,375.7931316853473,39078.0,1294.0,14685244.0,10926.0,27.96,7.95,-0.05,1252281600.0
2009-09-04,357.0,372.1,356.1,370.1,369.4465169616981,479610.0,2807.0,177190244.0,419848.0,87.54,16.0,13.1,1252022400.0
2009-09-03,366.25,368.4,354.0,355.5,359.35734968489186,29355.0,1299.0,10548935.0,7945.0,27.07,14.4,-10.75,1251936000.0
2009-09-02,364.4,371.0,361.1,363.4,364.4106305367378,21109.0,1048.0,7692344.0,5173.0,24.51,9.9,-1.0,1251849600.0
2009-09-01,372.0,383.5,360.0,364.4,372.2224664117328,68253.0,2301.0,25405300.0,21775.0,31.9,23.5,-7.6,1251763200.0
2009-08-31,380.0,380.0,365.1,370.25,371.73290524974266,81604.0,2353.0,30334892.0,25952.0,31.8,14.9,-9.75,1251676800.0
2009-08-28,362.3,389.0,361.0,380.25,381.0067967816457,313825.0,6870.0,119569458.0,81232.0,25.88,28.0,17.95,1251417600.0
2009-08-27,357.0,367.9,352.55,356.4,358.6661310929575,51658.0,1831.0,18527975.0,9408.0,18.21,15.35,-0.6,1251331200.0
2009-08-26,364.0,371.0,356.25,358.95,363.7853509053036,99856.0,2434.0,36326150.0,39364.0,39.42,14.75,-5.05,1251244800.0
2009-08-25,350.1,363.2,350.1,359.8,356.3179350969658,216107.0,3940.0,77002800.0,127511.0,59.0,13.1,9.7,1251158400.0
2009-08-24,336.9,350.0,332.95,345.85,342.4721789650216,100176.0,2742.0,34307493.0,47790.0,47.71,17.05,8.95,1251072000.0
2009-08-21,320.0,337.0,316.25,331.3,329.57315855446257,94138.0,3125.0,31025358.0,29093.0,30.9,20.75,11.3,1250812800.0
2009-08-20,335.0,337.0,318.05,320.1,326.3265763458485,78092.0,2559.0,25483495.0,26379.0,33.78,18.95,-14.9,1250726400.0
2009-08-19,316.1,341.5,316.1,333.05,334.063484788966,229110.0,5783.0,76537285.0,81198.0,35.44,25.4,16.95,1250640000.0
2009-08-18,312.0,318.95,308.05,315.35,315.67030350831067,136932.0,1104.0,43225366.0,112203.0,81.94,10.9,3.35,1250553600.0
2009-08-17,318.5,323.0,310.0,312.55,317.6258393400389,36487.0,1047.0,11589214.0,11079.0,30.36,13.0,-5.95,1250467200.0
2009-08-14,322.5,331.0,322.0,325.8,327.32568184622977,129648.0,2570.0,42437120.0,40295.0,31.08,9.0,3.3,1250208000.0
2009-08-13,310.0,324.8,303.75,320.1,316.4127962376664,65066.0,1888.0,20587715.0,21562.0,33.14,21.05,10.1,1250121600.0
2009-08-12,303.9,303.9,295.0,299.8,297.8633446377129,54846.0,974.0,16336613.0,38197.0,69.64,8.9,-4.1,1250035200.0
2009-08-11,295.45,307.0,292.5,303.05,300.4416918615413,32414.0,1455.0,9738517.0,7909.0,24.4,14.5,7.6,1249948800.0
2009-08-10,309.8,312.0,291.0,295.75,299.51280877084287,37123.0,1088.0,11118814.0,13201.0,35.56,21.0,-14.05,1249862400.0
2009-08-07,310.15,319.0,304.0,305.1,309.81653471976045,25389.0,936.0,7865932.0,11810.0,46.52,15.0,-5.05,1249603200.0
2009-08-06,322.65,328.5,312.2,317.65,321.35386105232953,27881.0,1008.0,8959667.0,14360.0,51.5,16.3,-5.0,1249516800.0
2009-08-05,325.05,330.6,318.4,322.05,322.1359781230184,25232.0,828.0,8128135.0,9230.0,36.58,12.2,-3.0,1249430400.0
2009-08-04,323.0,335.0,315.0,324.75,326.541002910529,135027.0,3219.0,44091852.0,50082.0,37.09,20.0,1.75,1249344000.0
2009-08-03,318.0,325.8,316.0,321.1,321.72219130962617,59307.0,1318.0,19080378.0,21475.0,36.21,9.8,3.1,1249257600.0
2009-07-31,329.5,333.0,312.0,313.65,319.3507182818616,97594.0,2297.0,31166714.0,60038.0,61.52,21.0,-15.85,1248998400.0
2009-07-30,331.0,336.1,321.8,324.15,328.3442918903511,63147.0,1560.0,20733957.0,17310.0,27.41,14.3,-6.85,1248912000.0
2009-07-29,328.5,337.5,320.0,333.7,331.1283309420282,182606.0,4114.0,60466020.0,59760.0,32.73,17.5,5.2,1248825600.0
2009-07-28,310.9,334.8,310.9,326.45,323.63923547400606,327000.0,6734.0,105830030.0,88107.0,26.94,23.9,15.55,1248739200.0
2009-07-27,296.0,310.9,292.1,308.45,302.91244160220566,417824.0,7170.0,126564088.0,157005.0,37.58,18.8,12.45,1248652800.0
2009-07-24,293.0,294.5,286.25,291.9,291.5755650258164,117561.0,2198.0,34277915.0,30914.0,26.3,8.25,-1.1,1248393600.0
2009-07-23,287.0,291.0,285.05,289.65,287.48609161787346,161737.0,952.0,46497138.0,9624.0,5.95,5.95,2.65,1248307200.0
2009-07-22,293.9,296.5,281.0,282.65,289.40017272089386,55581.0,1362.0,16085151.0,16563.0,29.8,15.5,-11.25,1248220800.0
2009-07-21,295.0,296.0,289.05,290.55,292.5136834647064,45164.0,1355.0,13211088.0,19769.0,43.77,6.95,-4.45,1248134400.0
2009-07-20,291.0,298.0,285.25,292.4,292.62218299553666,109336.0,2584.0,31994139.0,24642.0,22.54,12.75,1.4,1248048000.0
2009-07-17,283.95,300.0,282.95,289.7,297.2278360000575,417366.0,3255.0,124052793.0,318897.0,76.41,17.05,5.75,1247788800.0
2009-07-16,284.0,288.0,279.1,280.7,283.0225354967861,118391.0,2026.0,33507321.0,69171.0,58.43,8.9,-3.3,1247702400.0
2009-07-15,270.0,280.5,270.0,278.95,276.6052293663348,53735.0,1716.0,14863382.0,25713.0,47.85,10.5,8.95,1247616000.0
2009-07-14,270.0,270.9,266.0,268.5,268.65016054288066,118037.0,682.0,31710659.0,101873.0,86.31,4.9,-1.5,1247529600.0
2009-07-13,266.1,268.85,261.0,263.95,264.5874539177248,51267.0,622.0,13564605.0,35027.0,68.32,7.85,-2.15,1247443200.0
2009-07-10,273.45,275.45,266.95,267.15,269.5284267742077,22813.0,548.0,6148752.0,13699.0,60.05,8.5,-6.3,1247184000.0
2009-07-09,267.5,272.5,267.0,270.85,268.7869949053008,25713.0,701.0,6911320.0,10989.0,42.74,5.5,3.35,1247097600.0
2009-07-08,276.0,276.0,267.0,270.15,270.32192239396846,34353.0,971.0,9286369.0,13144.0,38.26,9.0,-5.85,1247011200.0
2009-07-07,279.9,280.0,265.15,272.95,270.1017848775916,546368.0,1260.0,147574972.0,518436.0,94.89,14.85,-6.95,1246924800.0
2009-07-06,293.75,299.35,274.05,275.9,290.31623626482605,126045.0,2644.0,36592910.0,58505.0,46.42,25.3,-17.85,1246838400.0
2009-07-03,275.5,294.9,275.5,290.1,288.353480950302,258823.0,4834.0,74632513.0,58627.0,22.65,19.4,14.6,1246579200.0
2009-07-02,284.0,286.0,276.0,278.3,279.83363371322554,113190.0,1453.0,31674369.0,61703.0,54.51,10.0,-5.7,1246492800.0
2009-07-01,278.0,287.0,275.85,279.85,280.6923442781675,58871.0,1282.0,16524639.0,19717.0,33.49,11.15,1.85,1246406400.0
2009-06-30,291.5,295.0,275.0,276.0,283.2269957240497,59402.0,1407.0,16824250.0,27613.0,46.48,20.0,-15.5,1246320000.0
2009-06-29,293.4,293.9,284.1,286.45,288.67717139379386,119946.0,1278.0,34625672.0,91423.0,76.22,9.8,-6.95,1246233600.0
2009-06-26,293.0,293.0,286.1,290.1,290.02259969839145,47744.0,733.0,13846839.0,30951.0,64.83,6.9,-2.9,1245974400.0
2009-06-25,295.9,295.9,286.1,288.15,291.5167117838793,72404.0,1299.0,21106976.0,44261.0,61.13,9.8,-7.75,1245888000.0
2009-06-24,291.0,297.0,287.05,291.1,291.7085400802424,61065.0,1643.0,17813182.0,16319.0,26.72,9.95,0.1,1245801600.0
2009-06-23,285.05,294.55,273.0,287.5,284.59766120263424,243715.0,2641.0,69360719.0,190252.0,78.06,21.55,2.45,1245715200.0
2009-06-22,305.0,308.5,291.25,292.9,295.271252520726,66945.0,1147.0,19766934.0,44041.0,65.79,17.25,-12.1,1245628800.0
2009-06-19,315.0,319.5,289.0,296.5,295.031861653814,56149.0,1311.0,16565744.0,29705.0,52.9,30.5,-18.5,1245369600.0
2009-06-18,317.0,320.0,290.05,300.1,301.2059439354078,275575.0,2428.0,83004828.0,241542.0,87.65,29.95,-16.9,1245283200.0
2009-06-17,329.5,334.9,311.15,316.0,323.72000957641467,58477.0,1684.0,18930175.0,24503.0,41.9,23.75,-13.5,1245196800.0
2009-06-16,315.1,330.0,315.0,328.1,318.82083276409065,263508.0,1123.0,84011840.0,238665.0,90.57,15.0,13.0,1245110400.0
2009-06-15,319.8,333.0,316.25,321.1,322.7004545667557,42678.0,1410.0,13772210.0,10826.0,25.37,16.75,1.3,1245024000.0
2009-06-12,331.0,335.0,322.0,322.25,324.5383639616198,92235.0,1034.0,29933796.0,50689.0,54.96,13.0,-8.75,1244764800.0
2009-06-11,335.0,342.0,322.0,324.95,331.68797106471453,46172.0,1369.0,15314697.0,19723.0,42.72,20.0,-10.05,1244678400.0
2009-06-10,330.0,351.9,326.0,333.25,340.884728440284,44226.0,1481.0,15075968.0,17247.0,39.0,25.9,3.25,1244592000.0
2009-06-09,327.0,341.0,320.05,336.25,330.64595853872646,29618.0,1201.0,9793072.0,8678.0,29.3,20.95,9.25,1244505600.0
2009-06-08,346.6,350.05,322.1,329.1,340.6643858528724,98649.0,2552.0,33606201.0,43643.0,44.24,27.95,-17.5,1244419200.0
2009-06-05,360.0,369.95,342.0,344.6,359.20178243998123,93804.0,1539.0,33694564.0,45902.0,48.93,27.95,-15.4,1244160000.0
2009-06-04,356.95,358.4,348.5,356.05,353.95665153305555,48237.0,1051.0,17073807.0,22008.0,45.62,9.9,-0.9,1244073600.0
2009-06-03,375.0,375.0,343.0,354.45,364.3833812819117,77166.0,1621.0,28118008.0,34064.0,44.14,32.0,-20.55,1243987200.0
2009-06-02,369.5,376.0,362.0,370.4,369.0844779004397,73463.0,1391.0,27114053.0,27372.0,37.26,14.0,0.9,1243900800.0
2009-06-01,356.8,371.0,356.0,361.45,362.54506514767553,44591.0,1020.0,16166247.0,22140.0,49.65,15.0,4.65,1243814400.0
2009-05-29,350.0,355.5,342.0,349.95,348.2433066361556,17480.0,566.0,6087293.0,7262.0,41.54,13.5,-0.05,1243555200.0
2009-05-28,357.0,357.0,342.2,343.65,348.5519215478399,18865.0,684.0,6575432.0,7145.0,37.87,14.8,-13.35,1243468800.0
2009-05-27,355.0,358.95,338.55,350.6,350.00104509013903,654489.0,1275.0,229071834.0,626011.0,95.65,20.4,-4.4,1243382400.0
2009-05-26,358.95,365.9,343.0,349.45,356.1800288540808,29112.0,1026.0,10369113.0,8970.0,30.81,22.9,-9.5,1243296000.0
2009-05-25,355.0,360.0,351.05,355.5,356.45828030544067,25144.0,670.0,8962787.0,8842.0,35.17,8.95,0.5,1243209600.0
2009-05-22,349.9,360.5,336.0,353.35,349.82887533824646,80193.0,2601.0,28053827.0,17132.0,21.36,24.5,3.45,1242950400.0
2009-05-21,365.0,372.0,326.05,339.65,362.4418860613165,307095.0,2179.0,111304091.0,242372.0,78.92,45.95,-25.35,1242864000.0
2009-05-20,320.0,369.0,320.0,362.85,350.18067610781173,140096.0,2677.0,49058912.0,71604.0,51.11,49.0,42.85,1242777600.0
2009-05-19,294.0,322.45,255.0,316.3,301.97008058193785,77809.0,1866.0,23495990.0,43460.0,55.85,67.45,22.3,1242691200.0
2009-05-18,290.0,300.0,290.0,297.25,295.06083086053405,674.0,15.0,198871.0,604.0,89.61,10.0,7.25,1242604800.0
2009-05-15,254.5,256.0,250.0,252.85,253.2782320441989,27150.0,567.0,6876504.0,13081.0,48.18,6.0,-1.65,1242345600.0
2009-05-14,245.5,254.0,245.0,251.1,248.57743306686967,31524.0,605.0,7836155.0,16433.0,52.13,9.0,5.6,1242259200.0
2009-05-13,249.5,261.0,249.0,251.5,255.6786733135464,34703.0,1240.0,8872817.0,10308.0,29.7,12.0,2.0,1242172800.0
2009-05-12,250.0,254.0,245.05,251.15,249.69863768406287,39932.0,882.0,9970966.0,21116.0,52.88,8.95,1.15,1242086400.0
2009-05-11,255.0,262.9,246.0,250.3,255.397625,32000.0,1044.0,8172724.0,16782.0,52.44,16.9,-4.7,1242000000.0
2009-05-08,261.45,274.0,256.3,259.7,265.32291341653666,51280.0,1456.0,13605759.0,13213.0,25.77,17.7,-1.75,1241740800.0
2009-05-07,260.9,267.9,254.1,257.05,259.7282688567106,46270.0,929.0,12017627.0,27468.0,59.36,13.8,-3.85,1241654400.0
2009-05-06,256.0,260.3,245.0,255.6,257.5553374804564,30061.0,790.0,7742371.0,12700.0,42.25,15.3,-0.4,1241568000.0
2009-05-05,251.0,256.65,249.0,255.35,254.1086372535628,21963.0,620.0,5580988.0,15395.0,70.1,7.65,4.35,1241481600.0
2009-05-04,240.0,251.35,238.2,249.85,246.85375696557205,95649.0,1161.0,23611315.0,54499.0,56.98,13.15,9.85,1241395200.0
2009-04-29,240.0,242.0,230.25,233.3,238.3108562035449,27984.0,735.0,6668891.0,15893.0,56.79,11.75,-6.7,1240963200.0
2009-04-28,245.0,246.9,233.05,234.8,237.8821421257424,9766.0,477.0,2323157.0,6897.0,70.62,13.85,-10.2,1240876800.0
2009-04-27,246.5,249.8,242.1,243.4,246.16577023858773,7251.0,342.0,1784948.0,3339.0,46.05,7.7,-3.1,1240790400.0
2009-04-24,252.0,252.9,241.05,247.8,247.701368309841,38807.0,1525.0,9612547.0,6239.0,16.08,11.85,-4.2,1240531200.0
2009-04-23,244.0,249.95,239.1,248.8,245.45413274890416,6388.0,429.0,1567961.0,3021.0,47.29,10.85,4.8,1240444800.0
2009-04-22,254.9,255.0,240.45,244.25,249.1934794724132,21532.0,646.0,5365634.0,6487.0,30.13,14.55,-10.65,1240358400.0
2009-04-21,247.0,252.9,242.1,251.05,248.7070776060787,11713.0,442.0,2913106.0,3722.0,31.78,10.8,4.05,1240272000.0
2009-04-20,245.0,258.45,245.0,249.9,252.9879930807584,29483.0,794.0,7458845.0,10004.0,33.93,13.45,4.9,1240185600.0
2009-04-17,245.0,252.4,243.0,244.45,248.15498258397724,24977.0,775.0,6198167.0,14539.0,58.21,9.4,-0.55,1239926400.0
2009-04-16,255.0,262.4,239.0,241.5,251.6818945062968,54790.0,1147.0,13789651.0,30992.0,56.57,23.4,-13.5,1239840000.0
2009-04-15,241.2,257.9,238.0,253.1,251.56544594177555,97210.0,1683.0,24454677.0,49632.0,51.06,19.9,11.9,1239753600.0
2009-04-13,254.7,262.0,237.15,245.45,254.02910646031071,101249.0,1553.0,25720193.0,44811.0,44.26,24.85,-9.25,1239580800.0
2009-04-09,238.25,255.0,237.0,249.45,246.8077458256029,86240.0,1838.0,21284700.0,31533.0,36.56,18.0,11.2,1239235200.0
2009-04-08,229.0,238.0,218.0,236.15,229.15339950783863,36167.0,1043.0,8287791.0,7765.0,21.47,20.0,7.15,1239148800.0
2009-04-06,244.5,246.2,224.25,236.0,233.58168442415013,35478.0,1187.0,8287011.0,14562.0,41.05,21.95,-8.5,1238976000.0
2009-04-02,224.0,242.0,220.15,239.4,233.3928874083165,34221.0,1068.0,7986938.0,17917.0,52.36,21.85,15.4,1238630400.0
2009-04-01,213.55,221.5,207.0,217.9,218.5858237066801,15928.0,640.0,3481635.0,8845.0,55.53,14.5,4.35,1238544000.0
2009-03-31,209.0,215.75,207.05,210.15,213.305101784368,11937.0,524.0,2546223.0,3559.0,29.81,8.7,1.15,1238457600.0
2009-03-30,214.1,214.1,204.0,204.95,208.3995473305818,7511.0,392.0,1565289.0,3852.0,51.28,10.1,-9.15,1238371200.0
2009-03-27,222.1,222.1,212.7,217.45,217.7042216497556,19021.0,640.0,4140952.0,4905.0,25.79,9.4,-4.65,1238112000.0
2009-03-26,206.0,217.8,204.0,215.55,212.22017715659217,44932.0,1485.0,9535477.0,16578.0,36.9,13.8,9.55,1238025600.0
2009-03-25,199.75,205.3,199.0,203.05,201.8267721363748,16308.0,681.0,3291391.0,4353.0,26.69,6.3,3.3,1237939200.0
2009-03-24,199.0,202.5,197.0,199.75,200.18235218343423,232890.0,1320.0,46620468.0,178287.0,76.55,5.5,0.75,1237852800.0
2009-03-23,197.0,199.45,194.1,195.8,196.91296406739227,26828.0,684.0,5282781.0,17862.0,66.58,5.35,-1.2,1237766400.0
2009-03-20,200.0,201.9,191.5,193.95,196.98181320186248,18255.0,853.0,3595903.0,5741.0,31.45,10.4,-6.05,1237507200.0
2009-03-19,198.0,207.0,193.0,195.8,200.99326302095432,43046.0,1751.0,8651956.0,11259.0,26.16,14.0,-2.2,1237420800.0
2009-03-18,197.8,199.7,192.0,195.55,197.2457916565016,8198.0,461.0,1617021.0,3000.0,36.59,7.7,-2.25,1237334400.0
2009-03-17,196.0,197.95,191.0,193.4,195.11403147400512,12137.0,559.0,2368099.0,4391.0,36.18,6.95,-2.6,1237248000.0
2009-03-16,200.0,200.0,190.3,196.35,194.97826191738565,20747.0,659.0,4045214.0,12602.0,60.74,9.7,-3.65,1237161600.0
2009-03-13,196.0,200.95,195.3,197.9,197.50933209933672,19449.0,709.0,3841359.0,8394.0,43.16,5.65,1.9,1236902400.0
2009-03-12,191.6,199.0,180.0,192.15,189.66526676144863,106912.0,2308.0,20277493.0,36056.0,33.72,19.0,0.55,1236816000.0
2009-03-09,203.0,205.9,188.0,191.55,194.96271556131143,14671.0,948.0,2860298.0,5007.0,34.13,17.9,-11.45,1236556800.0
2009-03-06,202.0,206.8,198.05,204.55,203.0850253051504,16795.0,604.0,3410813.0,8051.0,47.94,8.75,2.55,1236297600.0
2009-03-05,200.5,206.05,200.0,204.65,203.32102942684304,9753.0,477.0,1982990.0,5337.0,54.72,6.05,4.15,1236211200.0
2009-03-04,203.0,206.55,199.0,200.1,201.1651870324189,10025.0,411.0,2016681.0,6753.0,67.36,7.55,-2.9,1236124800.0
2009-03-03,203.95,206.95,200.5,205.0,204.21138162628927,16676.0,358.0,3405429.0,15304.0,91.77,6.45,1.05,1236038400.0
2009-03-02,204.95,215.0,202.0,204.65,211.2846473813576,21156.0,1161.0,4469938.0,3658.0,17.29,13.0,-0.3,1235952000.0
2009-02-27,202.05,209.0,202.05,207.5,204.94408843319448,6242.0,369.0,1279261.0,3957.0,63.39,6.95,5.45,1235692800.0
2009-02-26,202.0,207.0,202.0,204.2,205.08467689081127,7629.0,581.0,1564591.0,4167.0,54.62,5.0,2.2,1235606400.0
2009-02-25,210.0,214.0,202.0,203.05,205.2983708993528,17924.0,905.0,3679768.0,7387.0,41.21,12.0,-6.95,1235520000.0
2009-02-24,200.0,205.95,196.05,204.5,201.7460841899168,8172.0,692.0,1648669.0,3210.0,39.28,9.9,4.5,1235433600.0
2009-02-20,205.1,208.4,198.0,202.5,202.50481797687783,677359.0,1474.0,137168461.0,650968.0,96.1,10.4,-2.6,1235088000.0
2009-02-19,201.0,211.0,198.0,208.75,204.58645813996657,43096.0,1721.0,8816858.0,19619.0,45.52,13.0,7.75,1235001600.0
2009-02-18,200.0,200.0,195.55,196.95,197.39285618007816,37095.0,1032.0,7322288.0,21421.0,57.75,4.45,-3.05,1234915200.0
2009-02-17,210.0,213.0,202.15,205.35,205.57924330791087,33435.0,1111.0,6873542.0,16783.0,50.2,10.85,-4.65,1234828800.0
2009-02-16,228.3,228.3,214.65,216.35,220.9498869289914,33165.0,1353.0,7327803.0,17519.0,52.82,13.65,-11.95,1234742400.0
2009-02-13,238.0,239.0,227.0,228.0,232.56839714111584,36098.0,1237.0,8395254.0,14647.0,40.58,12.0,-10.0,1234483200.0
2009-02-12,230.0,247.0,227.05,232.6,237.86400235251284,71413.0,2417.0,16986582.0,31961.0,44.76,19.95,2.6,1234396800.0
2009-02-11,228.6,231.9,226.6,227.55,228.87208827135268,9788.0,414.0,2240200.0,3377.0,34.5,5.3,-1.05,1234310400.0
2009-02-10,229.5,234.7,228.1,231.15,232.46473207872432,6961.0,475.0,1618187.0,2971.0,42.68,6.6,1.65,1234224000.0
2009-02-09,224.15,232.0,224.15,229.5,229.07425343018565,3717.0,389.0,851469.0,1091.0,29.35,7.85,5.35,1234137600.0
2009-02-06,230.0,232.0,226.5,227.6,228.50906618313687,2206.0,210.0,504091.0,1007.0,45.65,5.5,-2.4,1233878400.0
2009-02-05,229.95,229.95,226.0,227.3,227.54029396857567,1973.0,194.0,448937.0,508.0,25.75,3.95,-2.65,1233792000.0
2009-02-04,227.7,235.0,227.7,228.85,230.96681557115508,3134.0,393.0,723850.0,920.0,29.36,7.3,1.15,1233705600.0
2009-02-03,230.0,234.85,227.05,230.0,230.35510204081632,2940.0,545.0,677244.0,786.0,26.73,7.8,0.0,1233619200.0
2009-02-02,228.0,234.0,226.0,227.15,230.8266471449488,3415.0,413.0,788273.0,1489.0,43.6,8.0,-0.85,1233532800.0
2009-01-30,225.05,243.7,224.95,230.85,231.8014524103832,12944.0,921.0,3000438.0,3706.0,28.63,18.75,5.8,1233273600.0
2009-01-29,228.0,235.0,225.05,225.8,228.5299133448873,14425.0,912.0,3296544.0,3094.0,21.45,9.95,-2.2,1233187200.0
2009-01-28,231.8,237.45,224.1,228.3,233.35773152159885,54239.0,2643.0,12657090.0,4176.0,7.7,13.35,-3.5,1233100800.0
2009-01-27,230.0,236.0,223.0,228.45,228.39166411277964,19578.0,767.0,4471452.0,10055.0,51.36,13.0,-1.55,1233014400.0
2009-01-23,236.0,236.0,227.8,229.35,230.0402571559773,6533.0,435.0,1502853.0,2286.0,34.99,8.2,-6.65,1232668800.0
2009-01-22,243.05,246.75,234.0,235.7,240.98400556328235,15818.0,860.0,3811885.0,6206.0,39.23,12.75,-7.35,1232582400.0
2009-01-21,239.9,245.0,237.0,240.3,241.53192850939345,21877.0,1069.0,5283994.0,8915.0,40.75,8.0,0.4,1232496000.0
2009-01-20,232.0,251.4,230.0,244.9,246.26565715308223,44708.0,1722.0,11010045.0,19632.0,43.91,21.4,12.9,1232409600.0
2009-01-19,236.0,239.5,232.25,237.0,235.26540961359905,14001.0,854.0,3293951.0,2388.0,17.06,7.25,1.0,1232323200.0
2009-01-16,241.0,245.0,236.0,237.85,240.1369038187292,18933.0,1168.0,4546512.0,6848.0,36.17,9.0,-3.15,1232064000.0
2009-01-15,225.0,241.5,221.0,237.3,236.54773071904643,28357.0,1819.0,6707784.0,5672.0,20.0,20.5,12.3,1231977600.0
2009-01-14,231.0,235.0,228.2,232.35,231.5908844275637,14744.0,914.0,3414576.0,2624.0,17.8,6.8,1.35,1231891200.0
2009-01-13,259.95,260.0,224.1,227.65,240.3851412764276,75915.0,3509.0,18248838.0,13383.0,17.63,35.9,-32.3,1231804800.0
2009-01-12,245.05,250.9,230.15,245.25,240.31492122335493,21580.0,1818.0,5185996.0,10116.0,46.88,20.75,0.2,1231718400.0
2009-01-09,226.0,252.0,224.0,249.45,241.8820078226857,33748.0,2035.0,8163034.0,9005.0,26.68,28.0,23.45,1231459200.0
2009-01-07,255.0,256.85,228.0,234.05,239.4670242100736,39529.0,1819.0,9465892.0,26140.0,66.13,28.85,-20.95,1231286400.0
2009-01-06,265.75,265.75,251.2,254.65,255.520799434029,28270.0,1046.0,7223573.0,13625.0,48.2,14.55,-11.1,1231200000.0
2009-01-05,265.5,273.4,262.0,265.5,268.2671537926235,43110.0,1581.0,11564997.0,21433.0,49.72,11.4,0.0,1231113600.0
2009-01-02,255.0,262.0,253.0,258.45,258.3385712606293,25519.0,1176.0,6592542.0,7173.0,28.11,9.0,3.45,1230854400.0
2009-01-01,240.0,254.95,240.0,252.35,247.00638396131592,36811.0,1677.0,9092552.0,14996.0,40.74,14.95,12.35,1230768000.0
2008-12-31,233.0,239.9,221.0,238.05,234.4074978400511,26621.0,1263.0,6240162.0,8430.0,31.67,18.9,5.05,1230681600.0
2008-12-30,234.0,235.8,224.6,229.8,229.57706116587244,76595.0,1692.0,17584455.0,50347.0,65.73,11.2,-4.2,1230595200.0
2008-12-29,237.9,238.0,229.05,231.3,231.83829595562088,42182.0,938.0,9779403.0,27794.0,65.89,8.95,-6.6,1230508800.0
2008-12-26,244.0,244.0,234.0,235.4,239.2960836741113,12716.0,509.0,3042889.0,10026.0,78.85,10.0,-8.6,1230249600.0
2008-12-24,259.0,259.0,241.0,242.8,246.02272394792024,20507.0,957.0,5045188.0,13403.0,65.36,18.0,-16.2,1230076800.0
2008-12-23,265.95,267.85,251.1,254.65,257.30725971370146,11736.0,663.0,3019758.0,6658.0,56.73,16.75,-11.3,1229990400.0
2008-12-22,268.0,276.0,264.0,267.5,270.6418531045397,32227.0,882.0,8721975.0,20547.0,63.76,12.0,-0.5,1229904000.0
2008-12-19,261.0,274.0,255.0,267.85,265.0374484902523,41497.0,1342.0,10998259.0,23219.0,55.95,19.0,6.85,1229644800.0
2008-12-18,248.05,267.6,248.0,257.6,259.1562002420228,31402.0,2242.0,8138023.0,13816.0,44.0,19.6,9.55,1229558400.0
2008-12-17,259.0,262.0,248.0,250.8,256.27080375385253,28877.0,2368.0,7400332.0,10948.0,37.91,14.0,-8.2,1229472000.0
2008-12-16,241.8,258.7,240.0,252.15,250.58491612757635,106352.0,3025.0,26650207.0,64066.0,60.24,18.7,10.35,1229385600.0
2008-12-15,239.25,247.0,236.05,241.6,243.62993591068843,24185.0,1779.0,5892190.0,9403.0,38.88,10.95,2.35,1229299200.0
2008-12-12,240.0,245.95,235.0,238.05,241.2083626760564,11360.0,812.0,2740127.0,2165.0,19.06,10.95,-1.95,1229040000.0
2008-12-11,242.5,247.95,237.5,242.25,242.7365096614256,29447.0,1204.0,7147862.0,11261.0,38.24,10.45,-0.25,1228953600.0
2008-12-10,230.0,242.2,230.0,241.05,239.9540181997588,45605.0,2297.0,10943103.0,24921.0,54.65,12.2,11.05,1228867200.0
2008-12-08,240.0,240.0,227.0,229.85,234.53036293051247,28077.0,2136.0,6584909.0,15824.0,56.36,13.0,-10.15,1228694400.0
2008-12-05,235.0,240.8,230.0,233.05,237.2068675681689,40451.0,2594.0,9595255.0,15815.0,39.1,10.8,-1.95,1228435200.0
2008-12-04,227.35,236.7,226.8,235.0,231.36672316489407,53689.0,1572.0,12421848.0,21370.0,39.8,9.9,7.65,1228348800.0
2008-12-03,219.0,227.4,218.0,225.55,222.5704447822352,75655.0,2097.0,16838567.0,19009.0,25.13,9.4,6.55,1228262400.0
2008-12-02,205.0,216.3,200.0,215.35,211.2137397050845,20277.0,1254.0,4282781.0,5498.0,27.11,16.3,10.35,1228176000.0
2008-12-01,203.0,217.95,200.0,210.95,209.9005965921284,23299.0,1577.0,4890474.0,10519.0,45.15,17.95,7.95,1228089600.0
2008-11-28,197.0,199.9,195.0,197.45,197.4380504991192,3406.0,242.0,672474.0,1256.0,36.88,4.9,0.45,1227830400.0
2008-11-26,196.0,204.0,195.0,199.3,199.57770422747103,13294.0,1170.0,2653186.0,3693.0,27.78,9.0,3.3,1227657600.0
2008-11-25,204.0,211.5,171.0,192.9,172.26910243820953,2119219.0,2246.0,365075955.0,2037173.0,96.13,40.5,-11.1,1227571200.0
2008-11-24,202.8,207.9,197.2,200.05,201.15849765258213,26625.0,621.0,5355845.0,20681.0,77.68,10.7,-2.75,1227484800.0
2008-11-21,200.0,203.0,195.5,199.9,198.40269426456985,17296.0,691.0,3431573.0,11745.0,67.91,7.5,-0.1,1227225600.0
2008-11-20,205.0,206.0,198.0,199.9,201.4019892250311,28956.0,878.0,5831796.0,18882.0,65.21,8.0,-5.1,1227139200.0
2008-11-19,208.0,213.0,205.15,208.05,207.77946526009453,21992.0,629.0,4569486.0,10164.0,46.22,7.85,0.05,1227052800.0
2008-11-18,217.0,217.0,205.15,208.05,209.02751074417552,35368.0,640.0,7392885.0,25887.0,73.19,11.85,-8.95,1226966400.0
2008-11-17,226.0,226.0,208.0,219.25,211.72068134568133,42328.0,940.0,8961713.0,32301.0,76.31,18.0,-6.75,1226880000.0
2008-11-14,222.0,229.0,217.0,226.3,220.97454206768083,54757.0,847.0,12099903.0,42544.0,77.7,12.0,4.3,1226620800.0
2008-11-12,216.15,219.8,206.0,217.55,216.81018802998648,16274.0,572.0,3528369.0,10800.0,66.36,13.8,1.4,1226448000.0
2008-11-11,222.95,230.0,213.0,219.4,219.45134907895743,26166.0,921.0,5742164.0,12273.0,46.9,17.0,-3.55,1226361600.0
2008-11-10,224.0,234.5,218.2,225.45,221.87749889316487,117452.0,1131.0,26059956.0,85068.0,72.43,16.3,1.45,1226275200.0
2008-11-07,220.0,221.0,217.0,219.7,219.9411480612668,14494.0,255.0,3187827.0,10724.0,73.99,4.0,-0.3,1226016000.0
2008-11-06,219.0,229.0,210.0,221.1,222.36581118240144,10910.0,400.0,2426011.0,7788.0,71.38,19.0,2.1,1225929600.0
2008-11-05,232.0,235.0,221.0,224.1,230.0454572517266,33592.0,715.0,7727687.0,20420.0,60.79,14.0,-7.9,1225843200.0
2008-11-04,206.0,233.9,200.0,229.5,220.50967330861909,17264.0,911.0,3806879.0,10290.0,59.6,33.9,23.5,1225756800.0
2008-11-03,210.0,212.0,201.15,206.5,205.4758298932558,40939.0,846.0,8411975.0,11460.0,27.99,10.85,-3.5,1225670400.0
2008-10-31,180.35,207.0,180.35,201.9,192.6188921954497,20834.0,816.0,4013022.0,11097.0,53.26,26.65,21.55,1225411200.0
2008-10-29,185.0,189.8,172.0,176.9,184.0017633574325,11342.0,576.0,2086948.0,8758.0,77.22,17.8,-8.1,1225238400.0
2008-10-28,182.0,182.0,177.25,179.8,180.12,1575.0,103.0,283689.0,1169.0,74.22,4.75,-2.2,1225152000.0
2008-10-27,170.0,178.0,165.0,174.35,169.1831822444514,9597.0,468.0,1623651.0,7057.0,73.53,13.0,4.35,1225065600.0
2008-10-24,185.0,191.0,173.75,177.2,182.0549822365082,17733.0,813.0,3228381.0,8364.0,47.17,17.25,-7.8,1224806400.0
2008-10-23,184.0,192.0,177.3,188.05,187.68544696430388,9833.0,521.0,1845511.0,6935.0,70.53,14.7,4.05,1224720000.0
2008-10-22,187.0,193.0,184.1,190.25,188.3904196357878,12630.0,579.0,2379371.0,7895.0,62.51,8.9,3.25,1224633600.0
2008-10-21,181.1,191.0,181.1,189.4,188.68682671591256,272916.0,882.0,51495654.0,259369.0,95.04,9.9,8.3,1224547200.0
2008-10-20,190.0,194.0,169.0,179.5,177.39924705882353,85000.0,2607.0,15078936.0,44766.0,52.67,25.0,-10.5,1224460800.0
2008-10-17,210.0,215.0,190.0,190.45,196.2095410191544,27670.0,1472.0,5429118.0,13125.0,47.43,25.0,-19.55,1224201600.0
2008-10-16,217.0,218.0,196.1,204.35,206.20697389065447,99428.0,1405.0,20502747.0,67991.0,68.38,21.9,-12.65,1224115200.0
2008-10-15,229.0,229.0,203.0,223.3,215.07078914180568,48369.0,2338.0,10402759.0,20258.0,41.88,26.0,-5.7,1224028800.0
2008-10-14,218.9,239.0,217.0,234.6,230.8992814984172,748363.0,1434.0,172796479.0,735408.0,98.27,22.0,15.7,1223942400.0
2008-10-13,193.0,218.0,193.0,212.0,204.26747457260333,9242.0,805.0,1887840.0,4199.0,45.43,25.0,19.0,1223856000.0
2008-10-10,201.0,210.0,185.0,189.6,190.40779159321448,553648.0,1185.0,105418893.0,539224.0,97.39,25.0,-11.4,1223596800.0
2008-10-08,244.0,244.0,207.05,219.25,216.70614649419127,145644.0,1434.0,31561950.0,90488.0,62.13,36.95,-24.75,1223424000.0
2008-10-07,260.0,274.9,244.0,249.85,263.6108547533409,341970.0,1201.0,90147004.0,322075.0,94.18,30.9,-10.15,1223337600.0
2008-10-06,283.0,283.0,258.7,262.75,269.7941228536024,11298.0,601.0,3048134.0,4821.0,42.67,24.3,-20.25,1223251200.0
2008-10-03,290.0,292.9,280.0,280.05,280.1628581891242,510659.0,439.0,143067685.0,504470.0,98.79,12.9,-9.95,1222992000.0
2008-10-01,275.0,290.0,272.6,288.1,282.0000375558644,26627.0,1180.0,7508815.0,6727.0,25.26,17.4,13.1,1222819200.0
2008-09-30,271.0,282.0,270.3,279.45,276.4786110613925,5587.0,350.0,1544686.0,2462.0,44.07,11.7,8.45,1222732800.0
2008-09-29,280.0,284.4,273.0,281.85,277.64306867860665,14182.0,544.0,3937534.0,8515.0,60.04,11.4,1.85,1222646400.0
2008-09-26,292.2,294.0,278.0,278.55,282.07608356719675,22449.0,788.0,6332326.0,9919.0,44.18,16.0,-13.65,1222387200.0
2008-09-25,279.5,298.85,278.0,291.4,287.83278978264985,95054.0,1961.0,27359658.0,60498.0,63.65,20.85,11.9,1222300800.0
2008-09-24,278.0,286.0,278.0,279.8,281.6645453480654,25613.0,734.0,7214274.0,13232.0,51.66,8.0,1.8,1222214400.0
2008-09-23,281.9,284.1,274.0,276.5,280.5859473958721,26842.0,862.0,7531488.0,17561.0,65.42,10.1,-5.4,1222128000.0
2008-09-22,293.1,296.95,280.25,284.4,287.4593943971112,42371.0,1080.0,12179942.0,22502.0,53.11,16.7,-8.7,1222041600.0
2008-09-19,285.0,295.5,276.1,292.95,288.7368523416835,179956.0,1524.0,51959929.0,151304.0,84.08,19.4,7.95,1221782400.0
2008-09-18,275.1,283.0,263.0,277.25,269.98905464873127,320410.0,940.0,86507193.0,310080.0,96.78,20.0,2.15,1221696000.0
2008-09-17,286.1,287.8,271.0,282.85,278.3237303428719,31032.0,1268.0,8636942.0,9069.0,29.22,16.8,-3.25,1221609600.0
2008-09-16,275.0,284.0,267.0,280.85,274.77391587340327,61455.0,1497.0,16886231.0,27042.0,44.0,17.0,5.85,1221523200.0
2008-09-15,300.0,300.0,273.0,284.55,277.6627156017675,114737.0,1369.0,31858187.0,75523.0,65.82,27.0,-15.45,1221436800.0
2008-09-12,317.1,321.0,302.2,307.65,310.22345407626875,31389.0,831.0,9737604.0,17837.0,56.83,18.8,-9.45,1221177600.0
2008-09-11,321.0,326.0,312.1,314.35,316.42840244054287,32124.0,790.0,10164946.0,20867.0,64.96,13.9,-6.65,1221091200.0
2008-09-10,330.5,334.0,323.4,324.65,327.2587322121604,13914.0,389.0,4553478.0,6882.0,49.46,10.6,-5.85,1221004800.0
2008-09-09,343.0,343.0,328.0,329.95,335.35867407701465,30228.0,543.0,10137222.0,16959.0,56.1,15.0,-13.05,1220918400.0
2008-09-08,345.0,349.6,339.0,340.25,340.353784756541,53623.0,573.0,18250791.0,44751.0,83.45,10.6,-4.75,1220832000.0
2008-09-05,333.0,336.0,326.1,327.65,329.25758265780127,10979.0,444.0,3614919.0,7126.0,64.91,9.9,-5.35,1220572800.0
2008-09-04,341.0,346.0,333.0,337.05,340.70736814553067,15282.0,571.0,5206690.0,9782.0,64.01,13.0,-3.95,1220486400.0
2008-09-02,347.0,348.0,338.8,344.75,342.7609411105665,14281.0,443.0,4894969.0,10505.0,73.56,9.2,-2.25,1220313600.0
2008-09-01,330.0,341.95,330.0,339.15,338.0523246773441,12862.0,417.0,4348029.0,5595.0,43.5,11.95,9.15,1220227200.0
2008-08-29,320.0,339.0,320.0,334.4,332.30433272553614,11517.0,480.0,3827149.0,7784.0,67.59,19.0,14.4,1219968000.0
2008-08-28,330.0,330.0,312.2,316.15,318.240982797953,32438.0,1030.0,10323101.0,17582.0,54.2,17.8,-13.85,1219881600.0
2008-08-27,345.0,346.0,326.25,328.05,335.17870781700566,12831.0,625.0,4300678.0,5287.0,41.2,19.75,-16.95,1219795200.0
2008-08-26,348.0,350.0,341.1,342.1,346.54060807996666,7203.0,296.0,2496132.0,4790.0,66.5,8.9,-5.9,1219708800.0
2008-08-25,345.0,360.85,345.0,350.15,354.90357992315666,16397.0,670.0,5819354.0,9230.0,56.29,15.85,5.15,1219622400.0
2008-08-22,345.0,351.0,344.25,347.25,346.80981912144705,5805.0,300.0,2013231.0,3026.0,52.13,6.75,2.25,1219363200.0
2008-08-21,341.85,352.5,341.85,346.9,347.7928240740741,4320.0,239.0,1502465.0,2474.0,57.27,10.65,5.05,1219276800.0
2008-08-20,350.1,354.7,344.05,348.85,349.2892199570192,34434.0,718.0,12027425.0,24708.0,71.75,10.65,-1.25,1219190400.0
2008-08-19,355.0,355.8,345.0,348.9,351.58217506631297,56550.0,627.0,19881972.0,48073.0,85.01,10.8,-6.1,1219104000.0
2008-08-18,350.0,358.55,350.0,353.8,356.2330417192097,76128.0,490.0,27119309.0,70997.0,93.26,8.55,3.8,1219017600.0
2008-08-14,357.0,358.35,348.0,353.85,355.20331116425865,183138.0,1181.0,65051224.0,158022.0,86.29,10.35,-3.15,1218672000.0
2008-08-13,365.0,366.7,353.0,357.05,359.4452736318408,2814.0,267.0,1011479.0,1270.0,45.13,13.7,-7.95,1218585600.0
2008-08-12,367.0,368.7,357.0,360.15,362.9766365949572,4323.0,229.0,1569148.0,1904.0,44.04,11.7,-6.85,1218499200.0
2008-08-11,368.0,370.25,362.15,365.45,368.92024993529776,27047.0,557.0,9978186.0,18962.0,70.11,8.1,-2.55,1218412800.0
2008-08-08,366.3,370.0,361.2,363.55,364.2751862014896,2551.0,191.0,929266.0,1302.0,51.04,8.8,-2.75,1218153600.0
2008-08-07,371.1,378.4,365.5,367.4,371.748949766286,16901.0,487.0,6282929.0,8283.0,49.01,12.9,-3.7,1218067200.0
2008-08-06,360.0,380.0,360.0,370.2,372.0209645594597,52708.0,1605.0,19608481.0,15707.0,29.8,20.0,10.2,1217980800.0
2008-08-05,349.95,359.0,349.95,354.85,355.51752021563345,14840.0,443.0,5275880.0,9100.0,61.32,9.05,4.9,1217894400.0
2008-08-04,351.0,359.95,340.0,349.55,350.2545823985099,23623.0,494.0,8274064.0,14822.0,62.74,19.95,-1.45,1217808000.0
2008-08-01,347.0,351.0,340.0,349.8,349.769983277592,11960.0,211.0,4183249.0,10394.0,86.91,11.0,2.8,1217548800.0
2008-07-31,350.0,355.0,348.0,349.7,349.73017562533266,5637.0,171.0,1971429.0,4094.0,72.63,7.0,-0.3,1217462400.0
2008-07-30,348.1,353.0,343.1,347.0,349.77384402728853,44854.0,657.0,15688756.0,35243.0,78.57,9.9,-1.1,1217376000.0
2008-07-29,342.7,346.0,339.0,343.15,342.31899662437434,17182.0,593.0,5881725.0,5890.0,34.28,7.0,0.45,1217289600.0
2008-07-28,355.0,361.95,350.2,353.3,353.7347010965688,5654.0,213.0,2000016.0,2445.0,43.24,11.75,-1.7,1217203200.0
2008-07-25,358.0,361.0,352.0,358.3,358.958977595456,3169.0,119.0,1137541.0,2413.0,76.14,9.0,0.3,1216944000.0
2008-07-24,372.0,380.05,354.0,363.35,365.6236386359578,5601.0,302.0,2047858.0,2428.0,43.35,26.05,-8.65,1216857600.0
2008-07-23,360.0,373.0,360.0,370.2,366.4124891754065,10393.0,518.0,3808125.0,3902.0,37.54,13.0,10.2,1216771200.0
2008-07-22,350.0,357.0,346.5,353.9,352.80814926372153,11952.0,505.0,4216763.0,2384.0,19.95,10.5,3.9,1216684800.0
2008-07-21,342.0,352.0,320.0,346.3,339.4789318303811,7452.0,589.0,2529797.0,1822.0,24.45,32.0,4.3,1216598400.0
2008-07-18,330.0,341.95,315.0,340.2,334.16160091599875,38428.0,1112.0,12841162.0,16367.0,42.59,26.95,10.2,1216339200.0
2008-07-17,320.0,325.0,309.0,319.05,317.9111297885517,45212.0,474.0,14373398.0,39669.0,87.74,16.0,-0.95,1216252800.0
2008-07-16,335.0,337.0,309.0,315.35,322.0391541976525,22322.0,700.0,7188558.0,8735.0,39.13,28.0,-19.65,1216166400.0
2008-07-15,350.0,350.0,330.95,333.8,334.70037355003603,15259.0,574.0,5107193.0,4532.0,29.7,19.05,-16.2,1216080000.0
2008-07-14,356.1,367.5,349.1,352.75,360.3075446487381,106274.0,596.0,38291324.0,99806.0,93.91,18.4,-3.35,1215993600.0
2008-07-11,377.0,385.0,362.0,368.65,375.9472458575906,11165.0,486.0,4197451.0,5579.0,49.97,23.0,-8.35,1215734400.0
2008-07-10,388.0,395.4,373.0,377.25,381.1042246642247,20475.0,457.0,7803109.0,12271.0,59.93,22.4,-10.75,1215648000.0
2008-07-09,385.65,398.9,376.1,389.4,383.9150275985384,25726.0,834.0,9876598.0,12607.0,49.0,22.8,3.75,1215561600.0
2008-07-08,376.0,384.8,367.0,378.75,373.5974499089253,14823.0,447.0,5537835.0,7856.0,53.0,17.8,2.75,1215475200.0
2008-07-07,375.0,390.0,375.0,383.05,384.9268027101145,24796.0,567.0,9544645.0,17380.0,70.09,15.0,8.05,1215388800.0
2008-07-04,379.9,390.0,365.05,375.05,375.66323101777056,30950.0,341.0,11626777.0,23645.0,76.4,24.95,-4.85,1215129600.0
2008-07-03,382.0,390.0,370.0,379.9,379.93228429985857,39592.0,246.0,15042279.0,37931.0,95.8,20.0,-2.1,1215043200.0
2008-07-02,379.0,394.0,345.0,389.45,368.89005360903695,20892.0,835.0,7706851.0,4072.0,19.49,49.0,10.45,1214956800.0
2008-07-01,391.5,391.5,376.05,379.85,389.7248497152798,264997.0,317.0,103275916.0,260536.0,98.32,15.45,-11.65,1214870400.0
2008-06-30,405.0,423.0,390.0,392.2,407.2189138391532,20218.0,796.0,8233152.0,6580.0,32.55,33.0,-12.8,1214784000.0
2008-06-27,400.0,414.6,380.25,404.65,396.8901709401709,4680.0,262.0,1857446.0,1734.0,37.05,34.35,4.65,1214524800.0
2008-06-26,400.0,412.0,391.0,409.9,409.1028895592616,52707.0,890.0,21562586.0,43139.0,81.85,21.0,9.9,1214438400.0
2008-06-25,374.45,402.05,373.0,396.15,385.8181565668256,64803.0,1384.0,25002174.0,20269.0,31.28,29.05,21.7,1214352000.0
2008-06-24,376.0,389.95,372.25,382.1,378.2776312430869,23506.0,640.0,8891794.0,13384.0,56.94,17.7,6.1,1214265600.0
2008-06-23,397.0,397.0,374.0,377.1,380.1975209457133,26139.0,694.0,9937983.0,18850.0,72.11,23.0,-19.9,1214179200.0
2008-06-20,402.25,413.0,397.0,400.1,403.9603717341749,11406.0,552.0,4607572.0,7117.0,62.4,16.0,-2.15,1213920000.0
2008-06-19,412.0,414.95,401.05,406.35,408.6568768847515,7627.0,431.0,3116826.0,4486.0,58.82,13.9,-5.65,1213833600.0
2008-06-18,426.0,439.95,415.05,417.05,422.86794407042976,7724.0,373.0,3266232.0,3705.0,47.97,24.9,-8.95,1213747200.0
2008-06-17,423.0,429.0,400.0,419.95,419.93618161119673,14933.0,482.0,6270907.0,10491.0,70.25,29.0,-3.05,1213660800.0
2008-06-16,437.95,437.95,420.0,426.8,430.185162601626,4920.0,235.0,2116511.0,3353.0,68.15,17.95,-11.15,1213574400.0
2008-06-13,442.0,456.0,426.25,430.85,436.5781090463549,4897.0,420.0,2137923.0,1335.0,27.26,29.75,-11.15,1213315200.0
2008-06-12,415.2,444.85,413.0,439.85,428.708614140424,8161.0,402.0,3498691.0,3486.0,42.72,31.85,24.65,1213228800.0
2008-06-11,421.5,432.0,410.35,422.3,420.0121864310148,14032.0,644.0,5893611.0,1965.0,14.0,21.65,0.8,1213142400.0
2008-06-10,431.0,433.0,424.0,425.2,426.11636233440737,11172.0,201.0,4760572.0,8363.0,74.86,9.0,-5.8,1213056000.0
2008-06-09,430.05,432.95,416.0,428.95,425.569635385535,3346.0,270.0,1423956.0,1702.0,50.87,16.95,-1.1,1212969600.0
2008-06-06,460.0,460.0,448.0,449.1,452.2722494109117,5517.0,218.0,2495186.0,2298.0,41.65,12.0,-10.9,1212710400.0
2008-06-05,450.2,452.0,442.6,449.95,449.82651349023854,112637.0,317.0,50667109.0,101067.0,89.73,9.4,-0.25,1212624000.0
2008-06-04,460.0,467.7,451.0,454.95,457.5699293210537,4669.0,235.0,2136394.0,3530.0,75.61,16.7,-5.05,1212537600.0
2008-06-03,470.0,474.75,456.05,463.35,462.7443441477509,26477.0,657.0,12252082.0,17131.0,64.7,18.7,-6.65,1212451200.0
2008-06-02,492.0,493.5,476.5,479.5,486.32195755738417,11545.0,343.0,5614587.0,8838.0,76.55,17.0,-12.5,1212364800.0
2008-05-30,487.0,500.0,478.0,488.95,487.87307343608336,16545.0,648.0,8071860.0,5324.0,32.18,22.0,1.95,1212105600.0
2008-05-29,481.0,493.0,468.05,486.95,480.3698012622007,25511.0,1156.0,12254714.0,9222.0,36.15,24.95,5.95,1212019200.0
2008-05-28,468.0,480.6,453.0,474.05,469.6153606051704,108928.0,444.0,51154262.0,102333.0,93.95,27.6,6.05,1211932800.0
2008-05-27,477.0,481.95,458.05,461.65,466.1158046023944,612290.0,636.0,285398046.0,603003.0,98.48,23.9,-15.35,1211846400.0
2008-05-26,495.0,504.0,470.2,475.25,487.1737049926383,29884.0,1180.0,14558699.0,4440.0,14.86,33.8,-19.75,1211760000.0
2008-05-23,501.0,511.0,487.1,498.7,497.3101972175508,13082.0,481.0,6505812.0,5705.0,43.61,23.9,-2.3,1211500800.0
2008-05-22,490.0,506.7,482.0,498.95,498.1288786192587,21206.0,642.0,10563321.0,7824.0,36.9,24.7,8.95,1211414400.0
2008-05-21,488.0,498.7,485.0,492.0,491.3805588778949,9197.0,190.0,4519227.0,6224.0,67.67,13.7,4.0,1211328000.0
2008-05-20,489.1,497.0,488.1,492.5,491.95765072996767,8973.0,259.0,4414336.0,4828.0,53.81,8.9,3.4,1211241600.0
2008-05-16,492.0,495.0,487.0,490.6,491.1834368914031,10783.0,361.0,5296431.0,5102.0,47.32,8.0,-1.4,1210896000.0
2008-05-15,499.4,499.4,484.1,487.9,490.8992471213463,9032.0,561.0,4433802.0,1991.0,22.04,15.3,-11.5,1210809600.0
2008-05-14,483.0,494.0,476.65,489.85,484.923377229316,105021.0,1010.0,50927138.0,90279.0,85.96,17.35,6.85,1210723200.0
2008-05-13,493.0,505.3,473.0,478.95,495.9471194138798,36989.0,1387.0,18344588.0,7771.0,21.01,32.3,-14.05,1210636800.0
2008-05-12,474.0,492.0,470.0,489.55,480.0123755716976,14868.0,579.0,7136824.0,8533.0,57.39,22.0,15.55,1210550400.0
2008-05-09,460.0,485.0,460.0,480.0,480.0303574806128,10574.0,257.0,5075841.0,8057.0,76.2,25.0,20.0,1210291200.0
2008-05-08,475.0,484.0,473.05,476.8,477.9376677925002,46188.0,490.0,22074985.0,42304.0,91.59,10.95,1.8,1210204800.0
2008-05-07,482.0,488.0,479.95,481.75,481.9371560447364,11266.0,331.0,5429504.0,5673.0,50.36,8.05,-0.25,1210118400.0
2008-05-06,479.0,489.0,471.1,482.1,479.61801889413726,86376.0,1123.0,41427486.0,74352.0,86.08,17.9,3.1,1210032000.0
2008-05-05,508.9,508.9,472.0,480.05,486.53791351753193,64568.0,865.0,31414780.0,52075.0,80.65,36.9,-28.85,1209945600.0
2008-05-02,505.0,511.9,490.0,498.15,504.0584205323972,29339.0,1252.0,14788570.0,7175.0,24.46,21.9,-6.85,1209686400.0
2008-04-30,470.45,510.05,470.0,493.95,484.10657934252777,86574.0,1913.0,41911043.0,49309.0,56.96,40.05,23.5,1209513600.0
2008-04-29,463.0,483.0,457.2,475.2,472.24055612726175,93288.0,3130.0,44054377.0,31053.0,33.29,25.8,12.2,1209427200.0
2008-04-28,455.0,464.0,450.3,457.35,457.1418687297544,95391.0,2523.0,43607220.0,20870.0,21.88,13.7,2.35,1209340800.0
2008-04-25,449.9,455.0,435.0,450.0,444.9467362098941,25308.0,1172.0,11260712.0,10200.0,40.3,20.0,0.1,1209081600.0
2008-04-24,448.9,456.5,435.0,440.15,450.8581445061992,58475.0,1587.0,26363930.0,35230.0,60.25,21.5,-8.75,1208995200.0
2008-04-23,450.0,464.8,432.0,443.65,453.114216472236,108522.0,3423.0,49172861.0,23092.0,21.28,32.8,-6.35,1208908800.0
2008-04-22,449.9,455.0,444.0,447.4,450.3599661685932,17735.0,435.0,7987134.0,12349.0,69.63,11.0,-2.5,1208822400.0
2008-04-21,450.0,462.9,449.05,454.2,454.8303805013743,30197.0,703.0,13734513.0,16566.0,54.86,13.85,4.2,1208736000.0
2008-04-17,440.0,455.0,426.75,444.1,439.3003516243363,71383.0,1394.0,31358577.0,43575.0,61.04,28.25,4.1,1208390400.0
2008-04-16,437.9,437.9,425.0,426.75,430.03967818614007,5469.0,281.0,2351887.0,2335.0,42.7,12.9,-11.15,1208304000.0
2008-04-15,433.0,440.0,420.0,426.25,432.3524576822917,12288.0,496.0,5312747.0,7897.0,64.27,20.0,-6.75,1208217600.0
2008-04-11,429.8,443.0,428.0,437.75,436.24063212412295,45181.0,1153.0,19709788.0,27316.0,60.46,15.0,7.95,1207872000.0
2008-04-10,412.0,436.0,411.95,420.4,427.18358066712045,36725.0,1913.0,15688317.0,8191.0,22.3,24.05,8.4,1207785600.0
2008-04-09,420.0,420.0,396.25,411.25,408.27500490429617,35683.0,554.0,14568477.0,23875.0,66.91,23.75,-8.75,1207699200.0
2008-04-08,402.3,406.0,395.0,400.25,399.3555971702039,9612.0,423.0,3838606.0,4291.0,44.64,11.0,-2.05,1207612800.0
2008-04-07,405.05,417.9,399.0,402.65,407.7862251655629,15100.0,658.0,6157572.0,6145.0,40.7,18.9,-2.4,1207526400.0
2008-04-04,404.0,409.8,402.0,405.0,404.0587157280253,208990.0,351.0,84444231.0,204894.0,98.04,7.8,1.0,1207267200.0
2008-04-03,404.0,409.0,400.2,406.55,405.798588267544,14592.0,476.0,5921413.0,8436.0,57.81,8.8,2.55,1207180800.0
2008-04-02,405.0,423.9,400.25,403.95,410.7096393829223,20354.0,695.0,8359584.0,9130.0,44.86,23.65,-1.05,1207094400.0
2008-04-01,412.0,414.85,395.0,396.35,401.860863198996,28684.0,365.0,11526977.0,23628.0,82.37,19.85,-15.65,1207008000.0
2008-03-31,409.7,416.0,395.0,411.75,407.2712638903313,38516.0,1042.0,15686460.0,22535.0,58.51,21.0,2.05,1206921600.0
2008-03-28,400.0,419.0,400.0,410.95,410.4935939196525,46050.0,1060.0,18903230.0,33828.0,73.46,19.0,10.95,1206662400.0
2008-03-27,394.8,403.0,383.05,396.15,392.0201633791592,25095.0,898.0,9837746.0,13398.0,53.39,19.95,1.35,1206576000.0
2008-03-26,402.0,408.0,382.05,394.3,394.14352493760646,25243.0,1590.0,9949365.0,7012.0,27.78,25.95,-7.7,1206489600.0
2008-03-25,394.85,410.0,380.0,407.65,401.99662938562886,19581.0,1008.0,7871496.0,10401.0,53.12,30.0,12.8,1206403200.0
2008-03-24,411.0,420.0,360.3,386.75,375.4362948472667,46519.0,1921.0,17464921.0,17976.0,38.64,59.7,-24.25,1206316800.0
2008-03-19,436.0,445.0,393.0,405.35,408.89313075112346,70095.0,2517.0,28661364.0,29538.0,42.14,52.0,-30.65,1205884800.0
2008-03-18,426.0,437.9,412.05,427.6,426.93718166383695,42997.0,1423.0,18357018.0,20193.0,46.96,25.85,1.6,1205798400.0
2008-03-17,451.05,456.05,421.05,429.75,437.53289909179966,37767.0,1559.0,16524305.0,16502.0,43.69,35.0,-21.3,1205712000.0
2008-03-14,480.0,499.0,446.25,481.05,463.9261410624975,50786.0,1903.0,23560953.0,25042.0,49.31,52.75,1.05,1205452800.0
2008-03-13,452.0,478.0,434.0,467.25,455.4682427209482,31048.0,2251.0,14141378.0,6189.0,19.93,44.0,15.25,1205366400.0
2008-03-12,495.0,505.0,455.0,466.5,467.36774098457306,40708.0,1275.0,19025606.0,19782.0,48.59,50.0,-28.5,1205280000.0
2008-03-11,434.95,488.0,429.05,480.05,464.2140376755478,32541.0,1204.0,15105989.0,12989.0,39.92,58.95,45.1,1205193600.0
2008-03-10,451.0,451.0,425.15,435.3,438.71514287411634,16833.0,853.0,7384892.0,8298.0,49.3,25.85,-15.7,1205107200.0
2008-03-07,470.0,522.7,435.0,459.95,454.2813125618427,43457.0,1082.0,19741703.0,29570.0,68.04,87.7,-10.05,1204848000.0
2008-03-05,470.05,482.95,461.05,474.15,470.80481003834086,17214.0,872.0,8104434.0,7627.0,44.31,21.9,4.1,1204675200.0
2008-03-04,510.0,574.0,457.95,470.05,480.8019398441934,19383.0,1268.0,9319384.0,6632.0,34.22,116.05,-39.95,1204588800.0
2008-03-03,517.05,524.9,495.0,500.55,511.7516915954416,11232.0,679.0,5747995.0,3594.0,32.0,29.9,-16.5,1204502400.0
2008-02-29,540.0,549.95,528.1,533.45,536.3880337785231,16697.0,749.0,8956071.0,6607.0,39.57,21.85,-6.55,1204243200.0
2008-02-28,549.0,551.0,527.2,540.0,536.4725134145908,28141.0,1475.0,15096873.0,10120.0,35.96,23.8,-9.0,1204156800.0
2008-02-27,520.0,577.0,516.0,546.25,537.8979092702169,76050.0,1813.0,40907136.0,35053.0,46.09,61.0,26.25,1204070400.0
2008-02-26,507.9,520.0,505.1,512.75,511.2514723203769,28866.0,522.0,14757785.0,9684.0,33.55,14.9,4.85,1203984000.0
2008-02-25,518.9,518.9,493.05,502.35,501.6915842299082,55396.0,468.0,27791707.0,47454.0,85.66,25.85,-16.55,1203897600.0
2008-02-22,480.25,501.0,480.0,497.35,496.490596110934,50192.0,647.0,24919856.0,39046.0,77.79,21.0,17.1,1203638400.0
2008-02-21,525.0,525.0,500.0,504.7,509.81101362272,8662.0,503.0,4415983.0,4757.0,54.92,25.0,-20.3,1203552000.0
2008-02-20,492.0,522.0,492.0,507.45,513.4520613045028,8417.0,339.0,4321726.0,6432.0,76.42,30.0,15.45,1203465600.0
2008-02-19,538.95,539.7,525.05,527.4,534.223775742131,14519.0,519.0,7756395.0,7540.0,51.93,14.65,-11.55,1203379200.0
2008-02-18,550.15,554.5,509.0,525.8,530.5648417269989,37846.0,1526.0,20079757.0,18088.0,47.79,45.5,-24.35,1203292800.0
2008-02-15,512.0,559.0,512.0,548.5,549.18782575932,47773.0,1054.0,26236350.0,28402.0,59.45,47.0,36.5,1203033600.0
2008-02-14,519.9,539.0,515.25,535.1,530.9036036036036,14430.0,725.0,7660939.0,7614.0,52.77,23.75,15.2,1202947200.0
2008-02-13,475.0,519.7,465.0,502.8,483.1605013385252,57526.0,1303.0,27794291.0,23384.0,40.65,54.7,27.8,1202860800.0
2008-02-12,496.0,496.0,460.05,480.65,480.8721118594936,11729.0,494.0,5640149.0,5881.0,50.14,35.95,-15.35,1202774400.0
2008-02-11,550.0,550.0,487.0,498.6,500.89925168054793,23653.0,738.0,11847770.0,9567.0,40.45,63.0,-51.4,1202688000.0
2008-02-08,572.0,572.0,516.0,533.85,532.3464759741642,28178.0,541.0,15000459.0,15995.0,56.76,56.0,-38.15,1202428800.0
2008-02-07,579.0,579.0,545.0,547.3,550.8348241061882,76694.0,613.0,42245726.0,59983.0,78.21,34.0,-31.7,1202342400.0
2008-02-06,531.25,565.0,521.15,560.7,555.8183704990829,62154.0,1305.0,34546335.0,30964.0,49.82,43.85,29.45,1202256000.0
2008-02-05,530.0,571.0,514.05,564.5,552.9578690163266,54022.0,1895.0,29871890.0,22311.0,41.3,56.95,34.5,1202169600.0
2008-02-04,494.0,541.0,493.0,527.6,523.957060518732,38170.0,1616.0,19999441.0,10658.0,27.92,48.0,33.6,1202083200.0
2008-02-01,500.0,502.8,478.0,491.9,491.4025296442688,12650.0,767.0,6216242.0,4087.0,32.31,24.8,-8.1,1201824000.0
2008-01-31,493.9,521.0,485.0,497.95,503.62400273535445,17548.0,1157.0,8837594.0,6162.0,35.12,36.0,4.05,1201737600.0
2008-01-30,500.4,512.7,491.0,499.75,499.0728247473503,162280.0,1261.0,80989538.0,145383.0,89.59,21.7,-0.65,1201651200.0
2008-01-29,509.9,518.95,482.05,511.35,507.7559651378768,20997.0,1466.0,10661352.0,6022.0,28.68,36.9,1.45,1201564800.0
2008-01-28,465.0,500.0,465.0,489.85,490.5182953225034,87782.0,885.0,43058677.0,59191.0,67.43,35.0,24.85,1201478400.0
2008-01-25,508.0,508.0,490.0,500.15,499.1854660599771,37581.0,648.0,18759889.0,31194.0,83.0,18.0,-7.85,1201219200.0
2008-01-24,560.0,570.0,460.0,480.35,487.35675742427225,639726.0,1254.0,311774789.0,620574.0,97.01,110.0,-79.65,1201132800.0
2008-01-23,550.0,550.0,462.0,517.65,509.6841363403384,31216.0,901.0,15910300.0,12636.0,40.48,88.0,-32.35,1201046400.0
2008-01-22,498.9,520.0,320.0,508.55,424.3416678421968,85068.0,904.0,36097897.0,61378.0,72.15,200.0,9.65,1200960000.0
2008-01-21,551.3,569.0,475.0,510.95,538.8737324921357,170709.0,3265.0,91990596.0,134799.0,78.96,94.0,-40.35,1200873600.0
2008-01-18,621.7,621.7,568.0,577.5,599.6150174146586,105371.0,2641.0,63182034.0,41834.0,39.7,53.7,-44.2,1200614400.0
2008-01-17,641.0,641.0,616.1,621.7,630.6175131175131,40404.0,1718.0,25479470.0,9324.0,23.08,24.9,-19.3,1200528000.0
2008-01-16,625.0,650.0,604.0,639.6,623.7267126574376,193807.0,4248.0,120882603.0,92902.0,47.94,46.0,14.6,1200441600.0
2008-01-15,664.0,669.0,625.05,631.75,649.1171448293114,215861.0,4042.0,140119076.0,103021.0,47.73,43.95,-32.25,1200355200.0
2008-01-14,655.95,659.0,628.0,643.0,643.462961545234,261242.0,5015.0,168099551.0,118442.0,45.34,31.0,-12.95,1200268800.0
2008-01-11,680.0,680.0,621.0,648.7,644.6436278898914,87114.0,3405.0,56157485.0,23901.0,27.44,59.0,-31.3,1200009600.0
2008-01-10,688.7,694.6,644.0,656.55,660.4454070497983,105847.0,1944.0,69906165.0,71444.0,67.5,50.6,-32.15,1199923200.0
2008-01-09,650.0,700.0,643.0,687.05,676.9537918089626,76718.0,1826.0,51934541.0,20114.0,26.22,57.0,37.05,1199836800.0
2008-01-08,699.2,700.0,640.0,658.15,665.4373688212928,65750.0,1694.0,43752507.0,32643.0,49.65,60.0,-41.05,1199750400.0
2008-01-07,665.1,700.0,665.1,689.2,691.5757885604511,96822.0,1601.0,66959751.0,43249.0,44.67,34.9,24.1,1199664000.0
2008-01-04,670.0,715.0,670.0,700.25,701.7183386689619,484479.0,3029.0,339967799.0,390048.0,80.51,45.0,30.25,1199404800.0
2008-01-03,674.8,687.0,650.0,679.2,674.010832360694,152506.0,3603.0,102790696.0,54960.0,36.04,37.0,4.4,1199318400.0
2008-01-02,648.25,671.7,625.0,660.35,653.2990199236185,217330.0,3629.0,141981476.0,96011.0,44.18,46.7,12.1,1199232000.0
2008-01-01,636.3,643.05,629.1,634.55,635.6902352672453,87560.0,1481.0,55661037.0,45506.0,51.97,13.95,-1.75,1199145600.0
2007-12-31,609.0,636.05,605.0,628.2,627.225065378696,79919.0,2204.0,50127200.0,31885.0,39.9,31.05,19.2,1199059200.0
2007-12-28,605.0,612.9,596.0,607.45,603.1399841550369,16409.0,798.0,9896924.0,7164.0,43.66,16.9,2.45,1198800000.0
2007-12-27,568.25,623.5,561.5,597.6,609.7589686272684,64419.0,905.0,39280063.0,47853.0,74.28,62.0,29.35,1198713600.0
2007-12-26,611.95,620.0,602.05,614.35,611.875545642823,31385.0,619.0,19203714.0,21227.0,67.63,17.95,2.4,1198627200.0
2007-12-24,582.0,606.5,582.0,602.9,597.7286800486618,32880.0,665.0,19653319.0,21185.0,64.43,24.5,20.9,1198454400.0
2007-12-20,575.1,592.0,575.1,584.45,584.2972573019476,79739.0,937.0,46591279.0,65550.0,82.21,16.9,9.35,1198108800.0
2007-12-19,604.0,609.75,571.1,582.15,592.6420349183024,28581.0,1217.0,16938302.0,14991.0,52.45,38.65,-21.85,1198022400.0
2007-12-18,588.0,604.0,575.0,594.5,590.8048261698694,13634.0,825.0,8055033.0,5382.0,39.47,29.0,6.5,1197936000.0
2007-12-17,632.0,632.0,585.0,593.7,608.3839038440234,18054.0,1105.0,10983763.0,10265.0,56.86,47.0,-38.3,1197849600.0
2007-12-14,632.8,639.8,622.15,626.95,632.2521102764656,51652.0,1538.0,32657086.0,21985.0,42.56,17.65,-5.85,1197590400.0
2007-12-13,635.0,635.0,619.0,625.1,628.6402988731014,40820.0,1036.0,25661097.0,22019.0,53.94,16.0,-9.9,1197504000.0
2007-12-12,615.0,635.7,602.55,631.15,629.5066972951986,61816.0,1910.0,38913586.0,27043.0,43.75,33.15,16.15,1197417600.0
2007-12-11,620.0,635.0,610.0,616.75,616.5793678834696,249068.0,1771.0,153570190.0,189074.0,75.91,25.0,-3.25,1197331200.0
2007-12-10,634.0,635.0,614.5,616.95,622.4482474469525,33979.0,989.0,21150169.0,20666.0,60.82,20.5,-17.05,1197244800.0
2007-12-07,626.0,645.0,614.0,629.4,631.4074781837006,169025.0,3402.0,106723649.0,75527.0,44.68,31.0,3.4,1196985600.0
2007-12-06,641.0,644.9,620.0,624.85,633.6629625888137,59394.0,1290.0,37635778.0,24728.0,41.63,24.9,-16.15,1196899200.0
2007-12-05,630.0,637.0,624.0,631.55,631.3489580826796,62337.0,1001.0,39356400.0,28347.0,45.47,13.0,1.55,1196812800.0
2007-12-04,640.0,640.0,621.0,626.95,628.8913127042091,31218.0,793.0,19632729.0,15336.0,49.13,19.0,-13.05,1196726400.0
2007-12-03,644.0,649.9,622.35,629.0,636.8380600412415,74682.0,1821.0,47560340.0,31134.0,41.69,27.55,-15.0,1196640000.0
2007-11-30,599.0,636.0,596.15,626.85,614.3020892674978,75481.0,2732.0,46368136.0,34639.0,45.89,39.85,27.85,1196380800.0
2007-11-29,599.0,600.0,565.0,586.5,580.7223948037278,53115.0,1661.0,30845070.0,22541.0,42.44,35.0,-12.5,1196294400.0
2007-11-28,604.9,607.0,579.0,582.1,594.0928360170884,24344.0,1429.0,14462596.0,8209.0,33.72,28.0,-22.8,1196208000.0
2007-11-27,609.8,609.8,575.0,594.45,595.9290700292727,17764.0,809.0,10586084.0,4785.0,26.94,34.8,-15.35,1196121600.0
2007-11-26,608.0,616.0,596.0,607.4,605.4559430604983,42150.0,2020.0,25519968.0,13229.0,31.39,20.0,-0.6,1196035200.0
2007-11-23,595.0,610.0,581.0,590.05,591.9718676027272,98854.0,3213.0,58518787.0,40605.0,41.08,29.0,-4.95,1195776000.0
2007-11-22,601.95,601.95,523.0,568.8,553.6759717360133,77413.0,2423.0,42861718.0,39404.0,50.9,78.95,-33.15,1195689600.0
2007-11-21,635.95,640.0,577.0,593.1,598.6062390323845,68953.0,2107.0,41275696.0,45618.0,66.16,63.0,-42.85,1195603200.0
2007-11-20,635.0,654.0,620.1,626.7,649.1397392097057,469496.0,2111.0,304768511.0,433158.0,92.26,33.9,-8.3,1195516800.0
2007-11-19,642.85,654.4,634.0,635.85,642.7710648075289,63542.0,1351.0,40842959.0,37042.0,58.3,20.4,-7.0,1195430400.0
2007-11-16,662.0,672.0,625.0,630.9,652.165360148757,204360.0,4756.0,133276513.0,100117.0,48.99,47.0,-31.1,1195171200.0
2007-11-15,640.0,667.9,632.2,658.25,650.5743296990324,505370.0,4482.0,328780749.0,394363.0,78.03,35.7,18.25,1195084800.0
2007-11-14,581.15,626.7,575.0,618.7,607.0638118782352,301762.0,5563.0,183188790.0,132160.0,43.8,51.7,37.55,1194998400.0
2007-11-13,569.0,578.5,562.0,571.0,570.6512611448079,150855.0,1324.0,86085596.0,113777.0,75.42,16.5,2.0,1194912000.0
2007-11-12,555.0,568.9,549.0,564.65,557.9518707625344,11947.0,570.0,6665851.0,3238.0,27.1,19.9,9.65,1194825600.0
2007-11-09,590.0,590.0,556.0,565.2,567.7004137931034,3625.0,241.0,2057914.0,1938.0,53.46,34.0,-24.8,1194566400.0
2007-11-08,565.95,581.0,565.95,568.6,571.686483506386,10883.0,490.0,6221664.0,4849.0,44.56,15.05,2.65,1194480000.0
2007-11-07,594.0,599.0,565.0,569.95,574.5191483141688,20524.0,692.0,11791431.0,9420.0,45.9,34.0,-24.05,1194393600.0
2007-11-06,585.0,604.0,570.0,576.65,589.2635069119633,96210.0,2705.0,56693042.0,30801.0,32.01,34.0,-8.35,1194307200.0
2007-11-05,590.4,593.95,568.0,572.2,585.5451985356237,49714.0,1274.0,29109794.0,27861.0,56.04,25.95,-18.2,1194220800.0
2007-11-02,579.0,592.0,555.4,587.05,578.6464848477128,78503.0,1346.0,45425485.0,52813.0,67.28,36.6,8.05,1193961600.0
2007-11-01,590.0,598.5,565.0,577.65,577.6672628639404,118529.0,2053.0,68470323.0,84306.0,71.13,33.5,-12.35,1193875200.0
2007-10-31,585.0,596.0,574.0,582.6,587.3163588892817,183845.0,4840.0,107975176.0,89688.0,48.78,22.0,-2.4,1193788800.0
2007-10-30,564.0,589.0,554.0,577.85,574.095312767549,110961.0,3250.0,63702190.0,36964.0,33.31,35.0,13.85,1193702400.0
2007-10-29,562.4,576.0,560.0,562.55,565.0216841888433,126221.0,2342.0,71317602.0,59056.0,46.79,16.0,0.15,1193616000.0
2007-10-26,541.0,560.0,534.05,552.35,550.2301761395537,153174.0,3604.0,84280957.0,39845.0,26.01,25.95,11.35,1193356800.0
2007-10-25,540.0,542.8,528.0,532.3,537.363485286222,39113.0,1335.0,21017898.0,11890.0,30.4,14.8,-7.7,1193270400.0
2007-10-24,534.25,544.4,527.0,529.55,535.9216215159689,51162.0,1759.0,27418822.0,12964.0,25.34,17.4,-4.7,1193184000.0
2007-10-23,520.0,539.4,519.0,526.85,530.0335952793387,142014.0,3157.0,75272191.0,58208.0,40.99,20.4,6.85,1193097600.0
2007-10-22,499.0,540.0,499.0,515.0,517.7025681447648,148434.0,3471.0,76844663.0,91701.0,61.78,41.0,16.0,1193011200.0
2007-10-19,525.0,537.0,497.1,514.35,517.4243921401433,159494.0,1562.0,82526086.0,130736.0,81.97,39.9,-10.65,1192752000.0
2007-10-18,578.0,593.5,518.0,544.55,576.1207408994148,149386.0,3743.0,86064373.0,79465.0,53.19,75.5,-33.45,1192665600.0
2007-10-17,556.25,597.0,495.0,577.0,555.800936925028,223924.0,4965.0,124457169.0,96964.0,43.3,102.0,20.75,1192579200.0
2007-10-16,580.5,613.0,571.0,596.65,596.4007305692193,419399.0,10192.0,250129870.0,77294.0,18.43,42.0,16.15,1192492800.0
2007-10-15,563.0,585.9,563.0,575.2,575.8129238643634,93780.0,1835.0,53999736.0,45724.0,48.76,22.9,12.2,1192406400.0
2007-10-12,570.0,585.0,552.0,562.0,570.7268794012383,232747.0,3876.0,132834969.0,113715.0,48.86,33.0,-8.0,1192147200.0
2007-10-11,569.0,579.0,556.25,569.65,570.6506247450966,80913.0,2354.0,46173054.0,21441.0,26.5,22.75,0.65,1192060800.0
2007-10-10,562.0,579.0,540.0,559.6,568.4151594337909,126667.0,3084.0,71999443.0,63133.0,49.84,39.0,-2.4,1191974400.0
2007-10-09,525.05,562.0,525.05,556.5,547.2091668669505,212199.0,3602.0,116117238.0,127866.0,60.26,36.95,31.45,1191888000.0
2007-10-08,568.95,573.9,532.05,547.75,541.1308541376515,96214.0,2202.0,52064364.0,65014.0,67.57,41.85,-21.2,1191801600.0
2007-10-05,595.0,598.9,560.1,566.0,573.9208653445297,201492.0,3523.0,115640463.0,112446.0,55.81,38.8,-29.0,1191542400.0
2007-10-04,551.0,596.6,545.0,588.1,574.8430462989616,1354890.0,8416.0,778849095.0,1084887.0,80.07,51.6,37.1,1191456000.0
2007-10-03,515.3,545.0,501.0,541.1,531.2189791236053,343019.0,4867.0,182218203.0,186194.0,54.28,44.0,25.8,1191369600.0
2007-10-01,492.55,516.0,488.25,508.15,505.73131254391694,82542.0,1767.0,41744074.0,29300.0,35.5,27.75,15.6,1191196800.0
2007-09-28,485.9,492.8,481.2,487.15,487.0599934522835,12218.0,493.0,5950899.0,4781.0,39.13,11.6,1.25,1190937600.0
2007-09-27,498.45,498.45,481.0,485.15,486.27495967517655,35958.0,690.0,17485475.0,24725.0,68.76,17.45,-13.3,1190851200.0
2007-09-26,499.8,507.0,489.0,491.95,499.9027052878917,48091.0,823.0,24040821.0,27444.0,57.07,18.0,-7.85,1190764800.0
2007-09-25,516.5,520.0,490.0,493.85,501.4357028973555,36378.0,960.0,18241228.0,12935.0,35.56,30.0,-22.65,1190678400.0
2007-09-24,512.0,522.0,501.0,513.9,514.714801580788,158402.0,2611.0,81531854.0,72754.0,45.93,21.0,1.9,1190592000.0
2007-09-21,508.0,514.65,499.0,505.4,507.9444742442096,227444.0,2566.0,115528923.0,166591.0,73.24,15.65,-2.6,1190332800.0
2007-09-20,495.0,508.0,490.05,504.85,501.2246734511624,101899.0,2702.0,51074293.0,39788.0,39.05,17.95,9.85,1190246400.0
2007-09-19,488.0,499.0,479.1,490.65,490.4130025011781,55174.0,1652.0,27058047.0,15909.0,28.83,19.9,2.65,1190160000.0
2007-09-18,473.0,481.8,473.0,477.8,478.52683706070286,12520.0,439.0,5991156.0,2571.0,20.54,8.8,4.8,1190073600.0
2007-09-17,491.0,491.0,472.05,474.3,479.7126436781609,39063.0,1091.0,18739015.0,19071.0,48.82,18.95,-16.7,1189987200.0
2007-09-14,489.3,496.0,477.0,483.95,489.9907045990285,104783.0,2899.0,51342696.0,50858.0,48.54,19.0,-5.35,1189728000.0
2007-09-13,477.0,485.95,473.1,482.15,481.603817529113,57105.0,1835.0,27501986.0,12745.0,22.32,12.85,5.15,1189641600.0
2007-09-12,477.0,484.95,470.1,473.2,477.85689745563246,89649.0,2259.0,42839393.0,37716.0,42.07,14.85,-3.8,1189555200.0
2007-09-11,464.05,481.7,464.05,472.85,475.14751240974726,177280.0,2783.0,84234151.0,86828.0,48.98,17.65,8.8,1189468800.0
2007-09-10,440.0,466.75,440.0,460.05,460.3433090035381,440338.0,1002.0,202706652.0,424083.0,96.31,26.75,20.05,1189382400.0
2007-09-07,468.9,475.0,455.6,458.45,464.9602608067569,307354.0,1143.0,142907396.0,285200.0,92.79,19.4,-10.45,1189123200.0
2007-09-06,463.0,467.5,460.0,464.9,462.20720752933966,391535.0,1080.0,180970299.0,370672.0,94.67,7.5,1.9,1189036800.0
2007-09-05,474.4,476.5,456.5,460.25,469.3915611464572,96506.0,1579.0,45299102.0,52440.0,54.34,20.0,-14.15,1188950400.0
2007-09-04,470.1,475.0,458.0,468.35,467.9293305728088,50715.0,1398.0,23731036.0,18952.0,37.37,17.0,-1.75,1188864000.0
2007-09-03,490.0,490.0,462.0,465.3,469.18169912786647,35889.0,1073.0,16838462.0,12733.0,35.48,28.0,-24.7,1188777600.0
2007-08-31,451.0,471.0,451.0,466.7,462.45579466542335,40753.0,1305.0,18846461.0,16859.0,41.37,20.0,15.7,1188518400.0
2007-08-30,459.9,459.9,447.0,450.45,453.1985589648074,40804.0,816.0,18492314.0,27053.0,66.3,12.9,-9.45,1188432000.0
2007-08-29,444.5,450.0,433.5,448.05,443.28968440885535,10615.0,488.0,4705520.0,4982.0,46.93,16.5,3.55,1188345600.0
2007-08-28,450.0,455.0,444.25,448.25,449.74914180089775,22722.0,663.0,10219200.0,14423.0,63.48,10.75,-1.75,1188259200.0
2007-08-27,443.0,456.7,439.0,448.35,449.4119420578968,44113.0,1197.0,19824909.0,18283.0,41.45,17.7,5.35,1188172800.0
2007-08-24,436.5,439.65,423.0,434.0,431.64366847102673,22538.0,794.0,9728385.0,13724.0,60.89,16.65,-2.5,1187913600.0
2007-08-23,441.0,445.0,420.0,422.95,433.3897354320161,11944.0,667.0,5176407.0,4612.0,38.61,25.0,-18.05,1187827200.0
2007-08-22,431.5,440.8,427.05,436.15,435.0663782100604,220946.0,904.0,96126176.0,205434.0,92.98,13.75,4.65,1187740800.0
2007-08-21,443.35,446.0,425.05,429.6,434.82868171021374,10104.0,595.0,4393509.0,3400.0,33.65,20.95,-13.75,1187654400.0
2007-08-20,454.9,454.9,441.0,442.75,445.4440347071584,23050.0,730.0,10267485.0,9955.0,43.19,13.9,-12.15,1187568000.0
2007-08-17,444.9,445.0,411.1,433.7,434.8590862259179,109677.0,1581.0,47694040.0,78409.0,71.49,33.9,-11.2,1187308800.0
2007-08-16,426.0,447.95,425.0,440.0,440.7331771867928,101187.0,1351.0,44596468.0,74809.0,73.93,22.95,14.0,1187222400.0
2007-08-14,470.0,474.0,459.0,462.45,468.9634049952577,88564.0,2037.0,41533275.0,36092.0,40.75,15.0,-7.55,1187049600.0
2007-08-13,453.9,468.0,450.1,465.5,464.2818942184416,49139.0,1117.0,22814348.0,23217.0,47.25,17.9,11.6,1186963200.0
2007-08-10,432.0,455.0,432.0,449.1,448.51722262509054,16548.0,954.0,7422063.0,3505.0,21.18,23.0,17.1,1186704000.0
2007-08-09,474.1,480.0,456.1,459.95,471.2461645530467,64660.0,1090.0,30470777.0,32229.0,49.84,23.9,-14.15,1186617600.0
2007-08-08,468.1,471.0,450.0,468.15,465.1188928571429,28000.0,1381.0,13023329.0,6005.0,21.45,21.0,0.05,1186531200.0
2007-08-07,467.0,471.0,450.15,454.85,464.63107050463367,30537.0,1131.0,14188439.0,10875.0,35.61,20.85,-12.15,1186444800.0
2007-08-06,454.5,462.9,446.05,460.95,455.6064405813622,17545.0,971.0,7993615.0,5195.0,29.61,16.85,6.45,1186358400.0
2007-08-03,454.75,475.0,454.0,463.0,464.8338824144087,68903.0,1769.0,32028449.0,12640.0,18.34,21.0,8.25,1186099200.0
2007-08-02,448.0,467.8,441.25,445.1,455.4255240549828,116400.0,2763.0,53011531.0,61530.0,52.86,26.55,-2.9,1186012800.0
