Date,Open Price,High Price,Low Price,Close Price,WAP,No.of Shares,No. of Trades,Total Turnover (Rs.),Deliverable Quantity,% Deli. Qty to Traded Qty,Spread High-Low,Spread Close-Open,Unix Date
2021-05-06,67.0,80.4,66.85,80.4,77.2655159151039,85799.0,1820.0,6629304.0,42149.0,49.13,13.550000000000011,13.400000000000006,1620259200.0
2021-05-05,68.0,68.25,66.0,67.0,67.37078651685393,356.0,74.0,23984.0,285.0,80.06,2.25,-1.0,1620153000.0
2021-05-04,65.1,69.4,65.1,67.45,68.18460710441335,3716.0,149.0,253374.0,1882.0,50.65,4.300000000000011,2.3500000000000085,1620086400.0
2021-05-03,69.45,70.2,65.05,67.2,67.515,4000.0,156.0,270060.0,3003.0,75.08,5.15,-2.25,1620000000.0
2021-04-30,68.1,70.0,66.35,68.75,68.1009125067096,1863.0,131.0,126872.0,1625.0,87.22,3.65,0.65,1619740800.0
2021-04-29,71.45,72.05,68.5,69.1,71.20643642072214,10192.0,267.0,725736.0,3023.0,29.66,3.55,-2.35,1619654400.0
2021-04-28,69.95,73.0,66.9,70.8,70.83353605560383,17265.0,430.0,1222941.0,5595.0,32.41,6.1,0.85,1619568000.0
2021-04-27,72.4,74.4,68.0,68.3,70.73747914807774,25777.0,523.0,1823400.0,9717.0,37.7,6.4,-4.1,1619481600.0
2021-04-26,54.35,69.2,54.35,69.2,65.93995557406636,14406.0,146.0,949931.0,9917.0,68.84,14.85,14.85,1619395200.0
2021-04-23,57.4,58.05,57.0,57.7,57.20092378752887,1299.0,68.0,74304.0,1264.0,97.31,1.05,0.3,1619136000.0
2021-04-22,55.85,59.0,53.85,56.75,56.14011496612605,9742.0,273.0,546917.0,2730.0,28.02,5.15,0.9,1619049600.0
2021-04-20,56.6,57.4,56.45,56.9,56.81495327102804,1070.0,36.0,60792.0,1056.0,98.69,0.95,0.3,1618876800.0
2021-04-19,56.5,56.75,54.15,54.5,55.75834879406308,4312.0,116.0,240430.0,1996.0,46.29,2.6,-2.0,1618790400.0
2021-04-16,56.9,59.3,56.9,58.0,58.6496062992126,508.0,30.0,29794.0,261.0,51.38,2.4,1.1,1618531200.0
2021-04-15,57.8,58.0,54.0,58.0,56.49202127659574,376.0,22.0,21241.0,339.0,90.16,4.0,0.2,1618444800.0
2021-04-13,57.05,57.1,57.05,57.1,57.05555555555556,18.0,5.0,1027.0,18.0,100.0,0.05,0.05,1618272000.0
2021-04-12,59.0,59.0,55.8,57.0,56.13253012048193,1162.0,22.0,65226.0,1100.0,94.66,3.2,-2.0,1618185600.0
2021-04-09,59.45,60.0,59.2,60.0,59.79212253829321,914.0,31.0,54650.0,804.0,87.96,0.8,0.55,1617926400.0
2021-04-08,59.85,60.35,57.3,59.0,59.56195357250528,3317.0,105.0,197567.0,574.0,17.3,3.05,-0.85,1617840000.0
2021-04-07,59.3,60.75,58.0,60.0,59.237949502677886,3921.0,104.0,232272.0,1807.0,46.09,2.75,0.7,1617753600.0
2021-04-06,59.5,60.0,57.75,58.05,58.908745698350536,8427.0,112.0,496424.0,4904.0,58.19,2.25,-1.45,1617667200.0
2021-04-05,60.5,64.9,57.5,58.8,60.24018860074886,7211.0,147.0,434392.0,1876.0,26.02,7.4,-1.7,1617580800.0
2021-04-01,59.45,60.4,58.2,60.35,59.64805360561583,6268.0,77.0,373874.0,1380.0,22.02,2.2,0.9,1617235200.0
2021-03-31,62.35,62.35,56.4,57.4,57.45,2080.0,69.0,119496.0,1633.0,78.51,5.95,-4.95,1617148800.0
2021-03-30,60.6,60.6,58.0,58.1,58.17837078651685,712.0,32.0,41423.0,586.0,82.3,2.6,-2.5,1617062400.0
2021-03-26,59.3,62.6,57.1,58.5,60.32546439628482,7752.0,136.0,467643.0,2816.0,36.33,5.5,-0.8,1616716800.0
2021-03-25,60.9,60.9,58.5,59.5,59.92660550458716,109.0,7.0,6532.0,107.0,98.17,2.4,-1.4,1616630400.0
2021-03-24,61.95,63.0,61.0,61.05,61.54094827586207,464.0,17.0,28555.0,415.0,89.44,2.0,-0.9,1616544000.0
2021-03-23,62.55,64.1,57.25,61.9,61.542174549000485,4102.0,92.0,252446.0,886.0,21.6,6.85,-0.65,1616457600.0
2021-03-22,60.05,61.7,59.45,60.9,61.12593548387097,3875.0,69.0,236863.0,673.0,17.37,2.25,0.85,1616371200.0
2021-03-19,58.5,61.2,58.25,60.15,59.02942487739634,2243.0,61.0,132403.0,2023.0,90.19,2.95,1.65,1616112000.0
2021-03-18,62.85,63.85,59.0,60.5,61.279989591465,7686.0,161.0,470998.0,2602.0,33.85,4.85,-2.35,1616025600.0
2021-03-17,64.25,64.25,61.6,61.6,63.30482069370959,3402.0,66.0,215363.0,1756.0,51.62,2.65,-2.65,1615939200.0
2021-03-16,64.55,64.75,63.0,63.15,63.175648702594806,501.0,20.0,31651.0,484.0,96.61,1.75,-1.4,1615852800.0
2021-03-15,67.05,67.05,63.6,63.6,63.940170940170944,351.0,21.0,22443.0,341.0,97.15,3.45,-3.45,1615766400.0
2021-03-12,65.7,67.5,65.35,65.35,66.53458498023716,5060.0,139.0,336665.0,1027.0,20.3,2.15,-0.35,1615507200.0
2021-03-10,65.45,66.75,65.45,66.05,65.90592334494774,287.0,37.0,18915.0,244.0,85.02,1.3,0.6,1615334400.0
2021-03-09,65.1,67.2,65.1,65.65,66.12919186366135,1819.0,75.0,120289.0,1606.0,88.29,2.1,0.55,1615248000.0
2021-03-08,66.75,68.35,64.0,65.85,67.08420851632614,5237.0,119.0,351320.0,1978.0,37.77,4.35,-0.9,1615161600.0
2021-03-05,69.65,69.65,68.05,68.15,68.82212257100149,1338.0,52.0,92084.0,1208.0,90.28,1.6,-1.5,1614902400.0
2021-03-04,67.3,69.0,67.3,68.55,68.15335463258785,5947.0,78.0,405308.0,2079.0,34.96,1.7,1.25,1614816000.0
2021-03-03,68.6,70.1,67.7,67.95,68.13349514563106,1236.0,65.0,84213.0,787.0,63.67,2.4,-0.65,1614729600.0
2021-03-02,68.6,70.0,67.45,68.1,69.07567567567568,555.0,38.0,38337.0,341.0,61.44,2.55,-0.5,1614643200.0
2021-03-01,67.05,68.2,67.05,67.8,67.91232118135672,2167.0,68.0,147166.0,802.0,37.01,1.15,0.75,1614556800.0
2021-02-26,67.0,68.3,66.0,66.6,67.0549988866622,4491.0,120.0,301144.0,3367.0,74.97,2.3,-0.4,1614297600.0
2021-02-25,66.9,70.55,66.3,69.5,68.66549604916594,4556.0,202.0,312840.0,3153.0,69.21,4.25,2.6,1614211200.0
2021-02-24,63.85,67.0,63.5,65.05,66.0492371705964,2884.0,56.0,190486.0,2544.0,88.21,3.5,1.2,1614124800.0
2021-02-23,63.0,64.2,62.45,63.95,63.58168058455114,11496.0,285.0,730935.0,8988.0,78.18,1.75,0.95,1614038400.0
2021-02-22,70.75,70.75,60.3,62.75,64.31456354590682,4422.0,117.0,284399.0,4188.0,94.71,10.45,-8.0,1613952000.0
2021-02-19,73.0,73.6,70.75,71.0,72.25020112630733,1243.0,74.0,89807.0,864.0,69.51,2.85,-2.0,1613692800.0
2021-02-18,71.55,73.3,70.35,72.7,71.37788505053553,6629.0,106.0,473164.0,1688.0,25.46,2.95,1.15,1613606400.0
2021-02-17,72.75,73.25,71.55,71.65,72.19565217391305,184.0,18.0,13284.0,120.0,65.22,1.7,-1.1,1613520000.0
2021-02-16,72.6,72.75,71.55,72.5,72.28592321755028,5470.0,64.0,395404.0,1949.0,35.63,1.2,-0.1,1613433600.0
2021-02-15,74.2,74.95,72.65,73.05,73.40828025477707,1570.0,24.0,115251.0,1360.0,86.62,2.3,-1.15,1613347200.0
2021-02-12,74.0,74.95,73.0,73.25,73.45677233429396,694.0,17.0,50979.0,691.0,99.57,1.95,-0.75,1613088000.0
2021-02-11,71.3,75.15,71.25,73.5,74.04168352893565,2471.0,74.0,182957.0,1710.0,69.2,3.9,2.2,1613001600.0
2021-02-10,74.2,74.2,73.6,73.7,74.0,544.0,37.0,40256.0,544.0,100.0,0.6,-0.5,1612915200.0
2021-02-09,74.7,74.7,73.0,73.9,73.2846715328467,1370.0,99.0,100400.0,1253.0,91.46,1.7,-0.8,1612828800.0
2021-02-08,73.85,75.7,73.65,73.8,74.46608488694962,5042.0,103.0,375458.0,2105.0,41.75,2.05,-0.05,1612742400.0
2021-02-05,75.4,75.4,74.0,74.0,74.14792899408285,169.0,5.0,12531.0,169.0,100.0,1.4,-1.4,1612483200.0
2021-02-04,75.7,76.8,75.7,76.2,76.25815217391305,4048.0,63.0,308693.0,848.0,20.95,1.1,0.5,1612396800.0
2021-02-03,72.9,78.85,72.9,75.4,77.11342097217975,3271.0,137.0,252238.0,1616.0,49.4,5.95,2.5,1612310400.0
2021-02-02,72.8,76.45,72.8,73.2,74.0948558920102,5482.0,164.0,406188.0,1297.0,23.66,3.65,0.4,1612224000.0
2021-02-01,73.0,73.0,69.25,69.75,70.26673905175534,2763.0,125.0,194147.0,1827.0,66.12,3.75,-3.25,1612137600.0
2021-01-29,73.65,73.65,70.9,70.9,73.18483412322276,633.0,23.0,46326.0,594.0,93.84,2.75,-2.75,1611878400.0
2021-01-28,69.2,79.9,69.2,74.0,73.58804290947148,7644.0,278.0,562507.0,1275.0,16.68,10.7,4.8,1611792000.0
2021-01-27,72.05,74.7,65.05,74.45,73.726923748037,5731.0,93.0,422529.0,957.0,16.7,9.65,2.4,1611705600.0
2021-01-25,76.0,76.45,72.0,72.35,72.93732387523079,10291.0,215.0,750598.0,7344.0,71.36,4.45,-3.65,1611532800.0
2021-01-22,76.85,81.4,73.0,76.2,76.09503301751363,6966.0,223.0,530078.0,4662.0,66.92,8.4,-0.65,1611273600.0
2021-01-21,81.0,81.0,77.6,78.35,78.5115224782773,2647.0,74.0,207820.0,2175.0,82.17,3.4,-2.65,1611187200.0
2021-01-20,83.75,88.0,80.55,80.7,82.86319914499465,5614.0,392.0,465194.0,2844.0,50.66,7.45,-3.05,1611100800.0
2021-01-19,78.0,84.9,78.0,82.0,81.68255295429208,7176.0,288.0,586154.0,3677.0,51.24,6.9,4.0,1611014400.0
2021-01-18,84.85,86.0,80.0,81.3,82.24563309653155,11965.0,438.0,984069.0,7583.0,63.38,6.0,-3.55,1610928000.0
2021-01-15,89.0,93.45,81.55,85.45,88.24466274752476,51712.0,1906.0,4563308.0,24215.0,46.83,11.9,-3.55,1610668800.0
2021-01-14,74.25,88.0,71.55,83.5,80.65845388788425,26544.0,889.0,2140998.0,18708.0,70.48,16.45,9.25,1610582400.0
2021-01-13,75.25,76.55,73.7,73.9,74.5027770063871,7202.0,252.0,536569.0,6558.0,91.06,2.85,-1.35,1610496000.0
2021-01-12,81.75,81.75,72.0,74.95,75.0111111111111,900.0,29.0,67510.0,622.0,69.11,9.75,-6.8,1610409600.0
2021-01-11,73.9,79.75,73.9,75.4,77.0456667515491,11781.0,533.0,907675.0,6514.0,55.29,5.85,1.5,1610323200.0
2021-01-08,78.8,82.1,77.85,78.25,79.56497713414633,10496.0,627.0,835114.0,3407.0,32.46,4.25,-0.55,1610064000.0
2021-01-07,81.3,81.3,77.7,78.1,79.30048106574564,8107.0,206.0,642889.0,3086.0,38.07,3.6,-3.2,1609977600.0
2021-01-06,79.2,80.3,78.25,80.1,79.51291079812206,852.0,80.0,67745.0,454.0,53.29,2.05,0.9,1609891200.0
2021-01-05,79.6,79.6,79.0,79.0,79.25700164744644,607.0,34.0,48109.0,536.0,88.3,0.6,-0.6,1609804800.0
2021-01-04,80.45,83.3,78.6,80.8,81.42036958668358,7089.0,212.0,577189.0,4095.0,57.77,4.7,0.35,1609718400.0
2021-01-01,78.4,81.15,78.4,78.4,79.63483809974002,4231.0,122.0,336935.0,2601.0,61.47,2.75,0.0,1609459200.0
2020-12-31,75.35,79.45,74.95,75.35,76.70235254006137,5866.0,174.0,449936.0,2045.0,34.86,4.5,0.0,1609372800.0
2020-12-30,72.75,79.0,72.75,75.85,76.56910220698522,4667.0,203.0,357348.0,2595.0,55.6,6.25,3.1,1609286400.0
2020-12-29,73.8,74.75,72.0,72.0,73.72748815165875,422.0,18.0,31113.0,409.0,96.92,2.75,-1.8,1609200000.0
2020-12-28,73.3,74.05,72.0,72.2,72.71397849462365,465.0,39.0,33812.0,403.0,86.67,2.05,-1.1,1609113600.0
2020-12-24,76.0,76.0,71.65,72.95,73.54164383561645,3650.0,112.0,268427.0,2985.0,81.78,4.35,-3.05,1608768000.0
2020-12-23,73.2,74.95,72.6,73.85,73.90193201271704,4089.0,292.0,302185.0,1881.0,46.0,2.35,0.65,1608681600.0
2020-12-22,69.95,73.55,68.4,73.35,70.54906054279749,958.0,102.0,67586.0,439.0,45.82,5.15,3.4,1608595200.0
2020-12-21,75.8,79.0,71.25,71.3,76.45793070940371,4243.0,165.0,324411.0,2616.0,61.65,7.75,-4.5,1608508800.0
2020-12-18,76.5,76.5,73.9,74.85,74.73326689918618,6021.0,148.0,449969.0,1733.0,28.78,2.6,-1.65,1608249600.0
2020-12-17,83.4,83.4,76.65,77.6,80.30937373503731,17293.0,266.0,1388790.0,12771.0,73.85,6.75,-5.8,1608163200.0
2020-12-16,78.9,87.75,77.7,81.4,85.42465357967667,65816.0,1141.0,5622309.0,22151.0,33.66,10.05,2.5,1608076800.0
2020-12-15,74.55,75.0,73.15,73.15,74.1717382242601,2399.0,137.0,177938.0,2378.0,99.12,1.85,-1.4,1607990400.0
2020-12-14,73.05,76.4,70.0,75.6,73.11297477127806,7214.0,198.0,527437.0,5294.0,73.38,6.4,2.55,1607904000.0
2020-12-11,70.85,75.45,67.0,73.1,73.64393296563428,9428.0,255.0,694315.0,3532.0,37.46,8.45,2.25,1607644800.0
2020-12-10,68.5,69.85,67.4,69.0,68.87846324344292,5414.0,107.0,372908.0,1619.0,29.9,2.45,0.5,1607558400.0
2020-12-09,71.25,71.25,69.6,70.0,70.23274853801169,855.0,32.0,60049.0,685.0,80.12,1.65,-1.25,1607472000.0
2020-12-08,71.4,73.0,69.05,69.75,71.50757814966846,6334.0,174.0,452929.0,1695.0,26.76,3.95,-1.65,1607385600.0
2020-12-07,72.7,74.0,70.9,71.3,72.67303054662379,4976.0,110.0,361621.0,1747.0,35.11,3.1,-1.4,1607299200.0
2020-12-04,73.45,73.85,71.15,72.5,72.48797038864898,1621.0,65.0,117503.0,1062.0,65.52,2.7,-0.95,1607040000.0
2020-12-03,73.0,73.75,72.45,72.5,73.28752535496957,1972.0,113.0,144523.0,1107.0,56.14,1.3,-0.5,1606953600.0
2020-12-02,72.2,72.75,71.25,72.55,72.00923076923077,325.0,9.0,23403.0,300.0,92.31,1.5,0.35,1606867200.0
2020-12-01,72.65,73.75,70.45,72.2,71.8500837520938,2388.0,66.0,171578.0,2152.0,90.12,3.3,-0.45,1606780800.0
2020-11-27,75.05,76.0,72.6,73.9,74.27860696517413,2211.0,60.0,164230.0,1370.0,61.96,3.4,-1.15,1606435200.0
2020-11-26,72.05,75.0,71.45,74.5,73.5712815234174,1943.0,89.0,142949.0,1048.0,53.94,3.55,2.45,1606348800.0
2020-11-25,77.25,78.7,72.85,73.45,74.62079510703364,5232.0,157.0,390416.0,3357.0,64.16,5.85,-3.8,1606262400.0
2020-11-24,78.15,80.45,76.85,77.6,79.47521246458923,8472.0,142.0,673314.0,6044.0,71.34,3.6,-0.55,1606176000.0
2020-11-23,78.0,82.3,77.45,78.15,80.01142137308419,23815.0,647.0,1905472.0,11903.0,49.98,4.85,0.15,1606089600.0
2020-11-20,77.0,83.9,75.95,76.75,80.10633532423208,46880.0,1250.0,3755385.0,33626.0,71.73,7.95,-0.25,1605830400.0
2020-11-19,62.95,76.65,62.55,76.3,73.50393438989249,54138.0,1177.0,3979356.0,34210.0,63.19,14.1,13.35,1605744000.0
2020-11-18,59.9,63.9,59.6,63.9,61.11276690391459,4496.0,80.0,274763.0,943.0,20.97,4.3,4.0,1605657600.0
2020-11-17,60.0,64.95,60.0,60.5,61.67739575713241,10936.0,274.0,674504.0,2701.0,24.7,4.95,0.5,1605571200.0
2020-11-14,59.5,61.5,59.5,61.5,59.98470948012232,1308.0,41.0,78460.0,1215.0,92.89,2.0,2.0,1605312000.0
2020-11-13,60.95,63.5,59.3,59.6,62.20015760441292,3807.0,132.0,236796.0,1737.0,45.63,4.2,-1.35,1605225600.0
2020-11-12,58.6,65.2,58.55,60.75,61.84644299039399,7183.0,254.0,444243.0,3827.0,53.28,6.65,2.15,1605139200.0
2020-11-11,61.25,61.45,57.55,60.25,59.71139111186786,5873.0,216.0,350685.0,3013.0,51.3,3.9,-1.0,1605052800.0
2020-11-10,62.5,64.4,59.35,60.85,62.45167994457914,5774.0,197.0,360596.0,1773.0,30.71,5.05,-1.65,1604966400.0
2020-11-09,66.75,66.95,63.0,63.2,64.29989094874591,1834.0,81.0,117926.0,1259.0,68.65,3.95,-3.55,1604880000.0
2020-11-06,62.5,66.55,62.4,64.5,64.03082959641256,10704.0,321.0,685386.0,2932.0,27.39,4.15,2.0,1604620800.0
2020-11-05,58.0,68.05,57.5,62.15,64.31761042823616,43037.0,1102.0,2768037.0,10558.0,24.53,10.55,4.15,1604534400.0
2020-11-04,57.35,60.8,56.05,59.65,58.17986554238833,17552.0,221.0,1021173.0,2549.0,14.52,4.75,2.3,1604448000.0
2020-11-03,52.0,61.95,52.0,57.9,58.35561106659753,21217.0,757.0,1238131.0,6648.0,31.33,9.95,5.9,1604361600.0
2020-11-02,53.05,53.8,52.9,53.1,53.189969604863215,658.0,72.0,34999.0,561.0,85.26,0.9,0.05,1604275200.0
2020-10-30,54.1,57.0,52.9,53.85,54.868417596848325,7615.0,297.0,417823.0,1478.0,19.41,4.1,-0.25,1604016000.0
2020-10-29,53.1,55.8,52.35,53.1,53.96710389339996,4803.0,170.0,259204.0,1165.0,24.26,3.45,0.0,1603929600.0
2020-10-28,53.85,56.35,51.9,53.95,53.22620553915366,7113.0,213.0,378598.0,2726.0,38.32,4.45,0.1,1603843200.0
2020-10-27,51.0,53.6,51.0,52.95,52.389977036336624,7403.0,233.0,387843.0,2302.0,31.1,2.6,1.95,1603756800.0
2020-10-26,54.8,57.9,54.5,55.0,55.94791666666666,3936.0,142.0,220211.0,1024.0,26.02,3.4,0.2,1603670400.0
2020-10-23,57.5,57.6,55.45,55.5,56.61449921099044,10773.0,229.0,609908.0,2118.0,19.66,2.15,-2.0,1603411200.0
2020-10-22,52.0,60.3,49.3,57.2,55.61025283776585,24403.0,1013.0,1357057.0,13053.0,53.49,11.0,5.2,1603324800.0
2020-10-21,46.8,55.25,46.15,53.95,53.12084843603168,37245.0,641.0,1978486.0,18655.0,50.09,9.1,7.15,1603238400.0
2020-10-20,45.35,46.05,45.35,46.05,46.021818181818176,275.0,5.0,12656.0,265.0,96.36,0.7,0.7,1603152000.0
2020-10-19,45.25,46.0,44.55,45.3,45.1953046953047,2002.0,49.0,90481.0,1533.0,76.57,1.45,0.05,1603065600.0
2020-10-16,46.25,46.9,46.25,46.4,46.61272475795297,723.0,46.0,33701.0,718.0,99.31,0.65,0.15,1602806400.0
2020-10-15,47.5,48.9,46.45,46.55,47.11246200607904,329.0,31.0,15500.0,286.0,86.93,2.45,-0.95,1602720000.0
2020-10-14,49.9,49.9,46.1,47.95,48.29953051643192,1065.0,34.0,51439.0,1065.0,100.0,3.8,-1.95,1602633600.0
2020-10-13,50.0,50.0,48.15,49.35,49.50184162062615,1086.0,52.0,53759.0,908.0,83.61,1.85,-0.65,1602547200.0
2020-10-12,53.95,53.95,48.5,51.05,49.89594172736733,1922.0,82.0,95900.0,948.0,49.32,5.45,-2.9,1602460800.0
2020-10-09,64.8,65.0,50.7,51.95,56.14381849132887,37596.0,915.0,2110783.0,11313.0,30.09,14.3,-12.85,1602201600.0
2020-10-08,50.4,58.95,49.2,58.95,55.54345149649756,23555.0,507.0,1308326.0,18893.0,80.21,9.75,8.55,1602115200.0
2020-10-07,47.6,49.6,47.45,49.15,49.06490755007704,5192.0,128.0,254745.0,1790.0,34.48,2.15,1.55,1602028800.0
2020-10-06,45.85,47.55,45.1,47.45,46.3073086514483,5213.0,205.0,241400.0,1255.0,24.07,2.45,1.6,1601942400.0
2020-10-05,42.75,46.5,42.75,45.35,44.640776699029125,206.0,57.0,9196.0,126.0,61.16,3.75,2.6,1601856000.0
2020-10-01,45.15,45.8,44.15,45.8,44.933704957196895,5023.0,54.0,225702.0,1130.0,22.5,1.65,0.65,1601510400.0
2020-09-30,44.0,45.0,44.0,44.45,44.43236074270557,377.0,101.0,16751.0,147.0,38.99,1.0,0.45,1601424000.0
2020-09-29,45.9,45.9,44.65,45.1,45.26321297749869,3822.0,92.0,172996.0,1588.0,41.55,1.25,-0.8,1601337600.0
2020-09-28,44.1,45.6,43.7,44.9,44.788326065078834,2981.0,99.0,133514.0,1037.0,34.79,1.9,0.8,1601251200.0
2020-09-25,45.5,46.5,43.2,43.35,44.38688946015424,778.0,180.0,34533.0,378.0,48.59,3.3,-2.15,1600992000.0
2020-09-24,46.0,46.0,43.5,44.65,44.90794078061912,3715.0,68.0,166833.0,1233.0,33.19,2.5,-1.35,1600905600.0
2020-09-23,45.0,47.2,44.85,45.5,46.01608579088472,373.0,51.0,17164.0,300.0,80.43,2.35,0.5,1600819200.0
2020-09-22,46.5,46.75,44.3,45.2,45.63488624052004,923.0,258.0,42121.0,400.0,43.34,2.45,-1.3,1600732800.0
2020-09-21,49.35,49.4,46.4,46.4,47.5718085106383,752.0,128.0,35774.0,539.0,71.68,3.0,-2.95,1600646400.0
2020-09-18,47.95,49.4,47.25,47.75,47.99657924743444,2631.0,42.0,126279.0,2061.0,78.34,2.15,-0.2,1600387200.0
2020-09-17,49.25,49.25,49.25,49.25,49.24,25.0,3.0,1231.0,25.0,100.0,0.0,0.0,1600300800.0
2020-09-16,49.15,49.15,48.1,48.85,48.59541984732824,131.0,43.0,6366.0,22.0,16.79,1.05,-0.3,1600214400.0
2020-09-15,49.0,49.65,47.55,48.65,48.3921568627451,357.0,133.0,17276.0,154.0,43.14,2.1,-0.35,1600128000.0
2020-09-14,47.1,48.3,47.1,47.65,47.342857142857135,35.0,8.0,1657.0,25.0,71.43,1.2,0.55,1600041600.0
2020-09-11,47.35,48.65,47.35,47.65,47.94190358467244,809.0,132.0,38785.0,498.0,61.56,1.3,0.3,1599782400.0
2020-09-09,48.0,48.0,46.7,46.7,47.26733921815889,793.0,257.0,37483.0,100.0,12.61,1.3,-1.3,1599609600.0
2020-09-08,46.3,48.45,46.3,48.45,47.329205366357066,969.0,187.0,45862.0,457.0,47.16,2.15,2.15,1599523200.0
2020-09-07,46.55,47.8,46.55,47.8,47.15140845070423,284.0,93.0,13391.0,45.0,15.84,1.25,1.25,1599436800.0
2020-09-04,48.75,48.75,46.25,47.05,47.05709342560554,578.0,71.0,27199.0,551.0,95.33,2.5,-1.7,1599177600.0
2020-09-03,48.65,48.65,47.05,47.2,47.65909090909091,88.0,15.0,4194.0,78.0,88.64,1.6,-1.45,1599091200.0
2020-09-02,48.4,49.65,48.1,49.65,48.57692307692308,182.0,68.0,8841.0,42.0,23.08,1.55,1.25,1599004800.0
2020-09-01,50.9,50.9,47.8,49.0,48.732530120481925,415.0,25.0,20224.0,315.0,75.9,3.1,-1.9,1598918400.0
2020-08-31,52.0,52.0,48.85,49.1,49.697176046465046,4993.0,132.0,248138.0,3437.0,68.84,3.15,-2.9,1598832000.0
2020-08-28,52.7,53.25,51.85,52.0,52.63021139166177,6812.0,203.0,358517.0,1700.0,24.96,1.4,-0.7,1598572800.0
2020-08-27,57.6,57.6,51.1,51.4,52.55169276144457,31871.0,635.0,1674875.0,14912.0,46.79,6.5,-6.2,1598486400.0
2020-08-26,48.85,53.6,48.85,53.6,51.84193488716241,10812.0,109.0,560515.0,4804.0,44.43,4.75,4.75,1598400000.0
2020-08-25,50.1,50.1,48.75,48.75,49.90613973182781,1417.0,75.0,70717.0,1247.0,88.0,1.35,-1.35,1598313600.0
2020-08-24,50.95,51.0,50.3,50.3,50.518424396442185,787.0,39.0,39758.0,575.0,73.06,0.7,-0.65,1598227200.0
2020-08-21,50.45,51.75,49.1,50.65,50.52096854717923,4006.0,135.0,202387.0,3404.0,84.97,2.65,0.2,1597968000.0
2020-08-20,50.95,50.95,47.6,49.5,49.476282671829615,3099.0,288.0,153327.0,2368.0,76.41,3.35,-1.45,1597881600.0
2020-08-19,48.95,49.0,47.85,48.5,48.22968410899445,8294.0,106.0,400017.0,7129.0,85.95,1.15,-0.45,1597795200.0
2020-08-18,50.75,50.75,48.0,49.55,48.42296334896648,5757.0,81.0,278771.0,4008.0,69.62,2.75,-1.2,1597708800.0
2020-08-17,49.0,51.15,49.0,50.1,50.09624060150376,665.0,78.0,33314.0,442.0,66.47,2.15,1.1,1597622400.0
2020-08-14,50.05,50.05,49.0,49.9,49.13291925465839,805.0,7.0,39552.0,805.0,100.0,1.05,-0.15,1597363200.0
2020-08-13,51.55,51.55,49.65,49.85,50.082774049217,1788.0,128.0,89548.0,1424.0,79.64,1.9,-1.7,1597276800.0
2020-08-12,49.55,50.5,49.35,50.45,49.99551569506726,446.0,85.0,22298.0,280.0,62.78,1.15,0.9,1597190400.0
2020-08-11,52.05,52.05,50.2,51.0,50.57002074688797,1928.0,114.0,97499.0,1760.0,91.29,1.85,-1.05,1597104000.0
2020-08-10,52.3,52.45,51.1,51.45,51.71097046413502,1422.0,127.0,73533.0,1192.0,83.83,1.35,-0.85,1597017600.0
2020-08-07,48.5,52.9,48.1,50.1,49.82784184514003,2428.0,129.0,120982.0,1514.0,62.36,4.8,1.6,1596758400.0
2020-08-06,49.5,51.7,49.5,50.0,50.19249823071479,1413.0,154.0,70922.0,863.0,61.08,2.2,0.5,1596672000.0
2020-08-05,51.0,51.0,49.25,50.0,49.99805975941017,2577.0,53.0,128845.0,2231.0,86.57,1.75,-1.0,1596585600.0
2020-08-04,50.7,51.8,50.05,50.35,50.73297213622291,1292.0,178.0,65547.0,759.0,58.75,1.75,-0.35,1596499200.0
2020-08-03,50.85,52.9,50.45,51.5,51.59060999466477,5623.0,582.0,290094.0,426.0,7.58,2.45,0.65,1596412800.0
2020-07-31,52.05,53.0,51.35,51.75,51.882725430597766,3948.0,100.0,204833.0,846.0,21.43,1.65,-0.3,1596153600.0
2020-07-30,53.0,53.0,51.45,52.1,52.1806146572104,2115.0,57.0,110362.0,361.0,17.07,1.55,-0.9,1596067200.0
2020-07-29,53.0,53.0,52.1,52.1,52.59414225941424,956.0,71.0,50280.0,915.0,95.71,0.9,-0.9,1595980800.0
2020-07-28,53.85,53.9,53.85,53.9,53.75,4.0,4.0,215.0,4.0,100.0,0.05,0.05,1595894400.0
2020-07-27,53.0,55.85,53.0,55.85,53.01980198019802,101.0,2.0,5355.0,101.0,100.0,2.85,2.85,1595808000.0
2020-07-24,53.3,54.05,52.15,54.05,53.84269662921348,267.0,33.0,14376.0,238.0,89.14,1.9,0.75,1595548800.0
2020-07-23,53.55,53.6,53.55,53.55,53.54166666666666,72.0,6.0,3855.0,72.0,100.0,0.05,0.0,1595462400.0
2020-07-22,53.3,53.3,53.3,53.3,53.0,1.0,1.0,53.0,1.0,100.0,0.0,0.0,1595376000.0
2020-07-21,53.3,54.8,52.4,53.45,52.86719111522443,2161.0,50.0,114246.0,1650.0,76.35,2.4,0.15,1595289600.0
2020-07-20,52.0,54.7,50.9,54.1,52.468958930276976,1047.0,52.0,54935.0,686.0,65.52,3.8,2.1,1595203200.0
2020-07-17,53.15,53.25,52.5,52.5,52.75,152.0,11.0,8018.0,152.0,100.0,0.75,-0.65,1594944000.0
2020-07-16,56.0,56.0,51.4,51.4,51.61019490254873,667.0,56.0,34424.0,367.0,55.02,4.6,-4.6,1594857600.0
2020-07-15,56.0,56.4,54.1,54.1,54.84059945504087,2202.0,30.0,120759.0,2162.0,98.18,2.3,-1.9,1594771200.0
2020-07-14,56.5,57.5,56.25,56.9,57.36440677966102,3304.0,133.0,189532.0,2110.0,63.86,1.25,0.4,1594684800.0
2020-07-13,54.5,54.8,53.25,54.8,54.63689839572193,1870.0,41.0,102171.0,1672.0,89.41,1.55,0.3,1594598400.0
2020-07-10,53.0,54.0,52.15,52.2,53.67139408569704,3314.0,152.0,177867.0,2469.0,74.5,1.85,-0.8,1594339200.0
2020-07-09,49.05,51.45,48.45,51.45,50.63984962406016,1330.0,56.0,67351.0,1305.0,98.12,3.0,2.4,1594252800.0
2020-07-08,49.5,50.0,47.65,49.0,48.95625,480.0,46.0,23499.0,306.0,63.75,2.35,-0.5,1594166400.0
2020-07-07,50.0,50.0,47.5,49.5,48.43584674762308,10623.0,131.0,514534.0,3418.0,32.18,2.5,-0.5,1594080000.0
2020-07-06,46.45,48.5,46.45,47.7,48.02023888520239,3014.0,58.0,144733.0,2172.0,72.06,2.05,1.25,1593993600.0
2020-07-03,47.8,47.8,46.2,46.25,47.24310383494057,4459.0,69.0,210657.0,671.0,15.05,1.6,-1.55,1593734400.0
2020-07-02,47.0,47.0,47.0,47.0,47.0,50.0,13.0,2350.0,50.0,100.0,0.0,0.0,1593648000.0
2020-07-01,49.7,49.7,46.45,46.9,47.82575757575758,396.0,12.0,18939.0,280.0,70.71,3.25,-2.8,1593561600.0
2020-06-30,49.0,49.0,47.3,47.4,48.1016548463357,423.0,22.0,20347.0,288.0,68.09,1.7,-1.6,1593475200.0
2020-06-29,49.0,49.0,49.0,49.0,49.0,5.0,2.0,245.0,5.0,100.0,0.0,0.0,1593388800.0
2020-06-26,47.2,49.0,47.2,47.25,47.7311320754717,1060.0,20.0,50595.0,985.0,92.92,1.8,0.05,1593129600.0
2020-06-25,48.15,51.9,48.15,49.0,49.03658536585365,164.0,16.0,8042.0,149.0,90.85,3.75,0.85,1593043200.0
2020-06-24,54.25,54.25,49.15,50.25,52.426341574569896,8777.0,154.0,460146.0,5553.0,63.27,5.1,-4.0,1592956800.0
2020-06-23,51.7,51.7,51.7,51.7,51.69969666329626,989.0,7.0,51131.0,989.0,100.0,0.0,0.0,1592870400.0
2020-06-22,47.0,50.2,45.7,49.25,48.76554174067496,1126.0,40.0,54910.0,876.0,77.8,4.5,2.25,1592784000.0
2020-06-19,47.0,47.9,45.5,47.9,45.79636363636364,550.0,4.0,25188.0,500.0,90.91,2.4,0.9,1592524800.0
2020-06-18,46.6,46.8,45.7,46.8,46.54936305732484,628.0,36.0,29233.0,497.0,79.14,1.1,0.2,1592438400.0
2020-06-17,44.8,44.8,44.55,44.6,44.58428571428571,700.0,6.0,31209.0,700.0,100.0,0.25,-0.2,1592352000.0
2020-06-16,49.0,50.9,46.2,46.2,48.1277797387928,2833.0,91.0,136346.0,1845.0,65.13,4.7,-2.8,1592265600.0
2020-06-15,48.0,48.6,46.15,48.6,47.32002801120448,1428.0,17.0,67573.0,1318.0,92.3,2.45,0.6,1592179200.0
2020-06-12,45.25,46.9,44.5,46.3,46.09965034965035,572.0,19.0,26369.0,362.0,63.29,2.4,1.05,1591920000.0
2020-06-11,51.0,51.0,49.0,49.0,49.50461538461538,650.0,64.0,32178.0,625.0,96.15,2.0,-2.0,1591833600.0
2020-06-10,52.0,52.0,50.0,51.15,50.98021978021978,455.0,19.0,23196.0,411.0,90.33,2.0,-0.85,1591747200.0
2020-06-09,59.85,59.85,51.9,54.0,53.79054583442152,3829.0,232.0,205964.0,3323.0,86.78,7.95,-5.85,1591660800.0
2020-06-08,55.65,62.55,54.5,57.55,55.69088249634325,2051.0,43.0,114222.0,1668.0,81.33,8.05,1.9,1591574400.0
2020-06-05,63.95,63.95,58.0,58.0,60.67925478348439,1986.0,37.0,120509.0,1695.0,85.35,5.95,-5.95,1591315200.0
2020-06-04,57.6,60.6,55.0,60.35,60.04466135892682,18338.0,244.0,1101099.0,10962.0,59.78,5.6,2.75,1591228800.0
2020-06-03,54.5,55.1,53.5,55.1,54.86202623153981,9683.0,80.0,531229.0,7140.0,73.74,1.6,0.6,1591142400.0
2020-06-02,37.35,45.95,37.3,45.95,44.37094672288233,13045.0,142.0,578819.0,9085.0,69.64,8.65,8.6,1591056000.0
2020-06-01,38.0,38.3,37.2,38.3,37.53333333333333,105.0,8.0,3941.0,100.0,95.24,1.1,0.3,1590969600.0
2020-05-29,35.6,38.05,35.6,37.55,36.00601503759398,665.0,15.0,23944.0,610.0,91.73,2.45,1.95,1590710400.0
2020-05-28,36.4,36.4,35.6,35.6,35.95424836601307,153.0,21.0,5501.0,153.0,100.0,0.8,-0.8,1590624000.0
2020-05-27,36.6,36.6,35.0,35.5,36.1474358974359,156.0,9.0,5639.0,125.0,80.13,1.6,-1.1,1590537600.0
2020-05-26,35.05,36.75,34.5,35.35,35.0886524822695,282.0,21.0,9895.0,225.0,79.79,2.25,0.3,1590451200.0
2020-05-22,35.0,35.95,35.0,35.95,35.661184210526315,304.0,10.0,10841.0,304.0,100.0,0.95,0.95,1590105600.0
2020-05-21,35.0,37.0,35.0,36.0,36.19653179190752,173.0,14.0,6262.0,100.0,57.8,2.0,1.0,1590019200.0
2020-05-20,35.55,35.55,34.15,35.0,34.936344969199176,487.0,29.0,17014.0,433.0,88.91,1.4,-0.55,1589932800.0
2020-05-19,36.0,36.0,35.0,35.0,35.44642857142857,56.0,7.0,1985.0,31.0,55.36,1.0,-1.0,1589846400.0
2020-05-18,36.0,37.25,35.8,36.2,36.11666666666667,60.0,5.0,2167.0,25.0,41.67,1.45,0.2,1589760000.0
2020-05-15,37.0,37.95,37.0,37.95,37.02727272727273,110.0,12.0,4073.0,85.0,77.27,0.95,0.95,1589500800.0
2020-05-14,38.65,38.65,36.5,36.8,37.15929203539823,113.0,10.0,4199.0,80.0,70.8,2.15,-1.85,1589414400.0
2020-05-13,39.15,39.25,38.0,38.1,38.74719101123596,178.0,21.0,6897.0,153.0,85.96,1.25,-1.05,1589328000.0
2020-05-12,39.6,39.65,36.85,37.15,37.62820512820513,546.0,81.0,20545.0,521.0,95.42,2.8,-2.45,1589241600.0
2020-05-11,39.35,40.0,38.0,39.65,39.18636363636364,220.0,36.0,8621.0,151.0,68.64,2.0,0.3,1589155200.0
2020-05-08,36.3,39.9,36.3,38.4,38.53834355828221,652.0,19.0,25127.0,578.0,88.65,3.6,2.1,1588896000.0
2020-05-07,38.65,38.65,38.65,38.65,38.625,24.0,2.0,927.0,24.0,100.0,0.0,0.0,1588809600.0
2020-05-06,39.0,39.0,39.0,39.0,39.0,100.0,9.0,3900.0,100.0,100.0,0.0,0.0,1588723200.0
2020-05-05,39.0,39.0,38.0,38.35,38.41666666666666,60.0,6.0,2305.0,60.0,100.0,1.0,-0.65,1588636800.0
2020-05-04,39.05,39.05,38.5,38.5,38.96428571428572,28.0,28.0,1091.0,28.0,100.0,0.55,-0.55,1588550400.0
2020-04-30,41.8,42.0,38.9,40.7,40.34031413612565,573.0,24.0,23115.0,410.0,71.55,3.1,-1.1,1588204800.0
2020-04-29,40.25,42.0,40.1,41.35,41.29174664107486,521.0,32.0,21513.0,486.0,93.28,1.9,1.1,1588118400.0
2020-04-28,40.7,40.9,37.5,40.9,39.76923076923077,13.0,5.0,517.0,9.0,69.23,3.4,0.2,1588032000.0
2020-04-27,41.35,41.35,37.95,38.95,39.05431309904153,313.0,25.0,12224.0,302.0,96.49,3.4,-2.4,1587945600.0
2020-04-24,41.0,41.0,39.1,39.2,39.76981707317073,656.0,45.0,26089.0,656.0,100.0,1.9,-1.8,1587686400.0
2020-04-23,42.0,42.9,42.0,42.9,42.490909090909085,55.0,5.0,2337.0,30.0,54.55,0.9,0.9,1587600000.0
2020-04-22,40.5,42.9,39.75,42.9,40.34879032258065,992.0,55.0,40026.0,981.0,98.89,3.15,2.4,1587513600.0
2020-04-21,43.0,43.0,42.0,42.0,42.08,325.0,30.0,13676.0,300.0,92.31,1.0,-1.0,1587427200.0
2020-04-20,45.1,45.9,42.15,42.15,45.335347432024165,331.0,137.0,15006.0,229.0,69.18,3.75,-2.95,1587340800.0
2020-04-17,44.0,46.75,44.0,44.15,44.77450980392157,102.0,16.0,4567.0,74.0,72.55,2.75,0.15,1587081600.0
2020-04-16,43.95,44.0,43.95,43.95,43.85714285714285,7.0,4.0,307.0,7.0,100.0,0.05,0.0,1586995200.0
2020-04-15,40.75,40.75,40.7,40.7,40.6993670886076,316.0,43.0,12861.0,316.0,100.0,0.05,-0.05,1586908800.0
2020-04-13,40.6,44.9,40.6,44.9,44.25384615384616,1300.0,7.0,57530.0,1097.0,84.38,4.3,4.3,1586736000.0
2020-04-09,44.0,45.0,42.35,44.9,43.79190751445087,173.0,28.0,7576.0,139.0,80.35,2.65,0.9,1586390400.0
2020-04-08,45.0,45.0,39.0,42.55,41.027397260273965,219.0,7.0,8985.0,115.0,52.51,6.0,-2.45,1586304000.0
2020-03-30,40.9,40.9,38.0,39.0,39.31349206349206,756.0,23.0,29721.0,756.0,100.0,2.9,-1.9,1585526400.0
2020-03-27,41.0,41.0,37.85,37.85,40.59609120521173,921.0,17.0,37389.0,920.0,99.89,3.15,-3.15,1585267200.0
2020-03-26,43.8,43.8,37.15,37.15,40.21818181818182,55.0,7.0,2212.0,50.0,90.91,6.65,-6.65,1585180800.0
2020-03-25,41.5,42.95,36.5,36.9,36.9375,240.0,8.0,8865.0,231.0,96.25,6.45,-4.6,1585094400.0
2020-03-24,31.75,41.45,31.75,41.45,39.025,400.0,25.0,15610.0,400.0,100.0,9.7,9.7,1585008000.0
2020-03-23,41.0,41.0,35.0,35.0,35.666666666666664,225.0,2.0,8025.0,225.0,100.0,6.0,-6.0,1584921600.0
2020-03-20,38.0,40.0,36.55,39.25,38.695961995249405,842.0,34.0,32582.0,465.0,55.23,3.45,1.25,1584662400.0
2020-03-19,36.0,38.1,33.5,38.05,37.32894736842105,228.0,10.0,8511.0,225.0,98.68,4.6,2.05,1584576000.0
2020-03-18,40.05,43.0,40.0,40.55,41.0199203187251,251.0,18.0,10296.0,150.0,59.76,3.0,0.5,1584489600.0
2020-03-17,42.0,44.45,40.45,43.55,43.22103861517976,751.0,81.0,32459.0,560.0,74.57,4.0,1.55,1584403200.0
2020-03-16,41.0,43.95,39.1,43.45,40.70945945945945,148.0,9.0,6025.0,98.0,66.22,4.85,2.45,1584316800.0
2020-03-13,35.0,43.9,32.0,40.15,39.18375930119702,3091.0,58.0,121117.0,1762.0,57.0,11.9,5.15,1584057600.0
2020-03-12,40.0,45.9,38.0,38.05,38.13359528487229,509.0,26.0,19410.0,456.0,89.59,7.9,-1.95,1583971200.0
2020-03-11,42.6,47.0,41.5,41.85,43.29084967320261,2142.0,87.0,92729.0,1755.0,81.93,5.5,-0.75,1583884800.0
2020-03-09,44.2,51.95,44.2,45.0,45.6832298136646,644.0,44.0,29420.0,393.0,61.02,7.75,0.8,1583712000.0
2020-03-06,48.0,48.0,47.0,47.0,47.26881720430108,186.0,21.0,8792.0,93.0,50.0,1.0,-1.0,1583452800.0
2020-03-05,48.15,48.15,48.15,48.15,48.14954954954954,555.0,1.0,26723.0,555.0,100.0,0.0,0.0,1583366400.0
2020-03-04,50.0,50.0,48.25,49.85,49.19279454722493,1027.0,48.0,50521.0,975.0,94.94,1.75,-0.15,1583280000.0
2020-03-03,48.0,48.0,48.0,48.0,48.0,313.0,12.0,15024.0,313.0,100.0,0.0,0.0,1583193600.0
2020-03-02,54.0,58.0,48.75,49.05,50.23510638297872,940.0,43.0,47221.0,609.0,64.79,9.25,-4.95,1583107200.0
2020-02-28,48.25,51.0,48.25,51.0,50.51234567901234,162.0,17.0,8183.0,85.0,52.47,2.75,2.75,1582848000.0
2020-02-26,51.5,59.85,51.5,53.05,53.19086083544888,4333.0,172.0,230476.0,3080.0,71.08,8.35,1.55,1582675200.0
2020-02-25,51.95,53.7,51.0,51.8,52.220842332613394,1852.0,79.0,96713.0,1040.0,56.16,2.7,-0.15,1582588800.0
2020-02-24,52.0,52.0,50.5,50.5,50.7,250.0,14.0,12675.0,211.0,84.4,1.5,-1.5,1582502400.0
2020-02-20,50.0,53.3,50.0,52.0,51.31963746223565,1655.0,44.0,84934.0,1536.0,92.81,3.3,2.0,1582156800.0
2020-02-19,51.45,55.0,51.45,52.9,52.68918918918919,148.0,41.0,7798.0,123.0,83.11,3.55,1.45,1582070400.0
2020-02-18,52.0,55.9,51.1,54.0,52.3373786407767,412.0,67.0,21563.0,321.0,77.91,4.8,2.0,1581984000.0
2020-02-17,55.0,56.8,54.05,54.55,56.63727272727273,1100.0,12.0,62301.0,1050.0,95.45,2.75,-0.45,1581897600.0
2020-02-14,55.0,65.8,53.45,56.0,59.82605583392985,5588.0,505.0,334308.0,2002.0,35.83,12.35,1.0,1581638400.0
2020-02-13,56.7,57.0,55.3,55.3,56.0,29.0,5.0,1624.0,27.0,93.1,1.7,-1.4,1581552000.0
2020-02-12,59.0,59.0,57.0,57.0,57.44150943396225,530.0,23.0,30444.0,502.0,94.72,2.0,-2.0,1581465600.0
2020-02-11,59.05,59.05,56.3,57.0,57.52193995381062,433.0,51.0,24907.0,256.0,59.12,2.75,-2.05,1581379200.0
2020-02-10,59.0,59.0,52.1,57.0,57.33333333333333,447.0,82.0,25628.0,402.0,89.93,6.9,-2.0,1581292800.0
2020-02-07,59.0,62.0,56.3,60.35,60.03633491311216,633.0,77.0,38003.0,438.0,69.19,5.7,1.35,1581033600.0
2020-02-06,61.0,61.5,60.05,60.5,60.964558342420936,1834.0,62.0,111809.0,1287.0,70.17,1.45,-0.5,1580947200.0
2020-02-05,63.0,63.85,60.0,61.05,61.24388586956522,1472.0,92.0,90151.0,690.0,46.88,3.85,-1.95,1580860800.0
2020-02-04,59.2,70.3,58.95,65.6,69.17447035784225,11234.0,441.0,777106.0,6446.0,57.38,11.35,6.4,1580774400.0
2020-02-03,60.0,63.0,57.05,58.6,59.42,700.0,55.0,41594.0,485.0,69.29,5.95,-1.4,1580688000.0
2020-02-01,66.0,67.55,60.0,62.1,63.175879396984925,199.0,33.0,12572.0,177.0,88.94,7.55,-3.9,1580515200.0
2020-01-31,75.1,76.7,67.65,69.15,69.69922879177378,2723.0,90.0,189791.0,1996.0,73.3,9.05,-5.95,1580428800.0
2020-01-30,76.0,81.75,74.05,77.9,78.85689651311222,44653.0,955.0,3521197.0,9525.0,21.33,7.7,1.9,1580342400.0
2020-01-29,61.0,68.15,60.0,68.15,67.27539389875965,5966.0,101.0,401365.0,3861.0,64.72,8.15,7.15,1580256000.0
2020-01-28,59.0,59.0,56.0,56.8,56.87489779231398,1223.0,64.0,69558.0,1208.0,98.77,3.0,-2.2,1580169600.0
2020-01-27,57.0,57.0,55.0,55.0,56.442307692307686,52.0,22.0,2935.0,52.0,100.0,2.0,-2.0,1580083200.0
2020-01-24,59.0,59.0,57.0,57.0,57.8,10.0,10.0,578.0,2.0,20.0,2.0,-2.0,1579824000.0
2020-01-23,57.0,59.0,57.0,58.95,58.39151712887439,613.0,32.0,35794.0,513.0,83.69,2.0,1.95,1579737600.0
2020-01-22,57.0,57.0,55.35,56.8,56.19574468085106,470.0,58.0,26412.0,420.0,89.36,1.65,-0.2,1579651200.0
2020-01-21,56.0,57.0,55.0,55.0,55.7962962962963,1350.0,62.0,75325.0,1210.0,89.63,2.0,-1.0,1579564800.0
2020-01-20,57.05,57.05,54.8,55.25,55.43733850129199,1548.0,37.0,85817.0,1219.0,78.75,2.25,-1.8,1579478400.0
2020-01-17,55.0,59.2,55.0,57.6,57.6735112936345,487.0,64.0,28087.0,396.0,81.31,4.2,2.6,1579219200.0
2020-01-16,56.0,58.0,55.0,55.0,55.37623762376238,606.0,84.0,33558.0,428.0,70.63,3.0,-1.0,1579132800.0
2020-01-13,55.0,56.8,55.0,55.25,55.09043020193152,1139.0,69.0,62748.0,1136.0,99.74,1.8,0.25,1578873600.0
2020-01-10,56.0,56.0,56.0,56.0,56.0,25.0,2.0,1400.0,25.0,100.0,0.0,0.0,1578614400.0
2020-01-09,55.0,55.0,55.0,55.0,55.0,25.0,1.0,1375.0,25.0,100.0,0.0,0.0,1578528000.0
2020-01-08,54.0,54.95,54.0,54.95,54.38095238095239,42.0,25.0,2284.0,30.0,71.43,0.95,0.95,1578441600.0
2020-01-07,55.0,56.0,53.0,54.0,54.204724409448815,127.0,20.0,6884.0,125.0,98.43,3.0,-1.0,1578355200.0
2020-01-03,55.0,56.0,52.7,55.65,54.86,600.0,94.0,32916.0,472.0,78.67,3.3,0.65,1578009600.0
2020-01-02,59.9,59.9,54.0,54.1,56.0,830.0,4.0,46480.0,820.0,98.8,5.9,-5.8,1577923200.0
2020-01-01,53.0,61.25,53.0,55.95,56.02337145698657,2011.0,31.0,112663.0,1619.0,80.51,8.25,2.95,1577836800.0
2019-12-31,54.95,55.0,54.15,54.15,54.634,500.0,4.0,27317.0,500.0,100.0,0.85,-0.8,1577750400.0
2019-12-30,54.0,55.0,54.0,54.0,54.80408163265306,245.0,28.0,13427.0,150.0,61.22,1.0,0.0,1577664000.0
2019-12-27,53.0,55.0,52.05,53.25,53.43712574850299,167.0,27.0,8924.0,110.0,65.87,2.95,0.25,1577404800.0
2019-12-26,51.25,52.75,51.0,52.15,52.14490861618799,1532.0,47.0,79886.0,1253.0,81.79,1.75,0.9,1577318400.0
2019-12-24,54.95,55.0,54.0,54.95,54.87058823529412,255.0,30.0,13992.0,180.0,70.59,1.0,0.0,1577145600.0
2019-12-23,50.0,55.0,49.05,53.45,52.00269905533064,741.0,59.0,38534.0,426.0,57.49,5.95,3.45,1577059200.0
2019-12-20,49.0,49.9,48.0,49.9,48.62857142857143,70.0,13.0,3404.0,60.0,85.71,1.9,0.9,1576800000.0
2019-12-19,49.0,49.0,48.0,48.1,48.16580310880829,193.0,36.0,9296.0,84.0,43.52,1.0,-0.9,1576713600.0
2019-12-17,51.0,51.0,48.25,50.0,48.310891089108914,505.0,7.0,24397.0,504.0,99.8,2.75,-1.0,1576540800.0
2019-12-16,50.0,51.0,49.0,49.0,50.0,27.0,23.0,1350.0,25.0,92.59,2.0,-1.0,1576454400.0
2019-12-13,51.0,51.0,51.0,51.0,51.0,25.0,22.0,1275.0,25.0,100.0,0.0,0.0,1576195200.0
2019-12-12,49.0,50.0,49.0,50.0,49.64766839378238,193.0,38.0,9582.0,147.0,76.17,1.0,1.0,1576108800.0
2019-12-11,50.05,50.05,48.0,49.05,48.87661406025825,697.0,55.0,34067.0,555.0,79.63,2.05,-1.0,1576022400.0
2019-12-10,52.8,52.8,49.95,50.85,51.42020202020202,2475.0,105.0,127265.0,1114.0,45.01,2.85,-1.95,1575936000.0
2019-12-09,51.0,51.0,51.0,51.0,51.0,25.0,25.0,1275.0,25.0,100.0,0.0,0.0,1575849600.0
2019-12-06,49.0,52.2,49.0,51.95,51.8,1015.0,33.0,52577.0,377.0,37.14,3.2,2.95,1575590400.0
2019-12-05,52.6,52.6,49.3,49.3,52.05488297013721,2478.0,16.0,128992.0,2384.0,96.21,3.3,-3.3,1575504000.0
2019-12-04,49.05,50.0,49.0,50.0,49.225,160.0,26.0,7876.0,90.0,56.25,1.0,0.95,1575417600.0
2019-12-03,50.0,50.0,48.95,49.05,49.08715596330275,218.0,16.0,10701.0,109.0,50.0,1.05,-0.95,1575331200.0
2019-12-02,46.6,53.05,46.6,50.25,50.369026548672565,2260.0,43.0,113834.0,2199.0,97.3,6.45,3.65,1575244800.0
2019-11-29,52.15,52.15,50.0,50.0,50.47920133111481,1202.0,69.0,60676.0,659.0,54.83,2.15,-2.15,1574985600.0
2019-11-28,50.6,50.6,49.3,49.35,49.75,200.0,5.0,9950.0,100.0,50.0,1.3,-1.25,1574899200.0
2019-11-27,53.0,53.0,48.0,50.0,50.03453689167975,1274.0,24.0,63744.0,1122.0,88.07,5.0,-3.0,1574812800.0
2019-11-26,57.65,57.65,51.2,51.6,52.19103313840156,513.0,21.0,26774.0,357.0,69.59,6.45,-6.05,1574726400.0
2019-11-25,60.95,65.1,55.1,55.9,60.32314311594202,4416.0,173.0,266387.0,2481.0,56.18,10.0,-5.05,1574640000.0
2019-11-22,48.0,57.5,48.0,57.5,55.769391668119226,5737.0,114.0,319949.0,5427.0,94.6,9.5,9.5,1574380800.0
2019-11-21,53.9,54.0,45.3,47.95,47.02042900919306,979.0,70.0,46033.0,735.0,75.08,8.7,-5.95,1574294400.0
2019-11-20,50.0,52.5,49.0,49.0,51.0,4.0,3.0,204.0,3.0,75.0,3.5,-1.0,1574208000.0
2019-11-19,47.5,47.5,47.5,47.5,47.5,10.0,1.0,475.0,10.0,100.0,0.0,0.0,1574121600.0
2019-11-18,49.0,50.6,49.0,49.55,50.14689265536723,354.0,38.0,17752.0,297.0,83.9,1.6,0.55,1574035200.0
2019-11-15,50.0,50.0,49.95,50.0,49.99029126213592,206.0,11.0,10298.0,205.0,99.51,0.05,0.0,1573776000.0
2019-11-14,49.05,50.95,48.6,49.0,50.11969111969112,1036.0,95.0,51924.0,547.0,52.8,2.35,-0.05,1573689600.0
2019-11-13,53.0,53.0,50.0,50.0,50.84202453987729,1304.0,16.0,66298.0,1125.0,86.27,3.0,-3.0,1573603200.0
2019-11-11,57.0,57.0,54.0,54.0,54.80405405405405,148.0,73.0,8111.0,55.0,37.16,3.0,-3.0,1573430400.0
2019-11-08,66.0,66.0,52.05,52.55,55.001460564751696,2054.0,176.0,112973.0,1091.0,53.12,13.95,-13.45,1573171200.0
2019-11-07,53.95,60.05,53.95,59.2,59.19521012200633,2213.0,133.0,130999.0,2058.0,93.0,6.1,5.25,1573084800.0
2019-11-06,53.0,53.0,52.0,52.0,52.33333333333333,75.0,19.0,3925.0,75.0,100.0,1.0,-1.0,1572998400.0
2019-11-05,53.0,54.0,52.0,54.0,53.0,75.0,3.0,3975.0,50.0,66.67,2.0,1.0,1572912000.0
2019-11-04,52.0,54.95,50.9,52.2,52.65785381026439,1286.0,89.0,67718.0,920.0,71.54,4.05,0.2,1572825600.0
2019-11-01,53.0,53.0,53.0,53.0,53.0,25.0,1.0,1325.0,25.0,100.0,0.0,0.0,1572566400.0
2019-10-31,52.0,52.0,51.0,51.25,51.384,125.0,13.0,6423.0,100.0,80.0,1.0,-0.75,1572480000.0
2019-10-30,51.0,52.0,51.0,51.9,51.48857868020305,788.0,10.0,40573.0,787.0,99.87,1.0,0.9,1572393600.0
2019-10-29,50.65,56.0,49.1,49.85,50.6262443438914,1105.0,82.0,55942.0,787.0,71.22,6.9,-0.8,1572307200.0
2019-10-27,58.5,58.5,50.5,54.75,54.71794871794872,234.0,26.0,12804.0,206.0,88.03,8.0,-3.75,1572134400.0
2019-10-25,55.3,55.3,50.0,50.0,51.38048780487805,205.0,10.0,10533.0,173.0,84.39,5.3,-5.3,1571961600.0
2019-10-24,47.0,52.2,47.0,51.15,50.022822543083365,2147.0,35.0,107399.0,1947.0,90.68,5.2,4.15,1571875200.0
2019-10-23,46.0,46.9,45.0,45.4,45.29347826086957,276.0,11.0,12501.0,200.0,72.46,1.9,-0.6,1571788800.0
2019-10-22,44.7,46.95,44.7,46.95,45.89411764705881,85.0,6.0,3901.0,81.0,95.29,2.25,2.25,1571702400.0
2019-10-18,48.0,48.0,44.2,44.2,45.86376811594202,345.0,17.0,15823.0,195.0,56.52,3.8,-3.8,1571356800.0
2019-10-17,47.35,47.35,45.0,46.0,45.490909090909085,110.0,12.0,5004.0,79.0,71.82,2.35,-1.35,1571270400.0
2019-10-16,46.0,46.0,46.0,46.0,46.0,9.0,1.0,414.0,9.0,100.0,0.0,0.0,1571184000.0
2019-10-15,50.0,50.0,44.3,44.3,46.005780346820806,519.0,41.0,23877.0,283.0,54.53,5.7,-5.7,1571097600.0
2019-10-14,48.0,49.0,47.0,47.0,48.62571247625079,1579.0,15.0,76780.0,1054.0,66.75,2.0,-1.0,1571011200.0
2019-10-10,49.0,49.0,49.0,49.0,49.0,4.0,2.0,196.0,2.0,50.0,0.0,0.0,1570665600.0
2019-10-09,47.65,47.65,47.65,47.65,47.57142857142857,7.0,1.0,333.0,7.0,100.0,0.0,0.0,1570579200.0
2019-10-07,51.0,51.0,49.05,50.0,49.75441072688779,1417.0,17.0,70502.0,710.0,50.11,1.95,-1.0,1570406400.0
2019-10-04,52.9,52.9,46.25,48.0,49.22037422037423,481.0,25.0,23675.0,430.0,89.4,6.65,-4.9,1570147200.0
2019-10-03,48.05,50.0,46.2,46.9,46.81288343558282,1630.0,24.0,76305.0,1359.0,83.37,3.8,-1.15,1570060800.0
2019-10-01,52.0,52.0,50.3,50.3,50.84836065573769,244.0,146.0,12407.0,244.0,100.0,1.7,-1.7,1569888000.0
2019-09-30,50.5,52.0,50.5,51.45,51.19354838709677,31.0,8.0,1587.0,11.0,35.48,1.5,0.95,1569801600.0
2019-09-27,54.0,54.0,54.0,54.0,54.0,25.0,1.0,1350.0,25.0,100.0,0.0,0.0,1569542400.0
2019-09-26,58.0,58.0,51.3,55.0,53.90277777777778,72.0,9.0,3881.0,30.0,41.67,6.7,-3.0,1569456000.0
2019-09-25,54.0,54.0,50.3,50.3,52.43731563421829,1356.0,22.0,71105.0,655.0,48.3,3.7,-3.7,1569369600.0
2019-09-24,55.95,57.0,52.0,56.0,53.77748344370861,755.0,14.0,40602.0,652.0,86.36,5.0,0.05,1569283200.0
2019-09-23,53.05,53.05,53.0,53.0,53.01052631578947,95.0,4.0,5036.0,95.0,100.0,0.05,-0.05,1569196800.0
2019-09-20,51.0,52.0,49.55,50.55,50.608108108108105,370.0,118.0,18725.0,200.0,54.05,2.45,-0.45,1568937600.0
2019-09-19,53.0,53.0,49.15,50.55,51.03496503496504,286.0,16.0,14596.0,184.0,64.34,3.85,-2.45,1568851200.0
2019-09-18,53.3,53.3,51.0,51.2,51.47191011235955,89.0,33.0,4581.0,49.0,55.06,2.3,-2.1,1568764800.0
2019-09-17,57.0,57.0,50.0,50.95,51.785545954438334,2546.0,79.0,131846.0,1802.0,70.78,7.0,-6.05,1568678400.0
2019-09-16,53.0,53.3,53.0,53.2,53.20761904761905,525.0,8.0,27934.0,525.0,100.0,0.3,0.2,1568592000.0
2019-09-13,55.0,55.95,54.0,54.1,54.11230769230769,650.0,4.0,35173.0,625.0,96.15,1.95,-0.9,1568332800.0
2019-09-12,57.0,59.0,53.0,56.0,55.650513950073424,681.0,200.0,37898.0,374.0,54.92,6.0,-1.0,1568246400.0
2019-09-11,50.95,57.5,50.95,56.0,53.94318915429309,1549.0,26.0,83558.0,1054.0,68.04,6.55,5.05,1568160000.0
2019-09-09,48.0,48.0,48.0,48.0,48.0,50.0,2.0,2400.0,50.0,100.0,0.0,0.0,1567987200.0
2019-09-06,48.0,48.0,47.0,47.0,47.44117647058824,170.0,4.0,8065.0,170.0,100.0,1.0,-1.0,1567728000.0
2019-09-05,44.0,48.0,44.0,47.55,46.01776649746193,394.0,13.0,18131.0,303.0,76.9,4.0,3.55,1567641600.0
2019-09-04,49.45,49.45,44.0,44.1,46.22970639032816,579.0,20.0,26767.0,481.0,83.07,5.45,-5.35,1567555200.0
2019-09-03,50.0,50.0,44.8,44.85,46.209558823529406,544.0,37.0,25138.0,444.0,81.62,5.2,-5.15,1567468800.0
2019-08-30,46.0,48.0,46.0,48.0,47.42918454935622,233.0,10.0,11051.0,170.0,72.96,2.0,2.0,1567123200.0
2019-08-29,49.25,49.25,46.0,47.0,47.03380503144654,1272.0,41.0,59827.0,1060.0,83.33,3.25,-2.25,1567036800.0
2019-08-28,49.0,50.0,48.0,48.4,49.43164362519201,651.0,18.0,32180.0,500.0,76.8,2.0,-0.6,1566950400.0
2019-08-27,47.0,50.0,47.0,50.0,47.712,250.0,51.0,11928.0,223.0,89.2,3.0,3.0,1566864000.0
2019-08-26,51.2,51.2,44.2,46.4,47.782371874226286,4039.0,142.0,192993.0,1255.0,31.07,7.0,-4.8,1566777600.0
2019-08-23,42.6,46.9,42.6,46.9,44.41576857629042,1763.0,26.0,78305.0,1417.0,80.37,4.3,4.3,1566518400.0
2019-08-22,48.0,48.0,43.8,43.8,44.579697106012894,6669.0,49.0,297302.0,6050.0,90.72,4.2,-4.2,1566432000.0
2019-08-21,50.7,51.0,49.9,49.9,50.03048780487805,164.0,13.0,8205.0,100.0,60.98,1.1,-0.8,1566345600.0
2019-08-20,50.0,52.6,50.0,51.0,50.9950213371266,2812.0,35.0,143398.0,1674.0,59.53,2.6,1.0,1566259200.0
2019-08-19,50.0,50.0,49.3,49.3,49.65,100.0,7.0,4965.0,50.0,50.0,0.7,-0.7,1566172800.0
2019-08-16,54.2,54.2,49.7,49.85,51.09737827715356,801.0,19.0,40929.0,777.0,97.0,4.5,-4.35,1565913600.0
2019-08-14,68.3,68.3,53.15,54.3,62.21196493037648,3878.0,104.0,241258.0,2742.0,70.71,15.15,-14.0,1565740800.0
2019-08-13,53.0,59.9,53.0,59.9,59.58358120166568,1681.0,40.0,100160.0,1671.0,99.41,6.9,6.9,1565654400.0
2019-08-09,50.0,57.75,49.0,49.95,52.13408217703057,40863.0,26.0,2130355.0,560.0,1.37,8.75,-0.05,1565308800.0
2019-08-08,52.0,52.0,49.0,49.05,49.46545454545455,275.0,6.0,13603.0,200.0,72.73,3.0,-2.95,1565222400.0
2019-08-07,60.0,63.5,51.05,51.05,52.37634408602151,279.0,13.0,14613.0,251.0,89.96,12.45,-8.95,1565136000.0
2019-08-06,49.5,55.05,49.5,54.0,52.36302681992337,1044.0,28.0,54667.0,1009.0,96.65,5.55,4.5,1565049600.0
2019-08-05,48.05,49.5,48.05,49.5,48.77502214348981,3387.0,8.0,165201.0,1.0,0.03,1.45,1.45,1564963200.0
2019-08-02,51.9,51.9,47.05,49.2,49.58830039525692,6325.0,35.0,313646.0,2375.0,37.55,4.85,-2.7,1564704000.0
2019-08-01,49.9,51.7,47.95,48.05,49.24055666003976,503.0,9.0,24768.0,154.0,30.62,3.75,-1.85,1564617600.0
2019-07-31,50.0,52.0,49.0,49.0,50.33333333333333,3.0,3.0,151.0,1.0,33.33,3.0,-1.0,1564531200.0
2019-07-29,53.0,54.0,52.0,52.2,52.29411764705882,102.0,9.0,5334.0,66.0,64.71,2.0,-0.8,1564358400.0
2019-07-26,54.35,55.95,54.0,54.0,54.02277039848197,527.0,6.0,28470.0,527.0,100.0,1.95,-0.35,1564099200.0
2019-07-25,53.0,56.0,52.15,53.3,53.99710144927536,345.0,14.0,18629.0,244.0,70.72,3.85,0.3,1564012800.0
2019-07-24,51.5,53.0,51.5,52.1,51.81460674157303,534.0,18.0,27669.0,409.0,76.59,1.5,0.6,1563926400.0
2019-07-23,51.0,51.0,51.0,51.0,51.0,25.0,2.0,1275.0,25.0,100.0,0.0,0.0,1563840000.0
2019-07-22,52.0,52.0,50.0,50.0,50.66887417218543,151.0,6.0,7651.0,100.0,66.23,2.0,-2.0,1563753600.0
2019-07-19,52.0,53.0,51.95,52.05,51.97368421052632,76.0,5.0,3950.0,75.0,98.68,1.05,0.05,1563494400.0
2019-07-18,53.0,53.9,53.0,53.0,53.01862197392924,537.0,4.0,28471.0,537.0,100.0,0.9,0.0,1563408000.0
2019-07-17,54.0,54.05,53.1,53.5,53.941520467836256,171.0,12.0,9224.0,139.0,81.29,0.95,-0.5,1563321600.0
2019-07-16,52.75,52.75,52.75,52.75,52.72,25.0,1.0,1318.0,25.0,100.0,0.0,0.0,1563235200.0
2019-07-15,64.7,64.7,52.0,52.75,63.61284403669725,545.0,3.0,34669.0,521.0,95.6,12.7,-11.95,1563148800.0
2019-07-12,52.1,54.75,52.1,54.0,53.64634146341464,164.0,4.0,8798.0,64.0,39.02,2.65,1.9,1562889600.0
2019-07-10,52.9,52.95,52.9,52.95,52.932203389830505,59.0,6.0,3123.0,59.0,100.0,0.05,0.05,1562716800.0
2019-07-09,56.95,56.95,53.05,53.1,54.266666666666666,45.0,10.0,2442.0,30.0,66.67,3.9,-3.85,1562630400.0
2019-07-08,57.0,58.0,55.05,55.1,55.87897435897436,975.0,20.0,54482.0,766.0,78.56,2.95,-1.9,1562544000.0
2019-07-05,59.0,59.9,58.0,58.3,58.58510638297872,188.0,7.0,11014.0,25.0,13.3,1.9,-0.7,1562284800.0
2019-07-04,60.5,60.5,57.0,60.0,59.28460038986354,1539.0,15.0,91239.0,689.0,44.77,3.5,-0.5,1562198400.0
2019-07-03,57.05,59.0,57.05,59.0,57.89673913043478,184.0,5.0,10653.0,175.0,95.11,1.95,1.95,1562112000.0
2019-07-02,61.0,61.0,59.15,59.15,60.35555555555556,45.0,3.0,2716.0,35.0,77.78,1.85,-1.85,1562025600.0
2019-07-01,58.2,60.0,53.5,58.15,57.358188153310095,1435.0,31.0,82309.0,154.0,10.73,6.5,-0.05,1561939200.0
2019-06-28,57.05,57.05,57.05,57.05,57.05,100.0,2.0,5705.0,100.0,100.0,0.0,0.0,1561680000.0
2019-06-27,60.0,60.0,58.15,58.6,59.888888888888886,27.0,3.0,1617.0,25.0,92.59,1.85,-1.4,1561593600.0
2019-06-26,64.5,64.5,55.8,60.9,60.53973333333333,1875.0,12.0,113512.0,775.0,41.33,8.7,-3.6,1561507200.0
2019-06-25,55.05,60.0,55.05,58.55,58.95816733067729,502.0,14.0,29597.0,402.0,80.08,4.95,3.5,1561420800.0
2019-06-24,62.0,62.0,55.5,56.0,58.97692307692308,2600.0,6.0,153340.0,0.0,0.0,6.5,-6.0,1561334400.0
2019-06-21,55.0,58.75,55.0,57.7,57.909199522102746,837.0,14.0,48470.0,694.0,82.92,3.75,2.7,1561075200.0
2019-06-20,60.0,64.9,59.0,60.2,60.21311475409836,610.0,14.0,36730.0,572.0,93.77,5.9,0.2,1560988800.0
2019-06-19,63.0,64.0,60.0,63.5,60.21279761904761,672.0,11.0,40463.0,641.0,95.39,4.0,0.5,1560902400.0
2019-06-18,61.0,61.0,59.05,61.0,60.472527472527474,364.0,15.0,22012.0,312.0,85.71,1.95,0.0,1560816000.0
2019-06-17,66.0,66.0,54.5,60.1,60.318891366677285,3139.0,63.0,189341.0,1095.0,34.88,11.5,-5.9,1560729600.0
2019-06-14,57.55,60.0,57.05,60.0,59.21637426900585,684.0,13.0,40504.0,564.0,82.46,2.95,2.45,1560470400.0
2019-06-13,63.8,63.8,58.1,58.65,60.888401253918495,1595.0,9.0,97117.0,25.0,1.57,5.7,-5.15,1560384000.0
2019-06-12,64.0,64.0,57.5,60.9,60.35569620253165,1580.0,15.0,95362.0,34.0,2.15,6.5,-3.1,1560297600.0
2019-06-11,66.0,69.8,57.0,60.0,61.76937984496124,516.0,17.0,31873.0,406.0,78.68,12.8,-6.0,1560211200.0
2019-06-10,64.0,64.0,56.45,60.1,59.419422941590426,1421.0,26.0,84435.0,220.0,15.48,7.55,-3.9,1560124800.0
2019-06-07,68.0,68.0,60.5,60.5,60.80645161290322,713.0,8.0,43355.0,373.0,52.31,7.5,-7.5,1559865600.0
2019-06-06,66.0,66.0,63.5,63.5,64.26769230769231,325.0,7.0,20887.0,275.0,84.62,2.5,-2.5,1559779200.0
2019-06-04,65.15,68.85,64.15,64.5,65.1033163265306,784.0,9.0,51041.0,757.0,96.56,4.7,-0.65,1559606400.0
2019-06-03,68.0,70.55,66.1,66.4,67.08471760797343,602.0,19.0,40385.0,547.0,90.86,4.45,-1.6,1559520000.0
2019-05-31,78.0,78.0,67.55,70.2,71.26235741444866,263.0,27.0,18742.0,161.0,61.22,10.45,-7.8,1559260800.0
2019-05-30,83.0,86.4,72.3,76.25,80.05624651939854,5387.0,134.0,431263.0,1781.0,33.06,14.1,-6.75,1559174400.0
2019-05-29,63.0,75.8,63.0,75.8,73.06057328285559,1849.0,38.0,135089.0,1166.0,63.06,12.8,12.8,1559088000.0
2019-05-28,67.7,67.7,63.2,63.2,65.45,600.0,2.0,39270.0,0.0,0.0,4.5,-4.5,1559001600.0
2019-05-27,63.05,64.0,61.05,62.9,62.812371134020616,485.0,13.0,30464.0,340.0,70.1,2.95,-0.15,1558915200.0
2019-05-24,61.0,67.9,61.0,63.25,63.71374045801527,262.0,7.0,16693.0,35.0,13.36,6.9,2.25,1558656000.0
2019-05-22,61.0,61.0,57.1,59.2,59.09179885251434,2963.0,13.0,175089.0,533.0,17.99,3.9,-1.8,1558483200.0
2019-05-21,64.5,68.0,59.0,61.35,62.979263647905206,2363.0,17.0,148820.0,625.0,26.45,9.0,-3.15,1558396800.0
2019-05-20,58.25,60.0,58.25,59.55,59.11666666666667,300.0,4.0,17735.0,200.0,66.67,1.75,1.3,1558310400.0
2019-05-15,59.0,61.9,59.0,61.55,61.535,200.0,3.0,12307.0,200.0,100.0,2.9,2.55,1557878400.0
2019-05-14,59.7,59.7,58.5,58.55,59.30503597122303,695.0,8.0,41217.0,520.0,74.82,1.2,-1.15,1557792000.0
2019-05-13,62.9,62.9,61.35,61.35,62.1,10.0,2.0,621.0,10.0,100.0,1.55,-1.55,1557705600.0
2019-05-09,56.05,56.15,56.05,56.15,56.1,100.0,2.0,5610.0,50.0,50.0,0.1,0.1,1557360000.0
2019-05-08,56.0,56.0,56.0,56.0,56.0,225.0,3.0,12600.0,200.0,88.89,0.0,0.0,1557273600.0
2019-05-06,58.0,58.0,58.0,58.0,58.0,25.0,1.0,1450.0,25.0,100.0,0.0,0.0,1557100800.0
2019-05-02,61.0,61.95,58.0,58.05,59.442262739597936,2139.0,9.0,127147.0,239.0,11.17,3.95,-2.95,1556755200.0
2019-04-30,62.0,62.0,62.0,62.0,62.0,500.0,2.0,31000.0,500.0,100.0,0.0,0.0,1556582400.0
2019-04-26,61.5,62.5,59.5,60.5,61.101713776986415,8986.0,24.0,549060.0,1186.0,13.2,3.0,-1.0,1556236800.0
2019-04-25,61.4,61.4,58.5,58.5,59.910916580844486,3884.0,10.0,232694.0,284.0,7.31,2.9,-2.9,1556150400.0
2019-04-24,60.0,60.0,59.6,59.8,59.8,200.0,3.0,11960.0,200.0,100.0,0.4,-0.2,1556064000.0
2019-04-23,61.0,61.9,58.65,60.6,60.622754491017965,2004.0,10.0,121488.0,0.0,0.0,3.25,-0.4,1555977600.0
2019-04-22,64.5,64.5,61.0,61.0,62.75,1000.0,2.0,62750.0,0.0,0.0,3.5,-3.5,1555891200.0
2019-04-16,62.0,62.0,61.0,61.1,61.04909090909091,550.0,5.0,33577.0,500.0,90.91,1.0,-0.9,1555372800.0
2019-04-15,69.0,69.0,56.0,61.5,63.29934862645143,3531.0,20.0,223510.0,465.0,13.17,13.0,-7.5,1555286400.0
2019-04-08,64.8,64.8,60.2,62.1,62.975,1200.0,4.0,75570.0,0.0,0.0,4.6,-2.7,1554681600.0
2019-04-05,67.0,67.0,62.0,62.0,64.16666666666666,150.0,4.0,9625.0,125.0,83.33,5.0,-5.0,1554422400.0
2019-04-04,66.95,66.95,62.1,64.4,64.85839929639401,1137.0,15.0,73744.0,1086.0,95.51,4.85,-2.55,1554336000.0
2019-04-03,65.0,65.0,61.1,61.9,63.934375,320.0,6.0,20459.0,260.0,81.25,3.9,-3.1,1554249600.0
2019-04-02,64.8,64.8,62.2,62.2,63.5,2000.0,4.0,127000.0,0.0,0.0,2.6,-2.6,1554163200.0
2019-04-01,64.7,64.7,61.0,63.0,62.73957273652085,4915.0,37.0,308365.0,748.0,15.22,3.7,-1.7,1554076800.0
2019-03-29,64.0,64.0,60.0,60.1,60.91499409681228,2541.0,40.0,154785.0,1138.0,44.79,4.0,-3.9,1553817600.0
2019-03-28,61.0,67.0,61.0,66.8,64.0,1600.0,4.0,102400.0,0.0,0.0,6.0,5.8,1553731200.0
2019-03-27,67.8,67.8,61.5,62.65,64.55850487540629,3692.0,25.0,238350.0,585.0,15.85,6.3,-5.15,1553644800.0
2019-03-26,69.0,69.0,58.0,62.5,64.79556305890422,37909.0,31.0,2456335.0,50.0,0.13,11.0,-6.5,1553558400.0
2019-03-25,62.5,67.85,62.5,63.0,65.7345971563981,211.0,7.0,13870.0,150.0,71.09,5.35,0.5,1553472000.0
2019-03-22,70.0,70.0,60.0,62.55,64.88609583660644,1273.0,10.0,82600.0,393.0,30.87,10.0,-7.45,1553212800.0
2019-03-20,68.7,68.75,62.6,63.6,65.11111111111111,45.0,6.0,2930.0,0.0,0.0,6.15,-5.1,1553040000.0
2019-03-19,67.0,67.0,58.0,64.85,63.08741418764303,2185.0,19.0,137846.0,526.0,24.07,9.0,-2.15,1552953600.0
2019-03-18,64.0,64.0,62.05,62.9,62.90944881889764,254.0,3.0,15979.0,254.0,100.0,1.95,-1.1,1552867200.0
2019-03-13,68.05,69.6,66.15,66.8,67.93710106382979,7520.0,26.0,510887.0,5674.0,75.45,3.45,-1.25,1552435200.0
2019-03-12,62.5,79.8,62.5,69.8,70.05014084507042,1775.0,25.0,124339.0,924.0,52.06,17.3,7.3,1552348800.0
2019-03-07,69.0,75.0,69.0,73.55,72.25714285714285,350.0,5.0,25290.0,250.0,71.43,6.0,4.55,1551916800.0
2019-03-06,70.0,70.65,67.3,70.3,69.33932346723044,946.0,18.0,65595.0,821.0,86.79,3.35,0.3,1551830400.0
2019-03-05,60.25,69.7,60.25,68.5,67.93229166666666,768.0,22.0,52172.0,382.0,49.74,9.45,8.25,1551744000.0
2019-03-01,58.0,61.95,58.0,59.0,60.37096774193548,3100.0,10.0,187150.0,2100.0,67.74,3.95,1.0,1551398400.0
2019-02-28,56.1,56.1,56.1,56.1,56.1,490.0,1.0,27489.0,490.0,100.0,0.0,0.0,1551312000.0
2019-02-27,58.0,58.0,56.0,56.0,57.82758620689656,116.0,4.0,6708.0,111.0,95.69,2.0,-2.0,1551225600.0
2019-02-26,64.0,64.0,58.5,61.25,61.25,1200.0,4.0,73500.0,0.0,0.0,5.5,-2.75,1551139200.0
2019-02-21,59.0,63.0,57.0,59.55,57.77083333333333,144.0,10.0,8319.0,131.0,90.97,6.0,0.55,1550707200.0
2019-02-20,56.65,62.9,56.0,59.0,57.11552511415525,2190.0,11.0,125083.0,1589.0,72.56,6.9,2.35,1550620800.0
2019-02-19,63.0,63.0,55.2,59.7,59.875,136.0,12.0,8143.0,100.0,73.53,7.8,-3.3,1550534400.0
2019-02-15,58.0,63.7,58.0,63.7,58.328358208955216,67.0,3.0,3908.0,63.0,94.03,5.7,5.7,1550188800.0
2019-02-14,58.0,67.85,57.05,61.05,60.359019264448335,571.0,14.0,34465.0,470.0,82.31,10.8,3.05,1550102400.0
2019-02-12,60.5,64.75,60.5,64.75,60.6,205.0,2.0,12423.0,205.0,100.0,4.25,4.25,1549929600.0
2019-02-11,66.65,67.5,62.0,66.5,64.6599025974026,1232.0,13.0,79661.0,815.0,66.15,5.5,-0.15,1549843200.0
2019-02-07,71.75,71.75,71.75,71.75,71.75,100.0,2.0,7175.0,100.0,100.0,0.0,0.0,1549497600.0
2019-02-04,66.6,69.95,66.6,69.95,66.69417475728156,206.0,2.0,13739.0,206.0,100.0,3.35,3.35,1549238400.0
2019-02-01,66.5,72.95,66.05,72.95,66.41290322580645,155.0,3.0,10294.0,150.0,96.77,6.9,6.45,1548979200.0
2019-01-29,68.0,70.0,68.0,70.0,68.0952380952381,105.0,2.0,7150.0,100.0,95.24,2.0,2.0,1548720000.0
2019-01-28,69.1,69.1,69.1,69.1,69.08333333333333,12.0,2.0,829.0,12.0,100.0,0.0,0.0,1548633600.0
2019-01-25,70.0,73.95,69.0,73.95,73.09735973597358,606.0,12.0,44297.0,510.0,84.16,4.95,3.95,1548374400.0
2019-01-24,78.0,78.0,68.0,73.0,72.04878048780488,820.0,7.0,59080.0,5.0,0.61,10.0,-5.0,1548288000.0
2019-01-23,66.8,74.95,66.8,74.95,66.94833948339483,271.0,2.0,18143.0,266.0,98.15,8.15,8.15,1548201600.0
2019-01-22,71.95,71.95,71.95,71.95,71.8,5.0,1.0,359.0,5.0,100.0,0.0,0.0,1548115200.0
2019-01-21,69.1,69.1,69.1,69.1,69.0,2.0,1.0,138.0,2.0,100.0,0.0,0.0,1548028800.0
2019-01-18,71.0,78.45,71.0,77.7,77.63636363636363,11.0,3.0,854.0,10.0,90.91,7.45,6.7,1547769600.0
2019-01-17,68.3,71.95,68.3,70.55,69.92307692307692,52.0,6.0,3636.0,21.0,40.38,3.65,2.25,1547683200.0
2019-01-16,71.6,74.35,71.6,74.35,74.0909090909091,11.0,4.0,815.0,5.0,45.45,2.75,2.75,1547596800.0
2019-01-15,72.1,75.4,70.0,72.4,72.066187948798,3203.0,26.0,230828.0,1000.0,31.22,5.4,0.3,1547510400.0
2019-01-14,88.0,88.0,72.0,79.9,79.27963800904978,1105.0,5.0,87604.0,100.0,9.05,16.0,-8.1,1547424000.0
2019-01-10,72.0,76.4,72.0,76.4,74.0,2.0,2.0,148.0,2.0,100.0,4.4,4.4,1547078400.0
2019-01-07,77.45,77.45,74.95,74.95,76.0,2.0,2.0,152.0,1.0,50.0,2.5,-2.5,1546819200.0
2019-01-04,75.0,75.0,74.45,74.45,74.7178217821782,202.0,6.0,15093.0,101.0,50.0,0.55,-0.55,1546560000.0
2019-01-01,75.0,75.0,73.0,75.0,74.875,16.0,3.0,1198.0,15.0,93.75,2.0,0.0,1546300800.0
2018-12-31,79.5,79.5,72.0,78.5,75.22619047619047,2016.0,7.0,151656.0,16.0,0.79,7.5,-1.0,1546214400.0
2018-12-28,77.7,77.7,74.0,74.5,75.03300970873785,515.0,11.0,38642.0,460.0,89.32,3.7,-3.2,1545955200.0
2018-12-27,73.0,77.95,73.0,77.95,73.2236842105263,152.0,5.0,11130.0,152.0,100.0,4.95,4.95,1545868800.0
2018-12-26,72.25,77.95,72.25,72.85,72.65605095541402,157.0,6.0,11407.0,149.0,94.9,5.7,0.6,1545782400.0
2018-12-24,78.5,78.5,74.0,77.8,76.28962655601659,1205.0,5.0,91929.0,5.0,0.41,4.5,-0.7,1545609600.0
2018-12-20,74.0,77.9,72.0,76.4,76.32900432900433,2310.0,31.0,176320.0,1574.0,68.14,5.9,2.4,1545264000.0
2018-12-19,74.5,77.45,74.0,75.05,75.04965034965035,1430.0,17.0,107321.0,1030.0,72.03,3.45,0.55,1545177600.0
2018-12-18,78.8,78.8,78.8,78.8,78.72727272727272,11.0,2.0,866.0,11.0,100.0,0.0,0.0,1545091200.0
2018-12-17,79.0,79.0,76.0,76.1,77.13545816733067,502.0,7.0,38722.0,202.0,40.24,3.0,-2.9,1545004800.0
2018-12-12,78.5,83.0,78.0,79.9,80.40513833992097,1012.0,22.0,81370.0,552.0,54.55,5.0,1.4,1544572800.0
2018-12-07,82.0,82.75,75.5,78.6,77.68518518518519,432.0,31.0,33560.0,254.0,58.8,7.25,-3.4,1544140800.0
2018-12-06,82.0,82.0,79.9,80.0,80.4640243902439,1640.0,54.0,131961.0,1048.0,63.9,2.1,-2.0,1544054400.0
2018-12-05,77.7,85.0,77.0,79.55,80.07291474866507,5431.0,74.0,434876.0,2146.0,39.51,8.0,1.85,1543968000.0
2018-12-04,75.9,75.9,71.1,74.85,74.85755102040817,2450.0,19.0,183401.0,1882.0,76.82,4.8,-1.05,1543881600.0
2018-12-03,74.0,76.8,71.5,76.5,73.475,120.0,22.0,8817.0,66.0,55.0,5.3,2.5,1543795200.0
2018-11-30,86.5,87.0,72.0,73.25,75.45747527632344,8595.0,116.0,648557.0,4102.0,47.73,15.0,-13.25,1543536000.0
2018-11-29,77.0,87.0,75.25,87.0,78.0,5.0,4.0,390.0,1.0,20.0,11.75,10.0,1543449600.0
2018-11-28,90.9,90.9,80.0,84.5,85.18468176914777,4635.0,12.0,394831.0,35.0,0.76,10.9,-6.4,1543363200.0
2018-11-27,92.0,92.0,82.2,82.4,87.15,1200.0,4.0,104580.0,0.0,0.0,9.8,-9.6,1543276800.0
2018-11-26,86.0,87.5,86.0,86.0,86.58098591549295,568.0,5.0,49178.0,568.0,100.0,1.5,0.0,1543190400.0
2018-11-21,82.75,83.5,82.5,83.5,82.94318181818183,616.0,7.0,51093.0,370.0,60.06,1.0,0.75,1542758400.0
2018-11-20,86.0,89.9,86.0,86.3,86.27868852459017,122.0,6.0,10526.0,122.0,100.0,3.9,0.3,1542672000.0
2018-11-19,90.0,90.0,89.0,89.9,89.98347107438016,1331.0,9.0,119768.0,1331.0,100.0,1.0,-0.1,1542585600.0
2018-11-16,88.0,89.0,88.0,89.0,88.32885906040269,149.0,8.0,13161.0,109.0,73.15,1.0,1.0,1542326400.0
2018-11-14,93.0,93.0,89.95,91.0,90.712043671102,2931.0,22.0,265877.0,2060.0,70.28,3.05,-2.0,1542153600.0
2018-11-13,89.9,89.9,82.0,86.0,86.26810176125245,1022.0,12.0,88166.0,27.0,2.64,7.9,-3.9,1542067200.0
2018-11-12,90.0,90.0,86.0,90.0,88.31524390243902,1640.0,11.0,144837.0,1140.0,69.51,4.0,0.0,1541980800.0
2018-11-09,93.0,95.8,82.0,91.0,89.23066104078761,711.0,7.0,63443.0,110.0,15.47,13.8,-2.0,1541721600.0
2018-11-07,89.0,89.0,83.0,83.0,86.0,600.0,2.0,51600.0,0.0,0.0,6.0,-6.0,1541548800.0
2018-11-06,85.1,92.0,85.1,89.0,88.2,5.0,5.0,441.0,4.0,80.0,6.9,3.9,1541462400.0
2018-11-05,98.0,98.0,83.35,83.35,91.36639344262296,1220.0,5.0,111467.0,20.0,1.64,14.65,-14.65,1541376000.0
2018-11-02,78.0,95.0,77.0,88.95,85.8664708540443,4426.0,35.0,380045.0,1957.0,44.22,18.0,10.95,1541116800.0
2018-11-01,87.95,87.95,87.95,87.95,87.94820717131473,502.0,3.0,44150.0,502.0,100.0,0.0,0.0,1541030400.0
2018-10-30,79.05,84.2,79.05,81.3,80.21052631578947,19.0,3.0,1524.0,10.0,52.63,5.15,2.25,1540857600.0
2018-10-29,87.0,87.4,78.95,80.5,82.61806239737274,3045.0,11.0,251572.0,19.0,0.62,8.45,-6.5,1540771200.0
2018-10-26,76.1,87.0,76.1,78.9,79.18689320388349,412.0,10.0,32625.0,252.0,61.17,10.9,2.8,1540512000.0
2018-10-23,80.0,90.0,77.0,90.0,78.6111111111111,702.0,7.0,55185.0,700.0,99.72,13.0,10.0,1540252800.0
2018-10-22,89.95,90.05,89.95,90.05,90.01,200.0,3.0,18002.0,200.0,100.0,0.1,0.1,1540166400.0
2018-10-16,91.85,91.85,91.85,91.85,91.0,1.0,1.0,91.0,1.0,100.0,0.0,0.0,1539648000.0
2018-10-12,77.05,91.85,77.05,91.85,84.0,3.0,3.0,252.0,1.0,33.33,14.8,14.8,1539302400.0
2018-10-11,81.1,84.0,78.0,84.0,81.125,8.0,5.0,649.0,7.0,87.5,6.0,2.9,1539216000.0
2018-10-10,84.0,88.75,81.75,88.75,83.63473053892214,167.0,6.0,13967.0,100.0,59.88,7.0,4.75,1539129600.0
2018-10-09,80.1,80.1,77.1,77.3,77.9,240.0,5.0,18696.0,190.0,79.17,3.0,-2.8,1539043200.0
2018-10-04,81.25,90.1,80.0,86.75,88.59908225696803,5884.0,67.0,521317.0,4359.0,74.08,10.1,5.5,1538611200.0
2018-10-03,86.0,86.0,83.1,83.1,84.06237006237006,481.0,5.0,40434.0,481.0,100.0,2.9,-2.9,1538524800.0
2018-09-28,77.0,93.7,76.7,89.05,91.55049786628734,15466.0,74.0,1415920.0,11010.0,71.19,17.0,12.05,1538092800.0
2018-09-27,79.05,86.9,76.5,85.2,78.67037552155773,719.0,21.0,56564.0,507.0,70.51,10.4,6.15,1538006400.0
2018-09-26,80.85,82.9,80.85,82.9,82.10514018691588,1712.0,26.0,140564.0,1706.0,99.65,2.05,2.05,1537920000.0
2018-09-25,76.25,77.6,75.35,75.4,76.02835408022129,1446.0,17.0,109937.0,1082.0,74.83,2.25,-0.85,1537833600.0
2018-09-24,80.0,83.45,79.0,83.45,79.12444113263786,1342.0,10.0,106185.0,1339.0,99.78,4.45,3.45,1537747200.0
2018-09-21,83.75,87.75,83.25,87.75,83.73297002724796,1101.0,6.0,92190.0,1100.0,99.91,4.5,4.0,1537488000.0
2018-09-19,86.25,92.95,86.1,88.95,89.1864896073903,1732.0,30.0,154471.0,1675.0,96.71,6.85,2.7,1537315200.0
2018-09-17,93.95,93.95,93.95,93.95,93.9,10.0,1.0,939.0,10.0,100.0,0.0,0.0,1537142400.0
2018-09-14,94.0,94.0,93.95,93.95,93.8888888888889,9.0,2.0,845.0,5.0,55.56,0.05,-0.05,1536883200.0
2018-09-11,87.1,87.1,87.1,87.1,87.0,3.0,1.0,261.0,3.0,100.0,0.0,0.0,1536624000.0
2018-09-10,93.95,93.95,88.3,90.6,89.61068702290076,131.0,3.0,11739.0,131.0,100.0,5.65,-3.35,1536537600.0
2018-09-07,89.0,89.0,89.0,89.0,89.0,100.0,1.0,8900.0,100.0,100.0,0.0,0.0,1536278400.0
2018-09-06,91.5,91.55,90.05,90.15,91.28809523809524,420.0,7.0,38341.0,410.0,97.62,1.5,-1.35,1536192000.0
2018-09-05,97.9,97.9,91.05,91.5,94.36157337367624,1322.0,9.0,124746.0,140.0,10.59,6.85,-6.4,1536105600.0
2018-09-04,88.0,97.8,88.0,94.0,93.19395265565946,5027.0,28.0,468486.0,1075.0,21.38,9.8,6.0,1536019200.0
2018-09-03,92.25,94.2,92.25,94.2,93.98442367601248,321.0,5.0,30169.0,286.0,89.1,1.95,1.95,1535932800.0
2018-08-31,92.95,99.0,92.95,96.1,94.91304347826087,230.0,11.0,21830.0,162.0,70.43,6.05,3.15,1535673600.0
2018-08-30,88.0,93.95,88.0,93.95,89.18181818181817,253.0,5.0,22563.0,213.0,84.19,5.95,5.95,1535587200.0
2018-08-29,91.0,91.0,91.0,91.0,91.0,200.0,1.0,18200.0,200.0,100.0,0.0,0.0,1535500800.0
2018-08-28,90.0,90.15,90.0,90.15,90.125,120.0,2.0,10815.0,120.0,100.0,0.15,0.15,1535414400.0
2018-08-27,90.0,99.0,88.0,90.05,92.14060197853084,4751.0,30.0,437760.0,1449.0,30.5,11.0,0.05,1535328000.0
2018-08-24,86.0,97.8,86.0,92.25,93.17558402411454,1327.0,10.0,123644.0,64.0,4.82,11.8,6.25,1535068800.0
2018-08-23,86.05,98.95,86.05,92.0,91.28436482084687,3070.0,25.0,280243.0,1372.0,44.69,12.9,5.95,1534982400.0
2018-08-21,98.0,98.0,92.05,92.05,97.125,600.0,4.0,58275.0,600.0,100.0,5.95,-5.95,1534809600.0
2018-08-20,93.0,93.0,90.0,90.0,90.54098360655736,61.0,3.0,5523.0,61.0,100.0,3.0,-3.0,1534723200.0
2018-08-17,88.0,90.0,87.0,90.0,87.98774509803921,816.0,12.0,71798.0,596.0,73.04,3.0,2.0,1534464000.0
2018-08-16,86.1,86.1,86.1,86.1,86.1,220.0,4.0,18942.0,220.0,100.0,0.0,0.0,1534377600.0
2018-08-14,89.95,94.0,86.0,86.0,90.18289995592772,2269.0,6.0,204625.0,2265.0,99.82,8.0,-3.95,1534204800.0
2018-08-13,96.0,96.0,94.8,94.8,95.25,4.0,2.0,381.0,2.0,50.0,1.2,-1.2,1534118400.0
2018-08-10,94.0,99.0,93.0,93.0,93.68049977688533,2241.0,18.0,209938.0,2141.0,95.54,6.0,-1.0,1533859200.0
2018-08-09,92.0,93.9,90.0,93.85,91.34706616729088,1602.0,13.0,146338.0,1141.0,71.22,3.9,1.85,1533772800.0
2018-08-08,93.55,93.55,93.55,93.55,93.55,100.0,1.0,9355.0,100.0,100.0,0.0,0.0,1533686400.0
2018-08-07,98.0,98.95,95.0,95.95,95.78924731182796,930.0,11.0,89084.0,693.0,74.52,3.95,-2.05,1533600000.0
2018-08-06,101.8,101.85,98.0,99.0,99.83931357254288,3205.0,18.0,319985.0,2980.0,92.98,3.85,-2.8,1533513600.0
2018-08-03,96.8,100.9,96.8,97.15,99.73925925925924,675.0,8.0,67324.0,624.0,92.44,4.1,0.35,1533254400.0
2018-08-02,89.0,97.5,89.0,96.8,94.16136363636365,880.0,5.0,82862.0,880.0,100.0,8.5,7.8,1533168000.0
2018-08-01,92.05,96.0,90.15,93.0,93.02603800140746,1421.0,12.0,132190.0,1071.0,75.37,5.85,0.95,1533081600.0
2018-07-31,93.9,94.5,93.9,94.0,94.14583333333331,240.0,3.0,22595.0,240.0,100.0,0.6,0.1,1532995200.0
2018-07-30,90.0,90.0,90.0,90.0,90.0,15.0,1.0,1350.0,15.0,100.0,0.0,0.0,1532908800.0
2018-07-27,92.95,93.0,92.95,93.0,92.96,100.0,2.0,9296.0,100.0,100.0,0.05,0.05,1532649600.0
2018-07-26,90.4,90.4,90.4,90.4,90.39900249376558,401.0,4.0,36250.0,401.0,100.0,0.0,0.0,1532563200.0
2018-07-25,86.0,86.1,85.0,86.1,85.99939540507859,1654.0,10.0,142243.0,1654.0,100.0,1.1,0.1,1532476800.0
2018-07-24,80.0,82.0,80.0,82.0,81.26881720430107,1209.0,11.0,98254.0,1209.0,100.0,2.0,2.0,1532390400.0
2018-07-23,73.0,79.8,73.0,79.8,73.4770879526977,2706.0,12.0,198829.0,2706.0,100.0,6.8,6.8,1532304000.0
2018-07-20,76.0,78.0,76.0,76.1,76.248,1250.0,5.0,95310.0,1250.0,100.0,2.0,0.1,1532044800.0
2018-07-19,76.1,76.1,75.95,76.0,76.00817810086323,2201.0,20.0,167294.0,2201.0,100.0,0.15,-0.1,1531958400.0
2018-07-18,79.9,79.9,79.9,79.9,79.9,100.0,1.0,7990.0,100.0,100.0,0.0,0.0,1531872000.0
2018-07-17,74.1,79.95,74.1,79.95,74.11952191235059,251.0,4.0,18604.0,251.0,100.0,5.85,5.85,1531785600.0
2018-07-16,77.55,84.85,77.5,77.5,77.60578512396694,1210.0,13.0,93903.0,1210.0,100.0,7.35,-0.05,1531699200.0
2018-07-13,81.55,81.55,81.5,81.55,81.525,200.0,2.0,16305.0,200.0,100.0,0.05,0.0,1531440000.0
2018-07-12,80.35,80.35,80.35,80.35,80.35,200.0,1.0,16070.0,200.0,100.0,0.0,0.0,1531353600.0
2018-07-11,84.0,84.0,84.0,84.0,84.0,100.0,2.0,8400.0,100.0,100.0,0.0,0.0,1531267200.0
2018-07-10,87.25,87.3,81.35,81.35,85.36963696369637,303.0,5.0,25867.0,303.0,100.0,5.95,-5.9,1531180800.0
2018-07-09,83.25,83.25,83.15,83.15,83.16226415094339,530.0,8.0,44076.0,530.0,100.0,0.1,-0.1,1531094400.0
2018-07-06,83.65,87.5,83.6,87.5,84.72,350.0,8.0,29652.0,350.0,100.0,3.9,3.85,1530835200.0
2018-07-05,90.3,90.3,82.65,88.0,85.95862068965516,145.0,5.0,12464.0,145.0,100.0,7.65,-2.3,1530748800.0
2018-07-04,83.25,86.0,83.25,86.0,85.85135135135134,370.0,2.0,31765.0,370.0,100.0,2.75,2.75,1530662400.0
2018-07-03,93.8,93.9,86.0,86.0,93.78686493184634,807.0,9.0,75686.0,807.0,100.0,7.9,-7.8,1530576000.0
2018-07-02,81.15,89.45,81.15,89.45,81.43456790123456,405.0,6.0,32981.0,405.0,100.0,8.3,8.3,1530489600.0
2018-06-29,85.4,85.7,85.4,85.4,85.48125,640.0,5.0,54708.0,640.0,100.0,0.3,0.0,1530230400.0
2018-06-28,89.85,89.85,89.85,89.85,89.84909090909092,550.0,3.0,49417.0,550.0,100.0,0.0,0.0,1530144000.0
2018-06-27,94.55,94.55,94.55,94.55,94.54,50.0,1.0,4727.0,50.0,100.0,0.0,0.0,1530057600.0
2018-06-25,90.2,99.5,90.2,99.5,91.83571428571427,280.0,7.0,25714.0,280.0,100.0,9.3,9.3,1529884800.0
2018-06-22,94.9,94.9,94.9,94.9,94.9,500.0,4.0,47450.0,500.0,100.0,0.0,0.0,1529625600.0
2018-06-21,95.55,100.0,95.2,99.85,95.62913907284768,151.0,5.0,14440.0,151.0,100.0,4.8,4.3,1529539200.0
2018-06-20,95.1,100.9,95.1,100.2,100.175,40.0,2.0,4007.0,40.0,100.0,5.8,5.1,1529452800.0
2018-06-19,96.5,100.0,96.5,100.0,97.42528735632186,87.0,2.0,8476.0,87.0,100.0,3.5,3.5,1529366400.0
2018-06-18,96.0,101.5,96.0,100.55,100.56,750.0,5.0,75420.0,750.0,100.0,5.5,4.55,1529280000.0
2018-06-15,100.05,102.95,96.6,96.7,97.6288274831964,2678.0,20.0,261450.0,2678.0,100.0,6.35,-3.35,1529020800.0
2018-06-13,101.65,101.65,101.65,101.65,101.64,50.0,1.0,5082.0,50.0,100.0,0.0,0.0,1528848000.0
2018-06-11,106.95,106.95,106.95,106.95,106.95,200.0,1.0,21390.0,200.0,100.0,0.0,0.0,1528675200.0
2018-06-08,106.5,107.55,102.0,107.5,107.37089201877934,1065.0,7.0,114350.0,1065.0,100.0,5.55,1.0,1528416000.0
2018-06-07,102.6,102.6,102.6,102.6,102.6,5.0,1.0,513.0,5.0,100.0,0.0,0.0,1528329600.0
2018-06-06,108.5,108.5,107.95,107.95,108.01123595505616,89.0,2.0,9613.0,89.0,100.0,0.55,-0.55,1528243200.0
2018-06-05,106.5,109.0,106.5,109.0,106.76785714285714,56.0,2.0,5979.0,56.0,100.0,2.5,2.5,1528156800.0
2018-06-04,112.1,112.1,112.1,112.1,112.09935483870969,775.0,4.0,86877.0,775.0,100.0,0.0,0.0,1528070400.0
2018-06-01,120.0,120.0,115.05,117.95,118.41717791411044,326.0,7.0,38604.0,326.0,100.0,4.95,-2.05,1527811200.0
2018-05-31,112.55,122.4,112.5,120.6,114.57407407407408,810.0,7.0,92805.0,810.0,100.0,9.9,8.05,1527724800.0
2018-05-30,113.05,117.0,113.05,116.65,116.56216216216217,370.0,7.0,43128.0,370.0,100.0,3.95,3.6,1527638400.0
2018-05-29,120.0,120.0,116.55,117.0,117.19827586206895,116.0,5.0,13595.0,116.0,100.0,3.45,-3.0,1527552000.0
2018-05-28,124.0,124.0,120.0,120.1,121.8,110.0,5.0,13398.0,110.0,100.0,4.0,-3.9,1527465600.0
2018-05-24,120.25,120.25,120.25,120.25,120.25,20.0,1.0,2405.0,20.0,100.0,0.0,0.0,1527120000.0
2018-05-23,118.0,126.35,118.0,126.35,126.03666666666666,5100.0,31.0,642787.0,5100.0,100.0,8.35,8.35,1527033600.0
2018-05-18,120.35,120.35,120.35,120.35,120.33333333333331,54.0,3.0,6498.0,54.0,100.0,0.0,0.0,1526601600.0
2018-05-16,118.75,126.65,118.75,126.65,125.53333333333332,15.0,2.0,1883.0,15.0,100.0,7.9,7.9,1526428800.0
2018-05-15,119.5,125.0,119.5,125.0,120.03535353535352,792.0,13.0,95068.0,792.0,100.0,5.5,5.5,1526342400.0
2018-05-11,125.0,125.0,124.6,124.6,124.96363636363635,110.0,2.0,13746.0,110.0,100.0,0.4,-0.4,1525996800.0
2018-05-10,129.95,129.95,124.3,124.6,124.67164179104476,201.0,5.0,25059.0,201.0,100.0,5.65,-5.35,1525910400.0
2018-05-09,141.2,141.2,129.0,129.4,136.75120862774264,2689.0,33.0,367724.0,2689.0,100.0,12.2,-11.8,1525824000.0
2018-05-08,134.0,134.5,127.0,134.5,132.30254989972303,10471.0,82.0,1385340.0,10471.0,100.0,7.5,0.5,1525737600.0
2018-05-07,118.3,130.7,118.3,128.1,126.75161412837068,5266.0,37.0,667474.0,5266.0,100.0,12.4,9.8,1525651200.0
2018-05-04,115.7,124.5,115.7,124.5,117.05,40.0,3.0,4682.0,40.0,100.0,8.8,8.8,1525392000.0
2018-05-03,122.6,125.9,121.6,121.6,122.00704225352112,142.0,6.0,17325.0,142.0,100.0,4.3,-1.0,1525305600.0
2018-05-02,134.95,134.95,123.65,128.0,128.0142716535433,2032.0,18.0,260125.0,2032.0,100.0,11.3,-6.95,1525219200.0
2018-04-30,130.5,136.0,126.0,130.0,133.11427602577143,5898.0,18.0,785108.0,200.0,3.39,10.0,-0.5,1525046400.0
2018-04-27,129.9,133.8,129.1,132.3,131.01802746043393,9541.0,57.0,1250043.0,2310.0,24.21,4.7,2.4,1524787200.0
2018-04-26,128.45,134.0,124.5,127.45,130.0665791776028,11430.0,95.0,1486661.0,2351.0,20.57,9.5,-1.0,1524700800.0
2018-04-25,134.4,136.4,126.0,128.45,131.64060951437065,8072.0,74.0,1062603.0,3953.0,48.97,10.4,-5.95,1524614400.0
2018-04-24,130.95,131.25,127.3,131.25,131.11231726733246,13818.0,99.0,1811710.0,7633.0,55.24,3.95,0.3,1524528000.0
2018-04-23,119.75,125.0,118.55,125.0,123.05514825676116,12276.0,52.0,1510625.0,5959.0,48.54,6.45,5.25,1524441600.0
2018-04-20,119.05,119.05,111.25,119.05,116.127516326668,14853.0,58.0,1724842.0,2415.0,16.26,7.8,0.0,1524182400.0
2018-04-19,109.95,113.4,109.0,113.4,111.3370090926678,15507.0,53.0,1726503.0,1959.0,12.63,4.4,3.45,1524096000.0
2018-04-18,110.85,113.1,107.5,108.0,111.93815294609276,11965.0,40.0,1339340.0,225.0,1.88,5.6,-2.85,1524009600.0
2018-04-17,112.3,112.3,108.95,109.3,110.63397923875432,14450.0,56.0,1598661.0,1143.0,7.91,3.35,-3.0,1523923200.0
2018-04-16,108.95,111.3,103.8,110.85,106.88029127535049,14694.0,52.0,1570499.0,1510.0,10.28,7.5,1.9,1523836800.0
2018-04-12,108.1,108.1,106.0,106.0,106.68888888888888,45.0,2.0,4801.0,45.0,100.0,2.1,-2.1,1523491200.0
2018-04-11,110.95,114.5,108.05,108.1,112.57662707043669,11954.0,29.0,1345741.0,149.0,1.25,6.45,-2.85,1523404800.0
2018-04-10,111.45,113.7,109.0,110.25,112.8216694772344,9488.0,45.0,1070452.0,600.0,6.32,4.7,-1.2,1523318400.0
2018-04-09,103.85,108.5,101.75,108.5,105.78734027248878,11817.0,162.0,1250089.0,211.0,1.79,6.75,4.65,1523232000.0
2018-04-06,104.7,107.0,100.0,103.35,102.09138187221396,10768.0,157.0,1099320.0,1985.0,18.43,7.0,-1.35,1522972800.0
2018-04-05,104.65,107.6,103.15,103.9,106.45533100049988,14003.0,195.0,1490694.0,146.0,1.04,4.45,-0.75,1522886400.0
2018-04-04,102.25,106.05,102.25,103.9,105.0040270756576,11671.0,190.0,1225502.0,515.0,4.41,3.8,1.65,1522800000.0
2018-04-03,100.8,101.0,96.95,101.0,99.11823556161892,13194.0,180.0,1307766.0,800.0,6.06,4.05,0.2,1522713600.0
2018-04-02,96.2,96.2,93.85,96.2,94.86921814383768,13404.0,175.0,1271627.0,150.0,1.12,2.35,0.0,1522627200.0
2018-03-28,87.35,91.65,87.35,91.65,91.23354838709676,775.0,5.0,70706.0,775.0,100.0,4.3,4.3,1522195200.0
2018-03-27,87.0,87.3,86.95,87.3,87.21604584527219,1745.0,14.0,152192.0,1545.0,88.54,0.35,0.3,1522108800.0
2018-03-26,81.4,88.1,81.4,83.15,86.40181268882175,8275.0,102.0,714975.0,2010.0,24.29,6.7,1.75,1522022400.0
2018-03-23,87.2,90.0,84.75,85.1,86.25739573229875,8248.0,128.0,711451.0,1000.0,12.12,5.25,-2.1,1521763200.0
2018-03-22,89.1,94.05,87.45,89.2,88.87831573525624,7766.0,116.0,690229.0,627.0,8.07,6.6,0.1,1521676800.0
2018-03-20,90.1,95.2,90.1,92.0,93.30022573363432,886.0,27.0,82664.0,225.0,25.4,5.1,1.9,1521504000.0
2018-03-16,94.0,94.0,94.0,94.0,94.0,104.0,3.0,9776.0,102.0,98.08,0.0,0.0,1521158400.0
2018-03-15,96.75,100.45,95.95,97.9,96.6725663716814,6215.0,49.0,600820.0,0.0,0.0,4.5,1.15,1521072000.0
2018-03-12,95.35,100.0,95.35,96.55,97.49605263157896,760.0,8.0,74097.0,520.0,68.42,4.65,1.2,1520812800.0
2018-03-09,100.95,100.95,95.15,99.65,98.635687732342,538.0,4.0,53066.0,538.0,100.0,5.8,-1.3,1520553600.0
2018-03-08,91.45,99.65,91.45,98.5,95.60175054704597,457.0,9.0,43690.0,297.0,64.99,8.2,7.05,1520467200.0
2018-03-07,93.15,96.0,93.15,96.0,95.9306358381503,173.0,6.0,16596.0,169.0,97.69,2.85,2.85,1520380800.0
2018-03-06,94.1,96.2,94.1,95.0,94.78571428571428,14.0,7.0,1327.0,2.0,14.29,2.1,0.9,1520294400.0
2018-03-05,98.55,98.55,98.55,98.55,98.55,100.0,1.0,9855.0,100.0,100.0,0.0,0.0,1520208000.0
2018-03-01,96.15,99.0,96.15,98.55,98.0,4.0,4.0,392.0,1.0,25.0,2.85,2.4,1519862400.0
2018-02-28,96.1,101.0,96.0,100.2,98.10035005834304,857.0,13.0,84072.0,437.0,50.99,5.0,4.1,1519776000.0
2018-02-27,99.0,100.0,98.0,100.0,98.72876712328768,365.0,7.0,36036.0,363.0,99.45,2.0,1.0,1519689600.0
2018-02-26,101.0,101.0,100.0,100.0,100.4,250.0,2.0,25100.0,250.0,100.0,1.0,-1.0,1519603200.0
2018-02-23,100.0,104.0,99.05,101.8,101.24137931034484,551.0,17.0,55784.0,296.0,53.72,4.95,1.8,1519344000.0
2018-02-22,99.85,107.85,99.0,99.4,100.1586440677966,2950.0,53.0,295468.0,1302.0,44.14,8.85,-0.45,1519257600.0
2018-02-21,103.0,104.95,102.0,104.1,103.5972067039106,1790.0,28.0,185439.0,925.0,51.68,2.95,1.1,1519171200.0
2018-02-20,105.95,109.0,103.0,104.15,106.12695652173912,1150.0,16.0,122046.0,748.0,65.04,6.0,-1.8,1519084800.0
2018-02-19,110.0,110.0,103.0,107.35,106.97229437229436,1155.0,13.0,123553.0,955.0,82.68,7.0,-2.65,1518998400.0
2018-02-16,110.0,110.0,103.2,105.95,107.35625,640.0,8.0,68708.0,410.0,64.06,6.8,-4.05,1518739200.0
2018-02-15,106.7,111.15,105.05,107.65,107.33761562178827,1946.0,13.0,208879.0,846.0,43.47,6.1,0.95,1518652800.0
2018-02-14,109.0,110.7,109.0,110.4,110.40929535232384,667.0,15.0,73643.0,451.0,67.62,1.7,1.4,1518566400.0
2018-02-12,110.0,110.25,110.0,110.25,110.09375,160.0,3.0,17615.0,160.0,100.0,0.25,0.25,1518393600.0
2018-02-09,105.0,105.0,105.0,105.0,105.0,321.0,6.0,33705.0,300.0,93.46,0.0,0.0,1518134400.0
2018-02-08,98.0,101.0,96.1,100.0,99.37894736842104,760.0,11.0,75528.0,610.0,80.26,4.9,2.0,1518048000.0
2018-02-07,93.0,98.85,93.0,97.0,94.5960912052117,2456.0,27.0,232328.0,2009.0,81.8,5.85,4.0,1517961600.0
2018-02-06,90.0,95.4,90.0,94.15,91.60559517279208,3646.0,40.0,333994.0,2259.0,61.96,5.4,4.15,1517875200.0
2018-02-05,94.8,99.0,88.7,90.9,93.63204625232297,4843.0,89.0,453460.0,2108.0,43.53,10.3,-3.9,1517788800.0
2018-02-02,102.0,102.15,93.25,93.8,97.17924086223056,12804.0,144.0,1244283.0,9979.0,77.94,8.9,-8.2,1517529600.0
2018-02-01,105.9,116.5,100.1,103.5,107.4032738095238,672.0,25.0,72175.0,177.0,26.34,16.4,-2.4,1517443200.0
2018-01-31,107.0,107.0,106.5,106.5,106.8125,80.0,4.0,8545.0,80.0,100.0,0.5,-0.5,1517356800.0
2018-01-30,104.05,112.9,104.0,111.95,104.07920792079209,202.0,5.0,21024.0,201.0,99.5,8.9,7.9,1517270400.0
2018-01-29,117.45,117.45,106.9,107.2,107.2001902044698,2103.0,32.0,225442.0,1553.0,73.85,10.55,-10.25,1517184000.0
2018-01-25,109.9,113.0,106.05,108.35,110.16283185840707,1130.0,26.0,124484.0,469.0,41.5,6.95,-1.55,1516838400.0
2018-01-24,105.15,109.0,103.55,107.45,106.82093023255813,2580.0,46.0,275598.0,615.0,23.84,5.45,2.3,1516752000.0
2018-01-23,118.5,118.5,103.0,108.9,112.3525721455458,1594.0,33.0,179090.0,827.0,51.88,15.5,-9.6,1516665600.0
2018-01-22,113.1,117.95,108.0,110.8,113.74815312290129,2978.0,52.0,338742.0,1630.0,54.73,9.95,-2.3,1516579200.0
2018-01-19,117.55,120.3,112.55,113.0,116.19735258724428,4155.0,56.0,482800.0,2260.0,54.39,7.75,-4.55,1516320000.0
2018-01-18,121.6,125.0,112.1,114.9,118.41433923705722,5872.0,56.0,695329.0,2413.0,41.09,12.9,-6.7,1516233600.0
2018-01-17,117.0,126.0,115.05,122.5,123.06666666666666,1320.0,25.0,162448.0,550.0,41.67,10.95,5.5,1516147200.0
2018-01-16,130.0,134.95,123.1,123.95,125.88275862068964,1160.0,27.0,146024.0,610.0,52.59,11.85,-6.05,1516060800.0
2018-01-15,130.0,131.4,127.1,130.65,129.44136622390891,2635.0,55.0,341078.0,695.0,26.38,4.3,0.65,1515974400.0
2018-01-12,130.0,134.9,129.0,133.8,131.1052631578947,950.0,15.0,124550.0,400.0,42.11,5.9,3.8,1515715200.0
2018-01-11,129.0,137.0,128.0,130.25,134.47736976942784,1171.0,22.0,157473.0,518.0,44.24,9.0,1.25,1515628800.0
2018-01-10,130.0,134.0,128.25,128.95,130.1607903913212,2581.0,46.0,335945.0,1340.0,51.92,5.75,-1.05,1515542400.0
2018-01-09,136.3,136.3,129.0,130.15,132.1411596958175,2104.0,17.0,278025.0,1101.0,52.33,7.3,-6.15,1515456000.0
2018-01-08,125.2,134.5,125.0,134.35,130.01005698960776,2983.0,43.0,387820.0,1756.0,58.87,9.5,9.15,1515369600.0
2018-01-05,139.7,139.7,128.15,134.2,134.0426229508197,610.0,10.0,81766.0,560.0,91.8,11.55,-5.5,1515110400.0
2018-01-04,129.0,135.75,127.2,128.55,132.07678634909348,2813.0,60.0,371532.0,1839.0,65.38,8.55,-0.45,1515024000.0
2018-01-03,124.0,124.05,123.1,123.45,123.58474576271186,1416.0,15.0,174996.0,1125.0,79.45,0.95,-0.55,1514937600.0
2018-01-02,129.45,129.95,123.1,123.95,126.18089430894308,492.0,17.0,62081.0,280.0,56.91,6.85,-5.5,1514851200.0
2018-01-01,137.0,137.0,128.0,129.5,129.80597889800703,1706.0,34.0,221449.0,1005.0,58.91,9.0,-7.5,1514764800.0
2017-12-29,132.5,134.35,127.6,127.65,128.64441087613292,3310.0,29.0,425813.0,2760.0,83.38,6.75,-4.85,1514505600.0
2017-12-28,123.1,130.1,121.45,128.65,126.78256611165524,5105.0,95.0,647225.0,1710.0,33.5,8.65,5.55,1514419200.0
2017-12-27,125.1,129.9,123.15,124.0,124.5040365040365,5698.0,77.0,709424.0,2150.0,37.73,6.75,-1.1,1514332800.0
2017-12-26,125.0,126.95,120.4,124.0,122.09843856076036,2946.0,41.0,359702.0,2366.0,80.31,6.55,-1.0,1514246400.0
2017-12-22,129.35,133.0,124.7,125.3,130.5024198703315,21902.0,230.0,2858264.0,11939.0,54.51,8.3,-4.05,1513900800.0
2017-12-21,120.5,132.1,119.0,126.9,129.2283114537751,14397.0,271.0,1860500.0,7318.0,50.83,13.1,6.4,1513814400.0
2017-12-20,120.5,123.0,119.0,120.1,121.054476806904,1854.0,19.0,224435.0,790.0,42.61,4.0,-0.4,1513728000.0
2017-12-19,117.4,124.7,115.4,123.7,120.016853375632,10087.0,155.0,1210610.0,3630.0,35.99,9.3,6.3,1513641600.0
2017-12-18,115.05,119.0,115.05,117.3,117.3838351822504,3155.0,59.0,370346.0,1283.0,40.67,3.95,2.25,1513555200.0
2017-12-15,113.4,114.5,113.4,114.5,114.44672657252887,779.0,5.0,89154.0,764.0,98.07,1.1,1.1,1513296000.0
2017-12-14,115.25,119.0,112.1,112.1,116.12174721189592,1076.0,16.0,124947.0,438.0,40.71,6.9,-3.15,1513209600.0
2017-12-13,112.4,122.7,112.4,116.5,117.6316951147734,6796.0,129.0,799425.0,1846.0,27.16,10.3,4.1,1513123200.0
2017-12-12,118.1,120.0,112.0,112.7,114.09531931021412,5277.0,111.0,602081.0,2945.0,55.81,8.0,-5.4,1513036800.0
2017-12-11,118.4,122.95,113.15,120.6,118.873786407767,2163.0,51.0,257124.0,1374.0,63.52,9.8,2.2,1512950400.0
2017-12-08,134.85,134.85,115.3,116.35,121.54730258014072,14069.0,258.0,1710049.0,5033.0,35.77,19.55,-18.5,1512691200.0
2017-12-07,123.0,126.4,119.35,126.4,125.51556207494332,37495.0,232.0,4706206.0,27037.0,72.11,7.05,3.4,1512604800.0
2017-12-06,114.95,114.95,114.95,114.95,114.95,1780.0,15.0,204611.0,1780.0,100.0,0.0,0.0,1512518400.0
2017-12-05,109.5,109.5,103.55,109.5,107.38534396809573,4012.0,27.0,430830.0,2553.0,63.63,5.95,0.0,1512432000.0
2017-12-04,102.4,104.3,97.05,104.3,102.96277987787148,3439.0,22.0,354089.0,3039.0,88.37,7.25,1.9,1512345600.0
2017-12-01,98.95,99.8,96.25,99.35,99.51205573821824,12774.0,61.0,1271167.0,10410.0,81.49,3.55,0.4,1512086400.0
2017-11-30,98.0,98.0,94.3,95.05,95.04953560371516,323.0,6.0,30701.0,201.0,62.23,3.7,-2.95,1512000000.0
2017-11-29,98.4,99.0,95.2,97.0,96.6377025036819,2037.0,21.0,196851.0,1190.0,58.42,3.8,-1.4,1511913600.0
2017-11-28,99.5,100.15,97.85,98.1,98.23790196690602,3203.0,27.0,314656.0,2301.0,71.84,2.3,-1.4,1511827200.0
2017-11-27,97.0,98.95,96.5,98.9,98.71745711402625,2973.0,27.0,293487.0,2822.0,94.92,2.45,1.9,1511740800.0
2017-11-24,99.0,99.0,93.5,94.25,94.2488888888889,1125.0,24.0,106030.0,600.0,53.33,5.5,-4.75,1511481600.0
2017-11-23,93.7,96.7,93.7,95.35,95.36666666666666,240.0,5.0,22888.0,140.0,58.33,3.0,1.65,1511395200.0
2017-11-22,95.25,96.4,93.95,95.05,95.2025148908008,4533.0,66.0,431553.0,3565.0,78.65,2.45,-0.2,1511308800.0
2017-11-21,99.75,102.45,96.4,98.05,99.03636363636365,2585.0,43.0,256009.0,1287.0,49.79,6.05,-1.7,1511222400.0
2017-11-20,100.0,100.0,97.5,99.35,99.42997811816193,1828.0,69.0,181758.0,1337.0,73.14,2.5,-0.65,1511136000.0
2017-11-17,98.75,100.0,98.75,99.35,99.0441176470588,340.0,6.0,33675.0,230.0,67.65,1.25,0.6,1510876800.0
2017-11-16,100.0,102.45,96.5,99.5,99.11606341609333,3343.0,54.0,331345.0,1510.0,45.17,5.95,-0.5,1510790400.0
2017-11-15,100.0,103.85,100.0,100.35,100.83578856152512,2308.0,22.0,232729.0,1848.0,80.07,3.85,0.35,1510704000.0
2017-11-14,103.55,104.9,100.2,100.9,102.0377358490566,1855.0,28.0,189280.0,1562.0,84.2,4.7,-2.65,1510617600.0
2017-11-13,103.5,106.0,103.1,103.55,103.67119741100323,1545.0,15.0,160172.0,1520.0,98.38,2.9,0.05,1510531200.0
2017-11-10,106.0,107.85,105.35,106.45,107.18053097345133,565.0,12.0,60557.0,435.0,76.99,2.5,0.45,1510272000.0
2017-11-09,107.85,109.8,106.3,107.95,107.86747868453104,4105.0,40.0,442796.0,2825.0,68.82,3.5,0.1,1510185600.0
2017-11-08,107.6,114.25,107.5,111.25,110.00931506849317,1825.0,24.0,200767.0,1360.0,74.52,6.75,3.65,1510099200.0
2017-11-07,113.0,113.0,107.45,111.2,110.31333333333332,5700.0,43.0,628786.0,4567.0,80.12,5.55,-1.8,1510012800.0
2017-11-06,112.75,112.75,108.0,109.65,110.0289608177172,3522.0,36.0,387522.0,2600.0,73.82,4.75,-3.1,1509926400.0
2017-11-03,112.55,113.4,112.55,113.4,112.5508982035928,1002.0,2.0,112776.0,1002.0,100.0,0.85,0.85,1509667200.0
2017-11-02,116.85,116.85,112.5,113.95,114.09150805270863,5464.0,32.0,623396.0,4305.0,78.79,4.35,-2.9,1509580800.0
2017-11-01,117.45,117.9,115.0,117.15,116.28227813104782,3617.0,38.0,420593.0,2521.0,69.7,2.9,-0.3,1509494400.0
2017-10-31,112.15,117.8,112.1,117.35,116.207258834766,3141.0,56.0,365007.0,1857.0,59.12,5.7,5.2,1509408000.0
2017-10-30,112.0,116.85,112.0,112.2,113.74418604651162,2365.0,27.0,269005.0,1047.0,44.27,4.85,0.2,1509321600.0
2017-10-27,115.45,117.95,111.3,113.6,115.84459972656845,6583.0,69.0,762605.0,3743.0,56.86,6.65,-1.85,1509062400.0
2017-10-26,117.5,117.95,113.0,114.55,116.106080634501,6052.0,55.0,702674.0,1342.0,22.17,4.95,-2.95,1508976000.0
2017-10-25,119.95,119.95,114.0,116.75,115.96261046906866,2942.0,44.0,341162.0,1537.0,52.24,5.95,-3.2,1508889600.0
2017-10-24,115.6,119.15,115.0,119.15,118.9685223239305,10706.0,86.0,1273677.0,5813.0,54.3,4.15,3.55,1508803200.0
2017-10-23,110.2,113.5,109.05,113.5,113.104590205856,7821.0,58.0,884591.0,6197.0,79.24,4.45,3.3,1508716800.0
2017-10-19,107.4,109.95,107.4,108.1,107.9027027027027,1850.0,14.0,199620.0,1850.0,100.0,2.55,0.7,1508371200.0
2017-10-18,106.0,108.5,104.95,106.2,106.48799756912793,3291.0,38.0,350452.0,2211.0,67.18,3.55,0.2,1508284800.0
2017-10-17,107.15,110.95,107.15,107.4,108.01739130434784,920.0,9.0,99376.0,820.0,89.13,3.8,0.25,1508198400.0
2017-10-16,108.8,112.8,107.0,108.9,109.321976534296,4432.0,59.0,484515.0,2520.0,56.86,5.8,0.1,1508112000.0
2017-10-13,113.2,113.45,106.0,108.45,111.053674351585,11104.0,101.0,1233140.0,6061.0,54.58,7.45,-4.75,1507852800.0
2017-10-12,108.05,112.75,107.1,111.0,111.5146750524109,19080.0,126.0,2127700.0,14380.0,75.37,5.65,2.95,1507766400.0
2017-10-11,112.0,113.0,106.5,107.4,108.57947766140792,7543.0,75.0,819015.0,4605.0,61.05,6.5,-4.6,1507680000.0
2017-10-10,116.1,117.15,111.55,111.85,113.88798037612428,3669.0,36.0,417855.0,3133.0,85.39,5.6,-4.25,1507593600.0
2017-10-09,119.0,120.35,115.1,117.4,117.86477937687806,6323.0,74.0,745259.0,3403.0,53.82,5.25,-1.6,1507507200.0
2017-10-06,114.25,120.0,113.15,114.65,117.61207516172092,9739.0,109.0,1145424.0,4232.0,43.45,6.85,0.4,1507248000.0
2017-10-05,122.0,122.0,113.15,115.6,117.01408631066715,7809.0,92.0,913763.0,5105.0,65.37,8.85,-6.4,1507161600.0
2017-10-04,106.1,116.85,106.1,116.85,115.84696500362485,15173.0,114.0,1757746.0,12369.0,81.52,10.75,10.75,1507075200.0
2017-10-03,118.5,118.5,111.3,111.3,112.2647720877884,3554.0,57.0,398989.0,2749.0,77.35,7.2,-7.2,1506988800.0
2017-09-29,115.35,119.5,115.0,117.15,116.6241900647948,926.0,22.0,107994.0,660.0,71.27,4.5,1.8,1506643200.0
2017-09-28,116.55,122.0,116.55,117.4,119.35324311712552,2143.0,56.0,255774.0,1470.0,68.6,5.45,0.85,1506556800.0
2017-09-27,125.25,130.2,121.85,121.85,124.12962242117555,5138.0,70.0,637778.0,2232.0,43.44,8.35,-3.4,1506470400.0
2017-09-26,125.85,134.0,125.85,128.25,127.31440891124684,5566.0,94.0,708632.0,2479.0,44.54,8.15,2.4,1506384000.0
2017-09-25,133.15,133.15,132.45,132.45,132.53899082568807,2180.0,33.0,288935.0,1631.0,74.82,0.7,-0.7,1506297600.0
2017-09-22,139.5,139.65,139.4,139.4,139.4206317473011,2501.0,42.0,348691.0,1077.0,43.06,0.25,-0.1,1506038400.0
2017-09-21,148.05,149.7,140.65,146.7,142.96694439062196,25805.0,233.0,3689262.0,16015.0,62.06,9.05,-1.35,1505952000.0
2017-09-20,146.8,148.55,138.05,148.05,147.40259898477157,98500.0,896.0,14519156.0,17659.0,17.93,10.5,1.25,1505865600.0
2017-09-19,122.6,135.05,121.0,135.05,131.1733789382407,20758.0,338.0,2722897.0,10310.0,49.67,14.05,12.45,1505779200.0
2017-09-18,124.0,131.8,121.3,122.8,126.87173246515157,31637.0,568.0,4013841.0,9666.0,30.55,10.5,-1.2,1505692800.0
2017-09-15,125.0,127.95,117.5,121.85,121.8629915760988,22911.0,271.0,2792003.0,10157.0,44.33,10.45,-3.15,1505433600.0
2017-09-14,118.9,128.0,110.6,123.75,122.78758059043092,53046.0,378.0,6513390.0,18302.0,34.5,17.4,4.85,1505347200.0
2017-09-13,130.95,133.25,115.3,118.05,123.11404937314204,38685.0,486.0,4762667.0,11520.0,29.78,17.95,-12.9,1505260800.0
2017-09-12,118.0,128.0,116.4,128.0,126.67321544710458,81491.0,683.0,10322727.0,21062.0,25.85,11.6,10.0,1505174400.0
2017-09-11,106.55,116.4,101.5,116.4,115.10645960680654,90795.0,412.0,10451091.0,26285.0,28.95,14.9,9.85,1505088000.0
2017-09-08,111.1,112.0,104.5,105.85,107.8035008469791,17710.0,166.0,1909200.0,8149.0,46.01,7.5,-5.25,1504828800.0
2017-09-07,116.0,118.4,108.25,110.15,113.6267135728352,52303.0,679.0,5943018.0,14963.0,28.61,10.15,-5.85,1504742400.0
2017-09-06,113.0,115.15,105.7,111.25,112.96208927799394,185040.0,1238.0,20902505.0,34628.0,18.71,9.45,-1.75,1504656000.0
2017-09-05,89.0,104.7,87.0,104.7,100.48795337319233,73091.0,566.0,7344765.0,34710.0,47.49,17.7,15.7,1504569600.0
2017-09-04,80.0,89.9,78.95,87.25,84.63427282976323,13305.0,121.0,1126059.0,5674.0,42.65,10.95,7.25,1504483200.0
2017-09-01,75.5,79.5,75.5,78.7,77.4845215061765,13438.0,73.0,1041237.0,5558.0,41.36,4.0,3.2,1504224000.0
2017-08-31,73.0,76.25,73.0,75.5,75.41548306539721,6407.0,17.0,483187.0,6297.0,98.28,3.25,2.5,1504137600.0
2017-08-30,75.0,76.95,73.7,74.15,75.06003937007874,4064.0,12.0,305044.0,750.0,18.45,3.25,-0.85,1504051200.0
2017-08-29,73.0,76.0,73.0,73.5,74.15510033444816,2392.0,22.0,177379.0,697.0,29.14,3.0,0.5,1503964800.0
2017-08-28,75.15,77.9,73.6,76.0,76.47439252336449,2675.0,42.0,204569.0,1505.0,56.26,4.3,0.85,1503878400.0
2017-08-24,73.1,74.0,73.1,74.0,73.28,125.0,2.0,9160.0,125.0,100.0,0.9,0.9,1503532800.0
2017-08-23,74.45,74.45,72.05,72.9,73.14919663351188,1307.0,27.0,95606.0,1020.0,78.04,2.4,-1.55,1503446400.0
2017-08-22,75.0,75.95,71.7,72.6,72.75872650556195,2607.0,42.0,189682.0,1255.0,48.14,4.25,-2.4,1503360000.0
2017-08-21,74.8,75.2,71.8,73.25,74.78192681105303,2678.0,32.0,200266.0,2278.0,85.06,3.4,-1.55,1503273600.0
2017-08-18,78.0,78.0,76.1,77.75,76.88241525423727,944.0,17.0,72577.0,820.0,86.86,1.9,-0.25,1503014400.0
2017-08-17,77.1,78.0,77.1,77.8,77.13333333333333,240.0,6.0,18512.0,230.0,95.83,0.9,0.7,1502928000.0
2017-08-16,75.0,78.0,75.0,77.05,76.61074836765444,1991.0,24.0,152532.0,1017.0,51.08,3.0,2.05,1502841600.0
2017-08-14,75.0,77.55,75.0,76.8,76.65472312703582,1535.0,22.0,117665.0,860.0,56.03,2.55,1.8,1502668800.0
2017-08-11,75.0,79.6,71.1,76.0,75.73932307692307,16250.0,60.0,1230764.0,3796.0,23.36,8.5,1.0,1502409600.0
2017-08-10,80.75,90.15,73.9,75.85,80.82819680424974,23719.0,161.0,1917164.0,7558.0,31.86,16.25,-4.9,1502323200.0
2017-08-09,79.5,80.65,77.5,78.8,78.95391705069123,2170.0,49.0,171330.0,1444.0,66.54,3.15,-0.7,1502236800.0
2017-08-08,80.05,82.9,77.75,79.35,79.451,5000.0,104.0,397255.0,2806.0,56.12,5.15,-0.7,1502150400.0
2017-08-07,76.25,84.85,76.25,81.15,81.29785511938486,12355.0,121.0,1004435.0,6955.0,56.29,8.6,4.9,1502064000.0
2017-08-04,75.35,75.35,75.2,75.2,75.23636363636363,110.0,5.0,8276.0,80.0,72.73,0.15,-0.15,1501804800.0
2017-08-03,75.3,79.9,75.0,76.45,77.24048663177251,7069.0,69.0,546013.0,2690.0,38.05,4.9,1.15,1501718400.0
2017-08-02,73.1,77.9,73.1,75.0,75.59050305594734,2127.0,22.0,160781.0,735.0,34.56,4.8,1.9,1501632000.0
2017-08-01,76.0,77.7,73.7,74.1,75.20310478654592,5411.0,48.0,406924.0,3200.0,59.14,4.0,-1.9,1501545600.0
2017-07-31,75.0,77.85,75.0,76.1,76.54117647058823,5695.0,16.0,435902.0,330.0,5.79,2.85,1.1,1501459200.0
2017-07-28,73.1,79.8,73.1,75.75,77.94645719781981,9357.0,26.0,729345.0,2864.0,30.61,6.7,2.65,1501200000.0
2017-07-27,77.5,79.4,75.0,75.0,78.01564348626266,7607.0,49.0,593465.0,3685.0,48.44,4.4,-2.5,1501113600.0
2017-07-26,74.8,81.0,74.3,78.3,78.40971235795455,11264.0,47.0,883207.0,764.0,6.78,6.7,3.5,1501027200.0
2017-07-25,75.1,78.8,75.05,76.5,76.89452852153667,4295.0,6.0,330262.0,295.0,6.87,3.75,1.4,1500940800.0
2017-07-24,77.75,78.5,75.5,75.6,76.83553597650516,1362.0,21.0,104650.0,1147.0,84.21,3.0,-2.15,1500854400.0
2017-07-21,75.3,80.2,75.15,77.6,77.45655291081158,3487.0,42.0,270091.0,2471.0,70.86,5.05,2.3,1500595200.0
2017-07-20,74.2,75.0,74.0,74.4,74.85293259410564,3427.0,34.0,256521.0,2750.0,80.25,1.0,0.2,1500508800.0
2017-07-19,72.0,76.2,72.0,74.55,73.96999249812453,1333.0,35.0,98602.0,662.0,49.66,4.2,2.55,1500422400.0
2017-07-18,74.95,75.8,73.25,73.85,74.6111111111111,1440.0,19.0,107440.0,456.0,31.67,2.55,-1.1,1500336000.0
2017-07-17,75.0,77.0,73.6,74.35,74.58564964447316,1547.0,24.0,115384.0,1287.0,83.19,3.4,-0.65,1500249600.0
2017-07-14,76.9,77.65,74.1,76.65,76.00889781859931,6968.0,83.0,529630.0,4114.0,59.04,3.55,-0.25,1499990400.0
2017-07-13,80.2,80.85,74.35,75.95,77.15129310344827,4640.0,69.0,357982.0,3196.0,68.88,6.5,-4.25,1499904000.0
2017-07-12,85.0,89.9,80.0,81.7,85.08350416837501,14634.0,254.0,1245112.0,5818.0,39.76,9.9,-3.3,1499817600.0
2017-07-11,78.7,81.95,76.8,81.95,80.57417500743236,20182.0,173.0,1626148.0,10427.0,51.66,5.15,3.25,1499731200.0
2017-07-10,69.95,74.5,69.95,74.5,73.54278449938627,11406.0,77.0,838829.0,9789.0,85.82,4.55,4.55,1499644800.0
2017-07-07,67.15,67.75,65.6,67.75,66.49113965208909,6151.0,28.0,408987.0,3541.0,57.57,2.15,0.6,1499385600.0
2017-07-06,67.0,68.95,66.5,67.0,67.49097472924188,277.0,10.0,18695.0,252.0,90.97,2.45,0.0,1499299200.0
2017-07-05,66.0,67.8,66.0,67.05,66.53575757575757,825.0,11.0,54892.0,825.0,100.0,1.8,1.05,1499212800.0
2017-07-04,66.1,69.4,65.75,65.85,66.94363395225464,1508.0,22.0,100951.0,1258.0,83.42,3.65,-0.25,1499126400.0
2017-07-03,65.4,69.9,65.4,67.9,67.41507823613087,3515.0,27.0,236964.0,811.0,23.07,4.5,2.5,1499040000.0
2017-06-30,66.5,66.5,65.3,65.35,66.26322115384615,832.0,18.0,55131.0,664.0,79.81,1.2,-1.15,1498780800.0
2017-06-29,64.6,68.0,64.6,66.5,66.26672311600339,3543.0,39.0,234783.0,970.0,27.38,3.4,1.9,1498694400.0
2017-06-28,63.05,66.5,63.0,65.0,64.9175336209084,7882.0,63.0,511680.0,5605.0,71.11,3.5,1.95,1498608000.0
2017-06-27,70.0,70.0,63.1,64.6,64.57189286114536,8923.0,60.0,576175.0,2727.0,30.56,6.9,-5.4,1498521600.0
2017-06-23,69.2,72.95,69.2,70.1,71.02136752136752,2340.0,8.0,166190.0,640.0,27.35,3.75,0.9,1498176000.0
2017-06-22,71.0,72.85,71.0,71.05,71.66998841251448,4315.0,9.0,309256.0,1265.0,29.32,1.85,0.05,1498089600.0
2017-06-21,69.2,74.6,69.2,70.45,71.99903147699757,4130.0,10.0,297356.0,630.0,15.25,5.4,1.25,1498003200.0
2017-06-20,68.1,73.3,68.1,72.0,70.70967741935485,2015.0,3.0,142480.0,15.0,0.74,5.2,3.9,1497916800.0
2017-06-19,71.3,73.5,71.3,71.35,72.11095406360424,1415.0,19.0,102037.0,910.0,64.31,2.2,0.05,1497830400.0
2017-06-16,71.05,75.4,71.0,71.5,71.56354679802956,2030.0,8.0,145274.0,560.0,27.59,4.4,0.45,1497571200.0
2017-06-15,70.0,71.35,70.0,70.9,70.3992231333621,2317.0,25.0,163115.0,1605.0,69.27,1.35,0.9,1497484800.0
2017-06-14,72.3,73.5,71.15,71.75,71.38579053929689,5433.0,18.0,387839.0,3650.0,67.18,2.35,-0.55,1497398400.0
2017-06-13,72.0,74.85,71.15,74.2,72.65104166666666,1728.0,23.0,125541.0,1320.0,76.39,3.7,2.2,1497312000.0
2017-06-12,74.95,75.0,73.4,73.5,74.32581967213113,1952.0,9.0,145084.0,1702.0,87.19,1.6,-1.45,1497225600.0
2017-06-09,72.5,75.9,72.0,73.4,73.17357450886439,8348.0,33.0,610853.0,3076.0,36.85,3.9,0.9,1496966400.0
2017-06-08,76.85,76.85,74.15,74.75,75.35054617676266,1007.0,18.0,75878.0,337.0,33.47,2.7,-2.1,1496880000.0
2017-06-07,71.05,78.3,71.05,76.05,76.34375613587277,20372.0,140.0,1555275.0,11725.0,57.55,7.25,5.0,1496793600.0
2017-06-06,72.3,72.3,71.0,71.2,71.43830128205128,7488.0,29.0,534930.0,5009.0,66.89,1.3,-1.1,1496707200.0
2017-06-05,72.2,75.8,71.55,73.0,75.19916112236042,6914.0,37.0,519927.0,6184.0,89.44,4.25,0.8,1496620800.0
2017-06-02,69.1,72.2,69.1,72.2,71.90382513661201,1830.0,21.0,131584.0,1580.0,86.34,3.1,3.1,1496361600.0
2017-06-01,68.15,70.0,68.15,68.8,69.45988700564972,2655.0,14.0,184416.0,2160.0,81.36,1.85,0.65,1496275200.0
2017-05-31,70.0,70.8,68.75,68.75,69.0207336523126,627.0,6.0,43276.0,617.0,98.41,2.05,-1.25,1496188800.0
2017-05-29,70.0,70.0,70.0,70.0,70.0,503.0,6.0,35210.0,503.0,100.0,0.0,0.0,1496016000.0
2017-05-26,70.0,71.95,70.0,70.45,70.46550048590865,2058.0,19.0,145018.0,1580.0,76.77,1.95,0.45,1495756800.0
2017-05-25,64.5,70.65,64.5,69.85,68.96847127152043,4821.0,31.0,332497.0,3333.0,69.14,6.15,5.35,1495670400.0
2017-05-24,68.0,70.4,67.3,67.3,68.29927641099856,3455.0,27.0,235974.0,2568.0,74.33,3.1,-0.7,1495584000.0
2017-05-23,72.0,72.1,70.7,70.8,71.25080018289896,4374.0,32.0,311651.0,2723.0,62.25,1.4,-1.2,1495497600.0
2017-05-22,72.15,75.9,72.1,74.4,73.59605478075134,7959.0,58.0,585751.0,5333.0,67.01,3.8,2.25,1495411200.0
2017-05-19,73.4,76.8,72.35,73.0,73.82603938730853,6398.0,32.0,472339.0,2986.0,46.67,4.45,-0.4,1495152000.0
2017-05-18,76.5,82.0,76.0,76.15,77.17531147830698,11317.0,99.0,873393.0,7726.0,68.27,6.0,-0.35,1495065600.0
2017-05-17,86.0,86.0,79.95,79.95,82.11183681672026,9952.0,154.0,817177.0,6809.0,68.42,6.05,-6.05,1494979200.0
2017-05-16,84.0,84.15,81.8,84.15,84.03317827863586,38911.0,135.0,3269815.0,29093.0,74.77,2.35,0.15,1494892800.0
2017-05-15,80.15,80.15,72.2,80.15,79.32295515577363,99054.0,466.0,7857256.0,50823.0,51.31,7.95,0.0,1494806400.0
2017-05-12,72.9,72.9,72.9,72.9,72.8999899689036,29907.0,85.0,2180220.0,29905.0,99.99,0.0,0.0,1494547200.0
2017-05-11,66.3,66.3,66.0,66.3,66.27917937344053,14428.0,60.0,956276.0,10686.0,74.06,0.3,0.0,1494460800.0
2017-05-10,56.0,61.0,56.0,60.3,58.58519287320533,5781.0,25.0,338681.0,1600.0,27.68,5.0,4.3,1494374400.0
2017-05-09,57.85,60.8,57.05,58.7,58.45770508561206,3913.0,22.0,228745.0,1476.0,37.72,3.75,0.85,1494288000.0
2017-05-08,60.2,60.2,57.0,57.8,58.35906358747232,3161.0,29.0,184473.0,2620.0,82.89,3.2,-2.4,1494201600.0
2017-05-05,60.7,62.2,58.0,59.5,59.75587467362924,766.0,15.0,45773.0,571.0,74.54,4.2,-1.2,1493942400.0
2017-05-04,65.95,67.0,61.05,62.6,64.72928870292887,14340.0,93.0,928218.0,5032.0,35.09,5.95,-3.35,1493856000.0
2017-05-03,52.1,60.95,52.1,60.95,57.2354465102103,6562.0,30.0,375579.0,3770.0,57.45,8.85,8.85,1493769600.0
2017-05-02,56.0,57.6,55.1,55.45,56.53831775700935,2140.0,10.0,120992.0,1501.0,70.14,2.5,-0.55,1493683200.0
2017-04-28,55.95,56.0,55.95,56.0,55.99545454545455,1100.0,4.0,61595.0,1100.0,100.0,0.05,0.05,1493337600.0
2017-04-27,53.15,55.85,53.15,54.05,55.00220994475138,1810.0,5.0,99554.0,1300.0,71.82,2.7,0.9,1493251200.0
2017-04-26,53.4,58.8,53.4,55.0,56.0635761589404,7550.0,30.0,423280.0,5368.0,71.1,5.4,1.6,1493164800.0
2017-04-25,56.25,56.45,56.0,56.0,56.254502369668245,2110.0,11.0,118697.0,2110.0,100.0,0.45,-0.25,1493078400.0
2017-04-24,58.0,58.15,56.15,56.4,56.89958158995816,478.0,4.0,27198.0,478.0,100.0,2.0,-1.6,1492992000.0
2017-04-21,57.7,58.7,56.7,57.35,57.5563025210084,2975.0,21.0,171230.0,2695.0,90.59,2.0,-0.35,1492732800.0
2017-04-20,55.6,58.9,55.5,57.85,56.82520048932989,7357.0,11.0,418063.0,300.0,4.08,3.4,2.25,1492646400.0
2017-04-19,56.45,59.3,56.45,57.55,57.87923304397596,10483.0,33.0,606748.0,2100.0,20.03,2.85,1.1,1492560000.0
2017-04-18,56.5,58.8,56.35,56.35,57.58937351308485,6305.0,5.0,363101.0,305.0,4.84,2.45,-0.15,1492473600.0
2017-04-17,55.6,57.0,55.6,56.45,56.33943466172381,8632.0,20.0,486322.0,1566.0,18.14,1.4,0.85,1492387200.0
2017-04-13,56.8,57.5,56.8,57.5,56.948675496688736,604.0,4.0,34397.0,604.0,100.0,0.7,0.7,1492041600.0
2017-04-12,55.7,59.4,55.7,56.5,57.647113884555374,3205.0,14.0,184759.0,1105.0,34.48,3.7,0.8,1491955200.0
2017-04-11,55.25,57.25,55.25,57.25,56.868296333250186,4009.0,15.0,227985.0,3609.0,90.02,2.0,2.0,1491868800.0
2017-04-10,55.4,56.65,55.1,56.55,56.11599005799504,2414.0,16.0,135464.0,1814.0,75.14,1.55,1.15,1491782400.0
2017-04-07,55.75,59.3,55.55,55.65,56.54211833785005,8856.0,17.0,500737.0,6196.0,69.96,3.75,-0.1,1491523200.0
2017-04-06,57.0,57.0,57.0,57.0,57.0,459.0,3.0,26163.0,459.0,100.0,0.0,0.0,1491436800.0
2017-04-05,55.15,58.25,55.15,58.2,57.81138255766344,14654.0,40.0,847168.0,11654.0,79.53,3.1,3.05,1491350400.0
2017-04-03,56.05,56.75,55.5,55.5,56.46514745308311,3730.0,10.0,210615.0,3730.0,100.0,1.25,-0.55,1491177600.0
2017-03-31,55.4,57.0,55.4,56.55,56.3590657165479,2526.0,12.0,142363.0,926.0,36.66,1.6,1.15,1490918400.0
2017-03-30,55.25,57.8,55.25,56.95,56.33549917491749,9696.0,10.0,546229.0,5295.0,54.61,2.55,1.7,1490832000.0
2017-03-29,55.5,56.95,55.1,56.95,55.3679389312977,1310.0,8.0,72532.0,1300.0,99.24,1.85,1.45,1490745600.0
2017-03-28,58.05,58.05,56.0,56.95,56.5755232887045,5303.0,20.0,300020.0,2700.0,50.91,2.05,-1.1,1490659200.0
2017-03-27,56.0,57.7,56.0,56.6,56.57587448559672,3888.0,29.0,219967.0,3629.0,93.34,1.7,0.6,1490572800.0
2017-03-24,55.0,56.5,54.25,55.7,55.569165786694825,3788.0,13.0,210496.0,3788.0,100.0,2.25,0.7,1490313600.0
2017-03-23,58.3,58.3,55.25,55.4,56.09786388474913,4026.0,24.0,225850.0,3150.0,78.24,3.05,-2.9,1490227200.0
2017-03-22,55.0,57.2,55.0,57.2,56.91394877464529,21708.0,40.0,1235488.0,20847.0,96.03,2.2,2.2,1490140800.0
2017-03-21,54.55,56.85,53.5,54.5,54.7129300118624,2529.0,17.0,138369.0,2007.0,79.36,3.35,-0.05,1490054400.0
2017-03-20,58.0,58.0,55.75,56.3,56.66975785677486,3882.0,26.0,219992.0,3205.0,82.56,2.25,-1.7,1489968000.0
2017-03-17,59.7,59.7,55.0,56.75,56.65585794248215,10362.0,52.0,587068.0,8271.0,79.82,4.7,-2.95,1489708800.0
2017-03-16,57.25,57.55,56.9,57.55,57.532451389505454,11263.0,46.0,647988.0,10558.0,93.74,0.65,0.3,1489622400.0
2017-03-15,53.5,54.85,53.5,54.85,54.63857772183764,15890.0,69.0,868207.0,14517.0,91.36,1.35,1.35,1489536000.0
2017-03-14,52.15,53.7,52.0,52.25,52.748464040477046,2767.0,16.0,145955.0,1435.0,51.86,1.7,0.1,1489449600.0
2017-03-10,53.0,54.0,53.0,53.4,53.232342007434944,538.0,9.0,28639.0,500.0,92.94,1.0,0.4,1489104000.0
2017-03-09,53.0,53.75,51.75,53.75,53.21800116890707,1711.0,13.0,91056.0,1701.0,99.42,2.0,0.75,1489017600.0
2017-03-08,55.2,55.4,52.0,54.1,53.9313863476425,2842.0,22.0,153273.0,2135.0,75.12,3.4,-1.1,1488931200.0
2017-03-07,52.7,53.15,51.0,53.15,52.93385951065509,6335.0,39.0,335336.0,5649.0,89.17,2.15,0.45,1488844800.0
2017-03-06,50.65,50.65,48.75,50.65,50.45515643105446,4315.0,23.0,217714.0,4315.0,100.0,1.9,0.0,1488758400.0
2017-03-03,49.5,49.9,48.05,48.25,49.50937155457552,3628.0,24.0,179620.0,3628.0,100.0,1.85,-1.25,1488499200.0
2017-03-02,48.7,48.7,47.5,47.55,47.72222222222222,126.0,4.0,6013.0,126.0,100.0,1.2,-1.15,1488412800.0
2017-03-01,45.0,47.05,45.0,47.05,46.81917956099316,5558.0,25.0,260221.0,5558.0,100.0,2.05,2.05,1488326400.0
2017-02-28,44.8,46.4,44.8,44.85,45.81818181818181,2024.0,11.0,92736.0,2024.0,100.0,1.6,0.05,1488240000.0
2017-02-27,44.1,46.4,44.1,46.4,44.8991825613079,1101.0,5.0,49434.0,1101.0,100.0,2.3,2.3,1488153600.0
2017-02-23,45.0,45.0,44.5,44.55,44.92773109243698,1190.0,3.0,53464.0,1190.0,100.0,0.5,-0.45,1487808000.0
2017-02-22,45.1,45.1,45.0,45.0,45.05336617405583,1218.0,5.0,54875.0,1218.0,100.0,0.1,-0.1,1487721600.0
2017-02-21,47.85,47.85,44.05,46.7,46.63366336633664,404.0,7.0,18840.0,404.0,100.0,3.8,-1.15,1487635200.0
2017-02-20,44.0,46.3,44.0,46.3,45.56829948227798,2511.0,11.0,114422.0,2511.0,100.0,2.3,2.3,1487548800.0
2017-02-17,43.5,45.95,43.5,45.0,45.08520622375895,4049.0,12.0,182550.0,4049.0,100.0,2.45,1.5,1487289600.0
2017-02-16,44.95,44.95,44.95,44.95,44.0,1.0,1.0,44.0,1.0,100.0,0.0,0.0,1487203200.0
2017-02-15,46.0,46.0,43.6,43.65,45.55430711610487,534.0,3.0,24326.0,534.0,100.0,2.4,-2.35,1487116800.0
2017-02-14,45.0,45.95,44.5,44.65,44.880357142857136,2800.0,10.0,125665.0,2800.0,100.0,1.45,-0.35,1487030400.0
2017-02-13,45.35,47.5,45.35,45.35,45.6733264141152,7708.0,21.0,352050.0,7708.0,100.0,2.15,0.0,1486944000.0
2017-02-10,46.1,47.7,45.6,47.7,45.75715236194279,1503.0,7.0,68773.0,1503.0,100.0,2.1,1.6,1486684800.0
2017-02-09,46.0,48.0,46.0,47.0,47.1249024199844,2562.0,7.0,120734.0,2562.0,100.0,2.0,1.0,1486598400.0
2017-02-08,46.1,47.25,46.1,47.2,47.00087412587413,1144.0,16.0,53769.0,1144.0,100.0,1.15,1.1,1486512000.0
2017-02-07,47.55,47.55,46.3,46.5,46.71012658227848,1580.0,9.0,73802.0,1580.0,100.0,1.25,-1.05,1486425600.0
2017-02-06,45.45,47.5,45.45,46.3,46.38390092879257,646.0,8.0,29964.0,646.0,100.0,2.05,0.85,1486339200.0
2017-02-03,48.6,48.65,46.2,47.1,47.22865853658537,5576.0,23.0,263347.0,5576.0,100.0,2.45,-1.5,1486080000.0
2017-02-02,46.1,48.4,46.0,48.05,46.31666666666666,240.0,5.0,11116.0,240.0,100.0,2.4,1.95,1485993600.0
2017-02-01,48.0,48.0,46.2,48.0,47.05783582089552,536.0,6.0,25223.0,536.0,100.0,1.8,0.0,1485907200.0
2017-01-31,46.8,48.65,45.0,48.55,46.04793863854266,2086.0,13.0,96056.0,2086.0,100.0,3.65,1.75,1485820800.0
2017-01-30,46.5,47.0,46.25,46.35,46.3185,2000.0,5.0,92637.0,2000.0,100.0,0.75,-0.15,1485734400.0
2017-01-27,47.35,48.6,47.3,47.3,47.47533632286996,1115.0,7.0,52935.0,1115.0,100.0,1.3,-0.05,1485475200.0
2017-01-25,49.8,49.8,49.75,49.75,49.75454545454546,550.0,2.0,27365.0,550.0,100.0,0.05,-0.05,1485302400.0
2017-01-24,47.5,47.5,47.5,47.5,47.5,2300.0,8.0,109250.0,2300.0,100.0,0.0,0.0,1485216000.0
2017-01-20,49.0,50.1,48.0,50.0,49.59000406338888,4922.0,19.0,244082.0,4922.0,100.0,2.1,1.0,1484870400.0
2017-01-19,48.0,50.8,48.0,49.0,49.25295034513472,4491.0,19.0,221195.0,4491.0,100.0,2.8,1.0,1484784000.0
2017-01-18,47.1,50.4,47.1,49.95,49.03294680655255,5433.0,22.0,266396.0,5433.0,100.0,3.3,2.85,1484697600.0
2017-01-17,47.5,48.1,47.5,48.1,47.98672566371682,2034.0,3.0,97605.0,2034.0,100.0,0.6,0.6,1484611200.0
2017-01-16,49.45,49.45,49.45,49.45,49.44,50.0,1.0,2472.0,50.0,100.0,0.0,0.0,1484524800.0
2017-01-13,49.9,49.9,47.1,47.15,49.2,100.0,3.0,4920.0,100.0,100.0,2.8,-2.75,1484265600.0
2017-01-12,50.5,50.5,47.6,47.6,50.085082872928176,905.0,9.0,45327.0,905.0,100.0,2.9,-2.9,1484179200.0
2017-01-11,49.0,49.0,48.25,48.35,48.65,500.0,4.0,24325.0,500.0,100.0,0.75,-0.65,1484092800.0
2017-01-10,48.3,48.35,48.0,48.35,48.27183673469388,1225.0,7.0,59133.0,1225.0,100.0,0.35,0.05,1484006400.0
2017-01-09,47.55,47.55,46.0,46.05,46.39857651245552,1405.0,11.0,65190.0,1405.0,100.0,1.55,-1.5,1483920000.0
2017-01-06,48.1,49.0,48.1,48.1,48.12050777757912,5593.0,15.0,269138.0,5593.0,100.0,0.9,0.0,1483660800.0
2017-01-05,50.45,50.5,47.3,49.6,49.70231729055258,1122.0,14.0,55766.0,1122.0,100.0,3.2,-0.85,1483574400.0
2017-01-04,48.0,48.4,48.0,48.35,48.27750887383026,6198.0,32.0,299224.0,6198.0,100.0,0.4,0.35,1483488000.0
2017-01-03,47.75,47.75,45.55,46.2,47.29381443298969,1746.0,17.0,82575.0,1746.0,100.0,2.2,-1.55,1483401600.0
2017-01-02,45.0,45.5,45.0,45.5,45.34939759036145,332.0,6.0,15056.0,332.0,100.0,0.5,0.5,1483315200.0
2016-12-30,46.25,46.25,44.85,45.9,45.83606557377049,1891.0,9.0,86676.0,1891.0,100.0,1.4,-0.35,1483056000.0
2016-12-29,43.5,44.9,43.3,44.1,43.91739894551845,569.0,5.0,24989.0,569.0,100.0,1.6,0.6,1482969600.0
2016-12-28,44.0,45.25,43.4,43.45,44.41269841269841,6552.0,26.0,290992.0,6552.0,100.0,1.85,-0.55,1482883200.0
2016-12-27,44.55,44.55,42.8,43.1,43.0293875308981,3641.0,27.0,156670.0,3641.0,100.0,1.75,-1.45,1482796800.0
2016-12-26,47.95,47.95,44.25,44.85,46.10479041916168,3674.0,27.0,169389.0,3674.0,100.0,3.7,-3.1,1482710400.0
2016-12-23,49.85,49.85,45.75,46.1,45.98742527313956,4851.0,45.0,223085.0,4851.0,100.0,4.1,-3.75,1482451200.0
2016-12-22,49.2,49.2,48.15,48.15,48.78370927318296,3990.0,19.0,194647.0,3990.0,100.0,1.05,-1.05,1482364800.0
2016-12-21,52.35,52.35,48.35,50.65,50.0273381294964,5560.0,97.0,278152.0,3739.0,67.25,4.0,-1.7,1482278400.0
2016-12-20,54.35,54.95,51.9,52.35,53.44422479525558,7082.0,94.0,378492.0,3427.0,48.39,3.05,-2.0,1482192000.0
2016-12-19,57.1,63.7,52.25,53.45,58.07253966320872,90323.0,1350.0,5245286.0,29093.0,32.21,11.45,-3.65,1482105600.0
2016-12-16,43.1,53.2,43.1,53.2,48.39280747069343,15099.0,117.0,730683.0,9480.0,62.79,10.1,10.1,1481846400.0
2016-12-15,42.6,44.9,42.35,44.35,42.62626531699521,3754.0,12.0,160019.0,3720.0,99.09,2.55,1.75,1481760000.0
2016-12-14,47.9,47.9,43.2,43.2,43.5,42.0,4.0,1827.0,22.0,52.38,4.7,-4.7,1481673600.0
2016-12-13,43.2,43.2,43.2,43.2,43.19942196531792,346.0,3.0,14947.0,346.0,100.0,0.0,0.0,1481587200.0
2016-12-12,44.0,46.8,43.55,44.25,44.8,5.0,5.0,224.0,2.0,40.0,3.25,0.25,1481500800.0
2016-12-09,47.95,47.95,43.2,43.5,44.29938800489596,4085.0,24.0,180963.0,1171.0,28.67,4.75,-4.45,1481241600.0
2016-12-08,42.6,46.25,42.6,45.55,44.00763494318181,22528.0,77.0,991404.0,4566.0,20.27,3.65,2.95,1481155200.0
2016-12-07,45.0,45.9,42.6,44.25,44.54707841356343,3303.0,13.0,147139.0,2901.0,87.83,3.3,-0.75,1481068800.0
2016-12-06,41.65,44.25,41.6,42.15,41.82252559726962,1172.0,7.0,49016.0,1100.0,93.86,2.65,0.5,1480982400.0
2016-12-05,41.5,44.0,41.5,41.55,41.55357142857143,112.0,5.0,4654.0,110.0,98.21,2.5,0.05,1480896000.0
2016-12-02,47.0,47.0,41.15,42.15,42.874843666249774,11194.0,20.0,479941.0,5051.0,45.12,5.85,-4.85,1480636800.0
2016-12-01,42.0,45.6,42.0,43.5,44.34352189781021,2192.0,21.0,97201.0,1187.0,54.15,3.6,1.5,1480550400.0
2016-11-30,47.95,47.95,42.0,43.1,44.73210724573455,4513.0,39.0,201876.0,3906.0,86.55,5.95,-4.85,1480464000.0
2016-11-29,44.0,44.7,43.0,43.0,43.79658385093168,644.0,9.0,28205.0,601.0,93.32,1.7,-1.0,1480377600.0
2016-11-28,41.75,41.75,41.75,41.75,41.73333333333333,30.0,1.0,1252.0,30.0,100.0,0.0,0.0,1480291200.0
2016-11-25,40.95,42.45,40.55,41.5,41.16175071360609,1051.0,10.0,43261.0,1051.0,100.0,1.9,0.55,1480032000.0
2016-11-24,39.0,39.15,39.0,39.15,39.01923076923077,104.0,2.0,4058.0,104.0,100.0,0.15,0.15,1479945600.0
2016-11-23,40.0,40.0,39.0,39.0,39.99800399201597,501.0,3.0,20039.0,501.0,100.0,1.0,-1.0,1479859200.0
2016-11-22,39.0,39.5,38.1,38.15,38.98181818181818,220.0,5.0,8576.0,215.0,97.73,1.4,-0.85,1479772800.0
2016-11-21,42.0,42.0,38.2,38.2,41.7590909090909,1100.0,5.0,45935.0,1100.0,100.0,3.8,-3.8,1479686400.0
2016-11-18,41.0,41.0,39.5,39.9,40.68351063829788,376.0,7.0,15297.0,336.0,89.36,1.5,-1.1,1479427200.0
2016-11-17,41.95,41.95,38.0,40.1,40.45261344055141,1741.0,20.0,70428.0,1271.0,73.0,3.95,-1.85,1479340800.0
2016-11-16,39.5,41.0,39.5,40.05,39.824242424242414,1485.0,9.0,59139.0,1395.0,93.94,1.5,0.55,1479254400.0
2016-11-15,43.25,43.25,41.0,41.55,41.66052631578948,760.0,5.0,31662.0,760.0,100.0,2.25,-1.7,1479168000.0
2016-11-11,46.0,48.6,44.25,44.7,44.93819334389857,1262.0,15.0,56712.0,887.0,70.29,4.35,-1.3,1478822400.0
2016-11-10,49.4,49.4,45.5,47.0,47.38934802571166,3267.0,20.0,154821.0,3263.0,99.88,3.9,-2.4,1478736000.0
2016-11-09,39.8,50.0,39.8,49.5,47.67569573283858,10780.0,45.0,513944.0,9070.0,84.14,10.2,9.7,1478649600.0
2016-11-08,51.0,51.0,48.0,49.7,50.14635639926516,4899.0,38.0,245667.0,2700.0,55.11,3.0,-1.3,1478563200.0
2016-11-07,52.0,55.65,52.0,54.05,54.34927762592737,5122.0,41.0,278377.0,3900.0,76.14,3.65,2.05,1478476800.0
2016-11-04,53.5,54.15,53.0,53.2,53.471989413321566,4534.0,32.0,242442.0,4127.0,91.02,1.15,-0.3,1478217600.0
2016-11-03,56.0,56.95,53.45,55.55,55.42752073890362,11693.0,34.0,648114.0,10233.0,87.51,3.5,-0.45,1478131200.0
2016-11-02,55.5,57.85,55.5,56.2,56.52925973786229,5417.0,29.0,306219.0,3455.0,63.78,2.35,0.7,1478044800.0
2016-11-01,56.0,57.45,55.8,56.45,56.520765414599566,7055.0,47.0,398754.0,4135.0,58.61,1.65,0.45,1477958400.0
2016-10-30,55.95,57.0,54.5,55.85,55.6614288707312,4773.0,26.0,265672.0,4423.0,92.67,2.5,-0.1,1477785600.0
2016-10-28,55.35,55.35,52.0,54.05,53.214935064935055,3080.0,26.0,163902.0,2360.0,76.62,3.35,-1.3,1477612800.0
2016-10-27,58.4,58.4,53.3,54.1,56.01160305343512,6550.0,79.0,366876.0,4807.0,73.39,5.1,-4.3,1477526400.0
2016-10-26,49.5,59.3,49.5,56.4,55.210487542265625,52939.0,339.0,2922788.0,27782.0,52.48,9.8,6.9,1477440000.0
2016-10-25,47.0,49.45,47.0,49.45,49.28594771241831,3060.0,6.0,150815.0,3060.0,100.0,2.45,2.45,1477353600.0
2016-10-24,50.75,50.75,48.5,48.5,48.85152354570637,1805.0,15.0,88177.0,1805.0,100.0,2.25,-2.25,1477267200.0
2016-10-21,48.0,49.95,48.0,49.0,49.039487179487175,1950.0,16.0,95627.0,1300.0,66.67,1.95,1.0,1477008000.0
2016-10-20,48.5,50.0,48.25,48.7,49.623350923482846,3032.0,20.0,150458.0,2557.0,84.33,1.75,0.2,1476921600.0
2016-10-19,45.3,49.75,45.3,48.5,47.318479355488414,7944.0,68.0,375898.0,5353.0,67.38,4.45,3.2,1476835200.0
2016-10-18,45.1,46.0,44.7,45.15,45.20590128755365,9320.0,56.0,421319.0,7529.0,80.78,1.3,0.05,1476748800.0
2016-10-17,46.85,46.85,44.1,44.7,45.37562028047465,4635.0,21.0,210316.0,4195.0,90.51,2.75,-2.15,1476662400.0
2016-10-14,45.2,47.85,45.05,45.6,46.23372186495177,4976.0,30.0,230059.0,3863.0,77.63,2.8,0.4,1476403200.0
2016-10-13,47.55,47.55,45.1,45.2,45.55991561181435,2370.0,15.0,107977.0,1330.0,56.12,2.45,-2.35,1476316800.0
2016-10-10,48.0,48.0,46.05,46.5,46.541813261163725,3695.0,22.0,171972.0,3395.0,91.88,1.95,-1.5,1476057600.0
2016-10-07,46.95,47.0,45.25,47.0,46.897,1000.0,9.0,46897.0,1000.0,100.0,1.75,0.05,1475798400.0
2016-10-06,46.55,46.55,46.1,46.25,46.36612426035503,1352.0,9.0,62687.0,1252.0,92.6,0.45,-0.3,1475712000.0
2016-10-05,45.75,47.9,45.75,46.9,46.90184049079755,1956.0,19.0,91740.0,1756.0,89.78,2.15,1.15,1475625600.0
2016-10-04,46.5,46.5,46.0,46.1,46.038,2500.0,12.0,115095.0,2075.0,83.0,0.5,-0.4,1475539200.0
2016-10-03,46.0,46.9,46.0,46.0,46.03636363636364,110.0,3.0,5064.0,105.0,95.45,0.9,0.0,1475452800.0
2016-09-30,42.25,46.9,42.15,45.5,45.30819209039548,7080.0,9.0,320782.0,1080.0,15.25,4.75,3.25,1475193600.0
2016-09-29,46.2,47.6,43.0,43.05,45.43436754176611,1257.0,16.0,57111.0,900.0,71.6,4.6,-3.15,1475107200.0
2016-09-28,49.5,49.5,47.15,48.1,47.98878504672897,535.0,9.0,25674.0,430.0,80.37,2.35,-1.4,1475020800.0
2016-09-27,48.5,48.5,47.25,48.5,48.35126582278481,1264.0,12.0,61116.0,1000.0,79.11,1.25,0.0,1474934400.0
2016-09-26,50.0,52.1,48.4,48.4,49.206388206388205,2849.0,28.0,140189.0,2848.0,99.96,3.7,-1.6,1474848000.0
2016-09-23,45.4,49.0,45.4,48.45,48.14864423391049,6122.0,38.0,294766.0,4695.0,76.69,3.6,3.05,1474588800.0
2016-09-22,45.3,46.4,45.2,45.5,45.24949899799599,998.0,12.0,45159.0,896.0,89.78,1.2,0.2,1474502400.0
2016-09-21,46.8,46.9,44.25,45.1,45.638617580766336,1331.0,10.0,60745.0,280.0,21.04,2.65,-1.7,1474416000.0
2016-09-20,45.0,45.0,44.2,44.95,44.203283815480845,1279.0,4.0,56536.0,1277.0,99.84,0.8,-0.05,1474329600.0
2016-09-19,45.3,45.3,44.2,44.2,45.29353233830846,201.0,2.0,9104.0,201.0,100.0,1.1,-1.1,1474243200.0
2016-09-16,45.5,45.5,44.0,44.15,44.5306324110672,4048.0,24.0,180260.0,2596.0,64.13,1.5,-1.35,1473984000.0
2016-09-15,43.05,44.0,43.0,44.0,43.730232558139534,4300.0,6.0,188040.0,4300.0,100.0,1.0,0.95,1473897600.0
2016-09-14,46.65,46.65,43.65,43.9,43.88490566037736,530.0,8.0,23259.0,515.0,97.17,3.0,-2.75,1473811200.0
2016-09-12,44.5,44.5,44.5,44.5,44.5,1622.0,1.0,72179.0,1622.0,100.0,0.0,0.0,1473638400.0
2016-09-09,44.25,44.25,44.25,44.25,44.24761904761905,105.0,1.0,4646.0,105.0,100.0,0.0,0.0,1473379200.0
2016-09-08,44.05,44.6,44.05,44.3,44.449019607843134,510.0,7.0,22669.0,500.0,98.04,0.55,0.25,1473292800.0
2016-09-07,44.5,44.5,43.1,43.3,43.93160651920839,3436.0,18.0,150949.0,3300.0,96.04,1.4,-1.2,1473206400.0
2016-09-06,42.85,46.75,42.85,44.05,44.013245033112575,1963.0,15.0,86398.0,1783.0,90.83,3.9,1.2,1473120000.0
2016-09-02,43.5,45.7,43.5,45.7,44.07407407407408,108.0,12.0,4760.0,72.0,66.67,2.2,2.2,1472774400.0
2016-09-01,44.0,45.85,44.0,45.45,44.005067567567565,592.0,5.0,26051.0,591.0,99.83,1.85,1.45,1472688000.0
2016-08-31,43.25,45.0,43.25,44.1,44.1067415730337,178.0,6.0,7851.0,60.0,33.71,1.75,0.85,1472601600.0
2016-08-30,44.5,45.0,43.5,44.85,44.09600217568671,3677.0,38.0,162141.0,2970.0,80.77,1.5,0.35,1472515200.0
2016-08-29,42.2,44.4,42.2,43.6,44.18628571428571,1750.0,19.0,77326.0,1610.0,92.0,2.2,1.4,1472428800.0
2016-08-26,43.0,44.0,43.0,44.0,43.04761904761905,525.0,4.0,22600.0,525.0,100.0,1.0,1.0,1472169600.0
2016-08-25,45.95,46.0,43.0,44.4,44.60613861386138,20200.0,64.0,901044.0,9260.0,45.84,3.0,-1.55,1472083200.0
2016-08-24,45.2,45.2,44.8,44.8,44.98,750.0,4.0,33735.0,700.0,93.33,0.4,-0.4,1471996800.0
2016-08-23,44.55,46.0,44.25,44.9,44.8655462184874,1904.0,15.0,85424.0,1300.0,68.28,1.75,0.35,1471910400.0
2016-08-22,44.15,47.5,44.15,47.5,44.45454545454545,55.0,2.0,2445.0,55.0,100.0,3.35,3.35,1471824000.0
2016-08-19,43.45,45.5,43.45,44.7,45.33959731543624,745.0,7.0,33778.0,715.0,95.97,2.05,1.25,1471564800.0
2016-08-18,47.8,47.8,45.15,45.6,46.38696822832526,9285.0,13.0,430703.0,1615.0,17.39,2.65,-2.2,1471478400.0
2016-08-17,45.0,47.45,44.1,47.45,45.362894873122734,7724.0,19.0,350383.0,1371.0,17.75,3.35,2.45,1471392000.0
2016-08-16,48.0,48.0,46.0,46.0,47.0,200.0,3.0,9400.0,150.0,75.0,2.0,-2.0,1471305600.0
2016-08-12,46.0,49.4,46.0,48.95,47.40367802230932,9951.0,39.0,471714.0,5860.0,58.89,3.4,2.95,1470960000.0
2016-08-11,48.5,49.95,48.2,49.95,48.61666666666667,1200.0,3.0,58340.0,1000.0,83.33,1.75,1.45,1470873600.0
2016-08-10,50.0,50.0,47.5,48.0,49.53846153846153,13.0,4.0,644.0,10.0,76.92,2.5,-2.0,1470787200.0
2016-08-09,51.0,51.95,49.1,49.1,50.69500531349628,941.0,9.0,47704.0,740.0,78.64,2.85,-1.9,1470700800.0
2016-08-08,51.4,51.45,49.3,49.75,50.782208588957054,326.0,7.0,16555.0,300.0,92.02,2.15,-1.65,1470614400.0
2016-08-05,49.05,52.0,49.05,50.85,50.39269500619067,4846.0,18.0,244203.0,1240.0,25.59,2.95,1.8,1470355200.0
2016-08-04,49.7,51.0,49.7,51.0,49.73529411764706,306.0,4.0,15219.0,301.0,98.37,1.3,1.3,1470268800.0
2016-08-03,51.1,51.75,49.0,50.05,50.183098591549296,2911.0,16.0,146083.0,2498.0,85.81,2.75,-1.05,1470182400.0
2016-08-02,54.0,54.0,51.3,51.3,52.094117647058816,170.0,4.0,8856.0,160.0,94.12,2.7,-2.7,1470096000.0
2016-08-01,51.5,53.5,51.2,53.25,51.535741737125285,1301.0,8.0,67048.0,1200.0,92.24,2.3,1.75,1470009600.0
2016-07-29,51.45,54.0,51.45,52.3,52.61136023916293,10704.0,25.0,563152.0,754.0,7.04,2.55,0.85,1469750400.0
2016-07-28,51.0,55.0,51.0,53.4,52.44444444444445,351.0,10.0,18408.0,291.0,82.91,4.0,2.4,1469664000.0
2016-07-27,52.25,53.8,52.2,53.05,52.68377253814147,1442.0,13.0,75970.0,1280.0,88.77,1.6,0.8,1469577600.0
2016-07-26,53.85,54.9,52.05,52.6,53.64406286379512,3436.0,26.0,184321.0,2300.0,66.94,2.85,-1.25,1469491200.0
2016-07-25,55.0,55.95,53.15,54.1,54.6358024691358,3240.0,30.0,177020.0,2650.0,81.79,2.8,-0.9,1469404800.0
2016-07-22,51.6,55.25,51.6,53.05,53.26323319027182,699.0,5.0,37231.0,649.0,92.85,3.65,1.45,1469145600.0
2016-07-21,52.8,52.8,52.55,52.55,52.60654429369513,1253.0,10.0,65916.0,1253.0,100.0,0.25,-0.25,1469059200.0
2016-07-20,52.6,54.0,52.6,53.25,52.86571428571429,700.0,8.0,37006.0,650.0,92.86,1.4,0.65,1468972800.0
2016-07-19,55.0,55.65,54.0,54.0,54.28076923076923,520.0,8.0,28226.0,460.0,88.46,1.65,-1.0,1468886400.0
2016-07-18,56.0,56.0,53.65,53.8,54.341914191419136,1515.0,15.0,82328.0,1185.0,78.22,2.35,-2.2,1468800000.0
2016-07-15,53.3,56.0,53.0,54.2,54.17558139534884,1720.0,16.0,93182.0,1560.0,90.7,3.0,0.9,1468540800.0
2016-07-14,55.7,56.6,53.45,53.65,54.952897122585725,5074.0,41.0,278831.0,2685.0,52.92,3.15,-2.05,1468454400.0
2016-07-13,56.0,57.6,51.5,53.05,55.05272929818047,5386.0,51.0,296514.0,2018.0,37.47,6.1,-2.95,1468368000.0
2016-07-12,54.0,57.3,54.0,55.15,56.42515860428232,10088.0,39.0,569217.0,3056.0,30.29,3.3,1.15,1468281600.0
2016-07-11,56.05,56.95,53.1,53.75,54.51597755125415,8731.0,82.0,475979.0,2957.0,33.87,3.85,-2.3,1468195200.0
2016-07-08,57.7,58.0,56.65,56.95,57.610376398779245,983.0,11.0,56631.0,709.0,72.13,1.35,-0.75,1467936000.0
2016-07-07,56.0,60.1,55.35,58.6,58.74367158265464,9086.0,58.0,533745.0,6984.0,76.87,4.75,2.6,1467849600.0
2016-07-05,59.7,60.0,55.0,56.1,57.17119113573407,1805.0,32.0,103194.0,1124.0,62.27,5.0,-3.6,1467676800.0
2016-07-04,59.2,59.2,57.0,57.0,57.688333333333325,3000.0,24.0,173065.0,2290.0,76.33,2.2,-2.2,1467590400.0
2016-07-01,56.1,59.5,56.1,59.05,58.40140439737539,8687.0,88.0,507333.0,6440.0,74.13,3.4,2.95,1467331200.0
2016-06-30,51.0,56.5,51.0,55.6,54.13366453749704,4227.0,43.0,228823.0,2943.0,69.62,5.5,4.6,1467244800.0
2016-06-29,54.7,54.7,51.0,51.05,52.36221743810549,3716.0,27.0,194578.0,3352.0,90.2,3.7,-3.65,1467158400.0
2016-06-28,52.0,53.7,51.8,52.9,52.9207300463089,3671.0,41.0,194272.0,1890.0,51.48,1.9,0.9,1467072000.0
2016-06-27,50.2,52.95,50.2,52.5,52.02867715078632,3243.0,24.0,168729.0,2468.0,76.1,2.75,2.3,1466985600.0
2016-06-24,48.25,50.85,46.2,49.75,47.71382586166287,12737.0,65.0,607731.0,9550.0,74.98,4.65,1.5,1466726400.0
2016-06-23,51.5,51.5,49.0,49.55,50.09281906553778,3189.0,14.0,159746.0,2779.0,87.14,2.5,-1.95,1466640000.0
2016-06-22,54.75,54.75,51.2,51.3,52.843363561417966,2426.0,25.0,128198.0,1976.0,81.45,3.55,-3.45,1466553600.0
2016-06-21,53.35,55.4,53.0,53.6,54.113671753347866,16055.0,146.0,868795.0,7928.0,49.38,2.4,0.25,1466467200.0
2016-06-20,51.45,55.1,50.35,53.75,53.83277548918641,15536.0,159.0,836346.0,9444.0,60.79,4.75,2.3,1466380800.0
2016-06-17,45.4,54.7,45.4,49.5,51.3734451631246,14069.0,137.0,722773.0,6115.0,43.46,9.3,4.1,1466121600.0
2016-06-16,45.25,47.45,44.1,47.2,45.52400768245839,3124.0,22.0,142217.0,600.0,19.21,3.35,1.95,1466035200.0
2016-06-15,44.5,47.95,44.5,46.1,46.99365381564334,6303.0,43.0,296201.0,3599.0,57.1,3.45,1.6,1465948800.0
2016-06-14,42.0,44.6,42.0,44.2,43.72119380430676,2647.0,30.0,115730.0,1995.0,75.37,2.6,2.2,1465862400.0
2016-06-13,42.8,42.8,41.6,41.6,42.78811881188119,1010.0,5.0,43216.0,1010.0,100.0,1.2,-1.2,1465776000.0
2016-06-10,41.5,42.8,40.5,42.4,40.85625,480.0,11.0,19611.0,330.0,68.75,2.3,0.9,1465516800.0
2016-06-09,42.95,43.0,42.0,42.0,42.240049751243774,1608.0,9.0,67922.0,1308.0,81.34,1.0,-0.95,1465430400.0
2016-06-08,41.5,43.95,41.5,43.85,42.94193548387097,310.0,9.0,13312.0,155.0,50.0,2.45,2.35,1465344000.0
2016-06-07,44.0,44.0,44.0,44.0,44.0,200.0,1.0,8800.0,200.0,100.0,0.0,0.0,1465257600.0
2016-06-06,44.4,44.4,42.15,43.05,43.01501706484642,5860.0,10.0,252068.0,1040.0,17.75,2.25,-1.35,1465171200.0
2016-06-03,43.1,44.4,43.1,44.4,43.20183486238532,109.0,2.0,4709.0,109.0,100.0,1.3,1.3,1464912000.0
2016-06-02,44.0,44.0,43.0,43.0,43.2,625.0,3.0,27000.0,500.0,80.0,1.0,-1.0,1464825600.0
2016-06-01,42.6,47.8,42.6,44.0,44.8258064516129,6200.0,8.0,277920.0,1200.0,19.35,5.2,1.4,1464739200.0
2016-05-31,42.0,44.0,42.0,44.0,42.92965779467681,526.0,8.0,22581.0,524.0,99.62,2.0,2.0,1464652800.0
2016-05-30,44.15,45.5,44.0,44.4,44.22344322344322,546.0,8.0,24146.0,393.0,71.98,1.5,0.25,1464566400.0
2016-05-27,46.0,46.7,45.1,45.5,45.71889400921658,434.0,9.0,19842.0,412.0,94.93,1.6,-0.5,1464307200.0
2016-05-26,44.4,47.0,44.4,46.1,46.03829787234042,235.0,3.0,10819.0,235.0,100.0,2.6,1.7,1464220800.0
2016-05-25,44.85,46.0,44.5,46.0,45.06461538461538,650.0,6.0,29292.0,450.0,69.23,1.5,1.15,1464134400.0
2016-05-24,45.85,46.3,43.3,44.8,44.16928721174004,1908.0,25.0,84275.0,1000.0,52.41,3.0,-1.05,1464048000.0
2016-05-23,50.0,50.0,45.2,45.3,46.91445216680295,9784.0,49.0,459011.0,5878.0,60.08,4.8,-4.7,1463961600.0
2016-05-20,45.0,45.8,44.15,45.8,44.9010989010989,273.0,8.0,12258.0,263.0,96.34,1.65,0.8,1463702400.0
2016-05-19,45.3,46.0,45.0,45.2,45.178,1500.0,8.0,67767.0,1500.0,100.0,1.0,-0.1,1463616000.0
2016-05-18,46.0,47.45,46.0,47.4,46.23916083916084,715.0,4.0,33061.0,715.0,100.0,1.45,1.4,1463529600.0
2016-05-17,48.0,48.0,46.0,46.05,46.51825495049505,3232.0,13.0,150347.0,3222.0,99.69,2.0,-1.95,1463443200.0
2016-05-16,46.0,47.0,46.0,46.9,46.76487804878049,2050.0,32.0,95868.0,2025.0,98.78,1.0,0.9,1463356800.0
2016-05-13,47.0,47.0,47.0,47.0,47.0,124.0,3.0,5828.0,124.0,100.0,0.0,0.0,1463097600.0
2016-05-12,49.0,49.0,47.0,47.0,47.72047578589635,1177.0,22.0,56167.0,987.0,83.86,2.0,-2.0,1463011200.0
2016-05-11,49.7,49.7,47.0,48.6,47.74399038461537,832.0,7.0,39723.0,781.0,93.87,2.7,-1.1,1462924800.0
2016-05-10,51.5,51.5,49.05,49.6,49.91998943754951,3787.0,29.0,189047.0,2852.0,75.31,2.45,-1.9,1462838400.0
2016-05-09,50.5,51.9,48.35,49.75,50.26248463858786,17902.0,98.0,899799.0,11603.0,64.81,3.55,-0.75,1462752000.0
2016-05-06,41.0,49.0,41.0,47.35,47.11940918258394,16858.0,107.0,794339.0,10346.0,61.37,8.0,6.35,1462492800.0
2016-05-05,43.0,43.0,42.8,42.8,42.92307692307692,1300.0,7.0,55800.0,900.0,69.23,0.2,-0.2,1462406400.0
2016-05-04,44.3,45.85,43.7,44.25,44.26923076923077,1664.0,15.0,73664.0,1143.0,68.69,2.15,-0.05,1462320000.0
2016-05-03,49.65,50.4,44.3,45.75,47.200568484633145,11258.0,146.0,531384.0,5951.0,52.86,6.1,-3.9,1462233600.0
2016-05-02,41.5,48.8,41.5,47.8,47.39542507735376,27148.0,149.0,1286691.0,15816.0,58.26,7.3,6.3,1462147200.0
2016-04-29,40.0,43.0,38.1,40.7,40.48512289780078,10822.0,59.0,438130.0,4830.0,44.63,4.9,0.7,1461888000.0
2016-04-28,39.9,42.7,38.1,38.1,40.27599243856333,1058.0,8.0,42612.0,1000.0,94.52,4.6,-1.8,1461801600.0
2016-04-27,37.7,41.65,37.7,38.7,38.85361842105263,608.0,9.0,23623.0,290.0,47.7,3.95,1.0,1461715200.0
2016-04-26,38.5,39.7,37.1,38.9,38.41032608695652,1104.0,5.0,42405.0,100.0,9.06,2.6,0.4,1461628800.0
2016-04-25,39.0,39.0,37.05,38.5,37.644638403990015,1604.0,8.0,60382.0,1102.0,68.7,1.95,-0.5,1461542400.0
2016-04-22,36.05,38.0,36.05,37.6,37.1027972027972,1430.0,10.0,53057.0,715.0,50.0,1.95,1.55,1461283200.0
2016-04-21,38.1,38.1,38.1,38.1,38.1,200.0,1.0,7620.0,200.0,100.0,0.0,0.0,1461196800.0
2016-04-20,40.0,40.65,39.05,39.85,39.86998394863564,623.0,12.0,24839.0,363.0,58.27,1.6,-0.15,1461110400.0
2016-04-18,39.0,40.0,37.0,39.6,38.27109025915997,22380.0,73.0,856507.0,12860.0,57.46,3.0,0.6,1460937600.0
2016-04-13,37.0,37.55,37.0,37.55,37.43279569892473,744.0,4.0,27850.0,644.0,86.56,0.55,0.55,1460505600.0
2016-04-12,37.5,38.5,37.0,37.5,37.47889182058048,1516.0,13.0,56818.0,1516.0,100.0,1.5,0.0,1460419200.0
2016-04-11,37.0,37.05,36.55,36.75,36.87866108786611,2868.0,15.0,105768.0,2468.0,86.05,0.5,-0.25,1460332800.0
2016-04-08,39.95,39.95,37.1,37.4,38.10122699386503,652.0,8.0,24842.0,442.0,67.79,2.85,-2.55,1460073600.0
2016-04-07,37.75,38.0,37.75,38.0,37.79166666666666,600.0,2.0,22675.0,600.0,100.0,0.25,0.25,1459987200.0
2016-04-06,37.0,37.35,37.0,37.3,37.26586620926244,3498.0,6.0,130356.0,3498.0,100.0,0.35,0.3,1459900800.0
2016-04-04,35.6,37.25,34.75,37.1,36.13360655737705,6100.0,16.0,220415.0,3900.0,63.93,2.5,1.5,1459728000.0
2016-04-01,38.9,38.9,35.15,37.25,37.09245283018868,5300.0,8.0,196590.0,1600.0,30.19,3.75,-1.65,1459468800.0
2016-03-30,37.95,37.95,36.1,36.6,36.94923148579413,2147.0,10.0,79330.0,2137.0,99.53,1.85,-1.35,1459296000.0
2016-03-29,32.6,37.0,32.6,35.6,35.04287369640788,863.0,7.0,30242.0,767.0,88.88,4.4,3.0,1459209600.0
2016-03-28,36.0,37.75,36.0,37.0,37.02635046113306,1518.0,7.0,56206.0,1101.0,72.53,1.75,1.0,1459123200.0
2016-03-23,34.7,37.95,34.7,37.95,35.12173913043478,115.0,2.0,4039.0,115.0,100.0,3.25,3.25,1458691200.0
2016-03-21,34.85,39.6,34.85,38.05,38.52878787878788,3960.0,41.0,152574.0,2515.0,63.51,4.75,3.2,1458518400.0
2016-03-18,35.25,36.0,35.25,36.0,35.747368421052634,190.0,5.0,6792.0,95.0,50.0,0.75,0.75,1458259200.0
2016-03-17,39.5,39.5,36.0,36.75,37.63640956551027,5938.0,10.0,223485.0,598.0,10.07,3.5,-2.75,1458172800.0
2016-03-16,36.05,36.05,36.0,36.0,36.016666666666666,300.0,4.0,10805.0,200.0,66.67,0.05,-0.05,1458086400.0
2016-03-15,37.45,37.45,37.45,37.45,37.0,2.0,2.0,74.0,2.0,100.0,0.0,0.0,1458000000.0
2016-03-14,38.2,38.2,37.5,37.5,37.85,4000.0,2.0,151400.0,0.0,0.0,0.7,-0.7,1457913600.0
2016-03-10,38.25,38.25,37.0,38.25,37.66666666666666,3.0,3.0,113.0,2.0,66.67,1.25,0.0,1457568000.0
2016-03-09,37.5,38.25,37.5,38.25,37.55208852557073,10031.0,3.0,376685.0,10031.0,100.0,0.75,0.75,1457481600.0
2016-03-08,36.0,38.95,35.55,38.0,37.169816488633245,3651.0,20.0,135707.0,2069.0,56.67,3.4,2.0,1457395200.0
2016-03-04,36.15,39.0,36.0,37.7,38.30032623296872,31266.0,21.0,1197498.0,30012.0,95.99,3.0,1.55,1457049600.0
2016-03-03,36.15,38.25,36.15,36.8,36.820984162895925,7072.0,7.0,260398.0,7071.0,99.99,2.1,0.65,1456963200.0
2016-03-02,36.0,36.0,36.0,36.0,36.0,25.0,1.0,900.0,25.0,100.0,0.0,0.0,1456876800.0
2016-03-01,35.0,38.85,34.25,38.3,34.74125874125874,286.0,10.0,9936.0,281.0,98.25,4.6,3.3,1456790400.0
2016-02-29,36.8,38.75,36.25,36.25,36.99938080495356,50065.0,8.0,1852374.0,50065.0,100.0,2.5,-0.55,1456704000.0
2016-02-26,35.0,35.95,34.0,35.75,34.83499810342648,7909.0,37.0,275510.0,5270.0,66.63,1.95,0.75,1456444800.0
2016-02-25,36.0,37.0,36.0,36.4,36.3793103448276,841.0,12.0,30595.0,841.0,100.0,1.0,0.4,1456358400.0
2016-02-24,36.5,40.7,36.0,36.5,37.91068146732338,13603.0,85.0,515699.0,12452.0,91.54,4.7,0.0,1456272000.0
2016-02-23,34.5,38.0,34.5,36.95,35.55339805825243,206.0,12.0,7324.0,170.0,82.52,3.5,2.45,1456185600.0
2016-02-22,37.85,38.0,34.2,36.7,36.42610412040464,8106.0,46.0,295270.0,1396.0,17.22,3.8,-1.15,1456099200.0
2016-02-19,37.8,40.0,32.4,37.55,37.40131071703932,5188.0,46.0,194038.0,5074.0,97.8,7.6,-0.25,1455840000.0
2016-02-18,36.0,36.0,33.0,35.8,33.21395348837209,215.0,4.0,7141.0,210.0,97.67,3.0,-0.2,1455753600.0
2016-02-17,34.0,36.0,31.55,33.8,33.73662846227316,12564.0,28.0,423867.0,1310.0,10.43,4.45,-0.2,1455667200.0
2016-02-16,39.5,39.5,35.35,35.95,35.75533862111043,1639.0,28.0,58603.0,1331.0,81.21,4.15,-3.55,1455580800.0
2016-02-15,37.8,38.0,35.0,37.8,36.716974789915966,5950.0,25.0,218466.0,395.0,6.64,3.0,0.0,1455494400.0
2016-02-12,39.95,41.0,30.35,36.6,36.03221798906742,12074.0,57.0,435053.0,8592.0,71.16,10.65,-3.35,1455235200.0
2016-02-11,37.95,37.95,33.9,34.5,34.58522727272727,528.0,21.0,18261.0,443.0,83.9,4.05,-3.45,1455148800.0
2016-02-10,38.95,38.95,35.1,38.05,36.74029850746269,335.0,12.0,12308.0,325.0,97.01,3.85,-0.9,1455062400.0
2016-02-08,36.05,39.4,35.0,38.7,35.9748427672956,636.0,27.0,22880.0,600.0,94.34,4.4,2.65,1454889600.0
2016-02-05,38.5,42.0,36.15,39.75,39.38049043384533,3711.0,29.0,146141.0,3595.0,96.87,5.85,1.25,1454630400.0
2016-02-04,39.75,39.75,36.3,36.9,36.64311788705175,4657.0,36.0,170647.0,4452.0,95.6,3.45,-2.85,1454544000.0
2016-02-03,39.0,39.3,39.0,39.3,39.13023255813954,215.0,12.0,8413.0,215.0,100.0,0.3,0.3,1454457600.0
2016-02-02,41.45,41.45,38.35,40.15,38.669230769230765,650.0,11.0,25135.0,570.0,87.69,3.1,-1.3,1454371200.0
2016-02-01,43.7,43.7,39.2,40.05,41.53462940461725,1646.0,35.0,68366.0,1624.0,98.66,4.5,-3.65,1454284800.0
2016-01-29,41.95,41.95,39.3,41.25,41.12565905096661,2276.0,14.0,93602.0,2261.0,99.34,2.65,-0.7,1454025600.0
2016-01-28,40.0,40.4,38.0,39.85,39.37627118644068,295.0,13.0,11616.0,275.0,93.22,2.4,-0.15,1453939200.0
2016-01-27,43.8,43.8,38.65,39.25,40.11823017408124,8272.0,33.0,331858.0,1260.0,15.23,5.15,-4.55,1453852800.0
2016-01-25,38.05,40.6,37.8,38.55,38.192037470726,427.0,14.0,16308.0,280.0,65.57,2.8,0.5,1453680000.0
2016-01-22,36.15,42.5,36.0,41.3,40.960190752643584,4823.0,40.0,197551.0,3191.0,66.16,6.5,5.15,1453420800.0
2016-01-21,38.0,38.0,35.25,36.9,36.76,175.0,10.0,6433.0,175.0,100.0,2.75,-1.1,1453334400.0
2016-01-20,36.5,36.5,35.0,36.0,35.429440389294406,8220.0,17.0,291230.0,8220.0,100.0,1.5,-0.5,1453248000.0
2016-01-19,34.0,38.85,34.0,38.55,35.63754045307444,309.0,11.0,11012.0,200.0,64.72,4.85,4.55,1453161600.0
2016-01-18,39.95,39.95,37.0,37.0,37.05400372439479,537.0,3.0,19898.0,537.0,100.0,2.95,-2.95,1453075200.0
2016-01-15,43.75,43.75,40.5,41.0,41.19758975646498,3983.0,15.0,164090.0,3810.0,95.66,3.25,-2.75,1452816000.0
2016-01-14,40.0,43.65,40.0,42.5,41.17061403508772,2280.0,32.0,93869.0,2173.0,95.31,3.65,2.5,1452729600.0
2016-01-13,43.0,44.5,40.0,40.55,41.02859497321797,24270.0,43.0,995764.0,12766.0,52.6,4.5,-2.45,1452643200.0
2016-01-12,45.6,45.6,42.75,42.9,43.892621870882735,6072.0,48.0,266516.0,4825.0,79.46,2.85,-2.7,1452556800.0
2016-01-11,44.9,44.95,43.5,44.05,44.50676589986468,1478.0,20.0,65781.0,1478.0,100.0,1.45,-0.85,1452470400.0
2016-01-08,45.6,45.6,40.0,44.0,41.75893048128342,4675.0,43.0,195223.0,4360.0,93.26,5.6,-1.6,1452211200.0
2016-01-07,43.0,43.9,42.55,43.1,42.91157702825889,1097.0,12.0,47074.0,1007.0,91.8,1.35,0.1,1452124800.0
2016-01-06,46.0,47.5,44.0,44.65,45.34908536585365,15744.0,100.0,713976.0,13415.0,85.21,3.5,-1.35,1452038400.0
2016-01-05,41.1,47.45,40.0,45.25,43.52861602497399,20181.0,154.0,878451.0,10694.0,52.99,7.45,4.15,1451952000.0
2016-01-04,42.0,44.45,41.15,41.2,42.53124038165589,3249.0,44.0,138184.0,2008.0,61.8,3.3,-0.8,1451865600.0
2016-01-01,39.95,44.0,38.5,43.6,41.906947890818856,7254.0,60.0,303993.0,5135.0,70.79,5.5,3.65,1451606400.0
2015-12-31,39.1,40.55,38.75,40.55,38.998262380538655,1151.0,13.0,44887.0,1150.0,99.91,1.8,1.45,1451520000.0
2015-12-30,40.0,40.0,39.25,39.95,39.47563805104408,431.0,4.0,17014.0,420.0,97.45,0.75,-0.05,1451433600.0
2015-12-29,40.5,43.0,40.0,41.0,40.58768694939562,9762.0,32.0,396217.0,8494.0,87.01,3.0,0.5,1451347200.0
2015-12-28,40.0,40.95,39.55,40.1,40.397205330573165,7729.0,24.0,312230.0,7575.0,98.01,1.4,0.1,1451260800.0
2015-12-24,39.0,43.0,39.0,40.45,41.02628014088322,3691.0,56.0,151428.0,2679.0,72.58,4.0,1.45,1450915200.0
2015-12-23,39.25,41.5,38.1,40.8,39.96730245231608,1835.0,29.0,73340.0,1164.0,63.43,3.4,1.55,1450828800.0
2015-12-22,41.5,41.5,39.5,40.05,40.31885268727373,3591.0,25.0,144785.0,3500.0,97.47,2.0,-1.45,1450742400.0
2015-12-21,44.9,44.9,40.1,41.75,40.24816176470588,544.0,10.0,21895.0,535.0,98.35,4.8,-3.15,1450656000.0
2015-12-18,40.1,41.95,40.05,41.85,40.96895306859206,2770.0,18.0,113484.0,2260.0,81.59,1.9,1.75,1450396800.0
2015-12-17,39.5,42.25,39.5,41.95,41.133812010443854,1532.0,19.0,63017.0,1182.0,77.15,2.75,2.45,1450310400.0
2015-12-16,39.0,42.0,39.0,41.85,40.545375597047325,2303.0,22.0,93376.0,2105.0,91.4,3.0,2.85,1450224000.0
2015-12-15,39.0,40.7,39.0,40.7,39.74372759856631,558.0,12.0,22177.0,557.0,99.82,1.7,1.7,1450137600.0
2015-12-14,37.85,39.95,37.85,39.7,39.390972222222224,1440.0,23.0,56723.0,1265.0,87.85,2.1,1.85,1450051200.0
2015-12-11,42.0,42.0,38.85,39.95,40.32149418248623,3266.0,27.0,131690.0,2227.0,68.19,3.15,-2.05,1449792000.0
2015-12-10,39.3,41.9,36.15,40.9,40.01082431307244,8407.0,52.0,336371.0,8370.0,99.56,5.75,1.6,1449705600.0
2015-12-09,38.4,38.5,37.1,38.3,37.93558685446009,5325.0,26.0,202007.0,,,1.4,-0.1,1449619200.0
2015-12-08,41.85,41.9,38.3,40.0,40.097835667417485,10211.0,43.0,409439.0,9379.0,91.85,3.6,-1.85,1449532800.0
2015-12-07,38.9,41.9,38.55,41.0,40.42723236309818,16216.0,55.0,655568.0,8433.0,52.0,3.35,2.1,1449446400.0
2015-12-04,39.0,39.25,37.75,38.65,38.42626641651032,2665.0,20.0,102406.0,2499.0,93.77,1.5,-0.35,1449187200.0
2015-12-03,37.65,38.45,37.1,38.45,37.67289413307112,3051.0,11.0,114940.0,3051.0,100.0,1.35,0.8,1449100800.0
2015-12-02,37.65,37.7,36.5,36.7,36.82848273185875,2577.0,25.0,94907.0,2377.0,92.24,1.2,-0.95,1449014400.0
2015-12-01,37.8,37.9,36.8,36.8,37.28023598820059,4068.0,35.0,151656.0,3966.0,97.49,1.1,-1.0,1448928000.0
2015-11-30,38.7,39.1,37.25,37.25,38.155468366846485,2039.0,17.0,77799.0,1939.0,95.1,1.85,-1.45,1448841600.0
2015-11-27,37.65,37.7,36.0,37.3,36.837268899871866,5463.0,47.0,201242.0,3186.0,58.32,1.7,-0.35,1448582400.0
2015-11-26,38.7,38.7,36.75,36.9,37.22962816455696,5056.0,23.0,188233.0,5036.0,99.6,1.95,-1.8,1448496000.0
2015-11-24,38.6,38.6,38.15,38.15,38.3,10.0,2.0,383.0,10.0,100.0,0.45,-0.45,1448323200.0
2015-11-23,37.2,38.0,36.95,37.8,37.06315409599423,2771.0,15.0,102702.0,2510.0,90.58,1.05,0.6,1448236800.0
2015-11-20,38.9,39.0,37.0,38.85,37.73486958723728,3949.0,46.0,149015.0,3178.0,80.48,2.0,-0.05,1447977600.0
2015-11-19,37.0,39.0,37.0,37.85,37.46552814674257,1581.0,16.0,59233.0,1506.0,95.26,2.0,0.85,1447891200.0
2015-11-18,41.0,41.0,37.65,37.65,38.69334493257938,2299.0,39.0,88956.0,2044.0,88.91,3.35,-3.35,1447804800.0
2015-11-17,39.4,40.95,39.15,39.6,40.58536585365854,2501.0,21.0,101504.0,2101.0,84.01,1.8,0.2,1447718400.0
2015-11-16,40.0,40.7,38.6,39.65,39.82056798623064,2324.0,36.0,92543.0,2001.0,86.1,2.1,-0.35,1447632000.0
2015-11-13,36.15,39.0,36.15,38.95,38.49417637271216,601.0,10.0,23135.0,469.0,78.04,2.85,2.8,1447372800.0
2015-11-11,35.0,38.25,34.7,37.7,37.59513150531617,3574.0,12.0,134365.0,3479.0,97.34,3.55,2.7,1447200000.0
2015-11-10,35.05,38.0,35.05,36.5,36.31747572815534,2060.0,12.0,74814.0,850.0,41.26,2.95,1.45,1447113600.0
2015-11-09,36.8,39.0,36.8,36.85,37.405590572759664,3649.0,14.0,136493.0,2700.0,73.99,2.2,0.05,1447027200.0
2015-11-06,39.5,39.5,38.7,38.7,38.75336322869956,446.0,15.0,17284.0,446.0,100.0,0.8,-0.8,1446768000.0
2015-11-05,43.0,43.0,40.65,40.65,42.5231296402056,1751.0,18.0,74458.0,1551.0,88.58,2.35,-2.35,1446681600.0
2015-11-04,42.75,42.75,42.75,42.75,42.74509803921569,51.0,2.0,2180.0,51.0,100.0,0.0,0.0,1446595200.0
2015-11-03,43.7,45.75,43.7,44.95,43.72280471821756,1526.0,37.0,66721.0,1460.0,95.67,2.05,1.25,1446508800.0
2015-11-02,45.95,45.95,45.95,45.95,45.90909090909091,11.0,2.0,505.0,11.0,100.0,0.0,0.0,1446422400.0
2015-10-30,48.35,48.35,48.35,48.35,48.349891716296696,7388.0,14.0,357209.0,6888.0,93.23,0.0,0.0,1446163200.0
2015-10-29,48.5,50.95,48.0,50.85,49.26306740027511,8724.0,59.0,429771.0,4344.0,49.79,2.95,2.35,1446076800.0
2015-10-28,51.0,51.0,48.5,48.55,49.5657120439388,2549.0,47.0,126343.0,2142.0,84.03,2.5,-2.45,1445990400.0
2015-10-27,47.0,50.9,47.0,50.9,49.93788819875776,1610.0,38.0,80400.0,1510.0,93.79,3.9,3.9,1445904000.0
2015-10-26,51.0,51.0,48.45,48.5,49.36873054306468,2891.0,21.0,142725.0,2608.0,90.21,2.55,-2.5,1445817600.0
2015-10-23,52.15,52.15,51.0,51.0,51.73847926267281,868.0,26.0,44909.0,848.0,97.7,1.15,-1.15,1445558400.0
2015-10-21,50.0,53.65,50.0,51.95,51.78859581070597,2578.0,33.0,133511.0,1749.0,67.84,3.65,1.95,1445385600.0
2015-10-20,51.0,53.5,51.0,51.6,51.602564102564095,1248.0,20.0,64400.0,1074.0,86.06,2.5,0.6,1445299200.0
2015-10-19,53.2,53.75,52.0,52.0,53.143085106382976,1880.0,27.0,99909.0,1730.0,92.02,1.75,-1.2,1445212800.0
2015-10-16,54.55,56.0,54.0,54.05,54.96700143472023,4182.0,55.0,229872.0,2303.0,55.07,2.0,-0.5,1444953600.0
2015-10-15,56.0,56.7,54.0,56.5,55.4377480676833,9574.0,99.0,530761.0,4415.0,46.11,2.7,0.5,1444867200.0
2015-10-14,53.5,54.25,50.85,54.25,53.67268149391524,4766.0,45.0,255804.0,4525.0,94.94,3.4,0.75,1444780800.0
2015-10-13,51.35,52.75,51.3,51.7,52.130778588807786,3288.0,58.0,171406.0,2250.0,68.43,1.45,0.35,1444694400.0
2015-10-12,53.65,55.0,51.0,53.0,53.66383701188455,2356.0,49.0,126432.0,1845.0,78.31,4.0,-0.65,1444608000.0
2015-10-09,55.0,55.0,54.15,54.9,54.82979407979408,9324.0,86.0,511233.0,7870.0,84.41,0.85,-0.1,1444348800.0
2015-10-08,59.5,59.5,53.1,55.4,54.956799270489,17546.0,191.0,964272.0,7902.0,45.04,6.4,-4.1,1444262400.0
2015-10-07,63.7,63.7,57.55,58.35,58.93561843493993,19897.0,229.0,1172642.0,12884.0,64.75,6.15,-5.35,1444176000.0
2015-10-06,67.5,69.9,63.0,63.9,66.18244276365417,49051.0,582.0,3246315.0,24787.0,50.53,6.9,-3.6,1444089600.0
2015-10-05,56.8,66.3,56.8,66.3,62.90227584216981,110904.0,854.0,6976114.0,43692.0,39.4,9.5,9.5,1444003200.0
2015-10-01,47.0,55.8,46.75,55.25,53.75040008953053,89355.0,451.0,4802867.0,44591.0,49.9,9.05,8.25,1443657600.0
2015-09-30,46.9,48.75,45.0,46.5,46.18163592622294,2494.0,63.0,115177.0,2379.0,95.39,3.75,-0.4,1443571200.0
2015-09-29,46.0,47.8,45.0,45.75,45.92159383033419,778.0,31.0,35727.0,581.0,74.68,2.8,-0.25,1443484800.0
2015-09-28,47.5,48.5,46.7,47.95,47.567961165048544,3708.0,36.0,176382.0,3608.0,97.3,1.8,0.45,1443398400.0
2015-09-24,45.9,46.85,45.9,46.2,46.44707740916272,633.0,11.0,29401.0,633.0,100.0,0.95,0.3,1443052800.0
2015-09-23,46.25,47.65,45.95,47.65,46.268479776847975,1434.0,29.0,66349.0,1123.0,78.31,1.7,1.4,1442966400.0
2015-09-22,44.5,50.0,44.5,47.4,48.12836999076933,31417.0,182.0,1512049.0,23594.0,75.1,5.5,2.9,1442880000.0
2015-09-21,41.95,44.05,40.9,43.25,43.044399596367306,5946.0,64.0,255942.0,3185.0,53.57,3.15,1.3,1442793600.0
2015-09-18,39.1,43.85,39.1,40.6,40.28080380750925,1891.0,46.0,76171.0,1608.0,85.03,4.75,1.5,1442534400.0
2015-09-16,39.0,42.0,38.0,41.9,40.54574191149126,5378.0,37.0,218055.0,1200.0,22.31,4.0,2.9,1442361600.0
2015-09-15,39.0,42.95,39.0,40.05,39.968662113298514,2489.0,20.0,99482.0,1175.0,47.21,3.95,1.05,1442275200.0
2015-09-14,39.0,41.0,37.5,41.0,39.22246220302376,926.0,22.0,36320.0,848.0,91.58,3.5,2.0,1442188800.0
2015-09-11,36.5,41.0,36.5,37.85,38.21331128565522,2419.0,36.0,92438.0,1965.0,81.23,4.5,1.35,1441929600.0
2015-09-10,35.35,40.0,35.35,37.85,37.42937720329025,4255.0,51.0,159262.0,2950.0,69.33,4.65,2.5,1441843200.0
2015-09-09,40.9,41.7,35.6,39.0,38.679428571428566,3500.0,42.0,135378.0,3276.0,93.6,6.1,-1.9,1441756800.0
2015-09-08,33.1,37.0,33.0,34.8,35.04582210242588,3339.0,30.0,117018.0,1300.0,38.93,4.0,1.7,1441670400.0
2015-09-07,35.0,35.0,34.0,34.1,34.10474183350896,23725.0,11.0,809135.0,23725.0,100.0,1.0,-0.9,1441584000.0
2015-09-04,35.5,38.5,34.4,37.2,35.85537360671529,7267.0,88.0,260561.0,4826.0,66.41,4.1,1.7,1441324800.0
2015-09-03,38.0,40.4,35.25,39.2,37.73671497584541,2484.0,58.0,93738.0,1713.0,68.96,5.15,1.2,1441238400.0
2015-09-02,36.6,39.5,36.6,37.2,37.45391304347826,575.0,4.0,21536.0,575.0,100.0,2.9,0.6,1441152000.0
2015-09-01,39.0,39.0,36.25,36.25,36.34815659445078,39465.0,22.0,1434480.0,39215.0,99.37,2.75,-2.75,1441065600.0
2015-08-31,44.8,44.8,39.7,40.25,40.7980198019802,505.0,6.0,20603.0,404.0,80.0,5.1,-4.55,1440979200.0
2015-08-28,43.8,44.8,41.0,42.4,43.66565452091768,2964.0,50.0,129425.0,2263.0,76.35,3.8,-1.4,1440720000.0
2015-08-27,36.75,42.4,36.75,42.0,41.84428950863214,3012.0,54.0,126035.0,2769.0,91.93,5.65,5.25,1440633600.0
2015-08-26,40.8,40.8,37.8,39.1,38.44828957836118,2514.0,22.0,96659.0,1864.0,74.14,3.0,-1.7,1440547200.0
2015-08-25,37.2,43.0,36.85,42.0,37.942071386775886,5127.0,67.0,194529.0,4034.0,78.68,6.15,4.8,1440460800.0
2015-08-24,47.4,47.4,39.6,40.9,41.91560641110377,24208.0,86.0,1014693.0,17111.0,70.68,7.8,-6.5,1440374400.0
2015-08-21,42.35,45.0,42.35,43.95,44.04878048780488,4469.0,57.0,196854.0,3605.0,80.67,2.65,1.6,1440115200.0
2015-08-20,51.75,51.75,44.65,45.95,48.73206000618621,12932.0,219.0,630203.0,8374.0,64.75,7.1,-5.8,1440028800.0
2015-08-19,42.0,47.05,42.0,47.05,45.67655903767015,12636.0,59.0,577169.0,12111.0,95.85,5.05,5.05,1439942400.0
2015-08-18,42.15,44.8,40.05,42.8,42.46758534293768,6386.0,74.0,271198.0,4626.0,72.44,4.75,0.65,1439856000.0
2015-08-17,42.05,47.5,41.5,43.65,44.398635394456285,11725.0,108.0,520574.0,6351.0,54.17,6.0,1.6,1439769600.0
2015-08-14,44.0,46.0,42.5,45.15,43.80335414241879,18902.0,211.0,827971.0,13209.0,69.88,3.5,1.15,1439510400.0
2015-08-13,44.0,46.4,41.85,45.5,45.92420810904762,94931.0,613.0,4359631.0,37828.0,39.85,4.55,1.5,1439424000.0
2015-08-12,47.9,48.95,42.2,42.2,45.33077023897943,45778.0,384.0,2075152.0,28203.0,61.61,6.75,-5.7,1439337600.0
2015-08-11,41.1,46.85,40.7,46.85,45.014037841136975,160566.0,1067.0,7227724.0,86280.0,53.73,6.15,5.75,1439251200.0
2015-08-10,32.65,39.15,32.65,39.05,38.21486498629645,89028.0,304.0,3402193.0,45039.0,50.59,6.5,6.4,1439164800.0
2015-08-07,31.1,33.9,31.0,32.65,32.38806731259561,9805.0,55.0,317565.0,8055.0,82.15,2.9,1.55,1438905600.0
2015-08-06,29.45,31.0,28.65,31.0,30.704378283712785,8565.0,28.0,262983.0,8482.0,99.03,2.35,1.55,1438819200.0
2015-08-05,29.1,31.0,28.0,28.6,29.939506539833527,6728.0,76.0,201433.0,4781.0,71.06,3.0,-0.5,1438732800.0
2015-08-04,28.0,29.5,27.95,28.9,28.740312319259687,3458.0,22.0,99384.0,3458.0,100.0,1.55,0.9,1438646400.0
2015-08-03,27.9,27.9,27.9,27.9,27.9,500.0,1.0,13950.0,500.0,100.0,0.0,0.0,1438560000.0
2015-07-31,27.9,27.9,26.4,27.5,27.105574587355964,3211.0,18.0,87036.0,3185.0,99.19,1.5,-0.4,1438300800.0
2015-07-30,26.45,27.0,26.45,26.6,26.6552217453505,699.0,8.0,18632.0,649.0,92.85,0.55,0.15,1438214400.0
2015-07-29,25.75,27.0,25.1,25.1,26.176559494366582,7278.0,34.0,190513.0,7027.0,96.55,1.9,-0.65,1438128000.0
2015-07-28,27.0,27.0,24.5,25.4,24.939681258825903,4957.0,25.0,123626.0,4062.0,81.94,2.5,-1.6,1438041600.0
2015-07-27,26.0,26.0,25.9,25.95,25.97,200.0,3.0,5194.0,200.0,100.0,0.1,-0.05,1437955200.0
2015-07-24,22.7,25.0,22.7,25.0,23.994140625,512.0,7.0,12285.0,511.0,99.8,2.3,2.3,1437696000.0
2015-07-23,26.7,27.0,23.1,23.85,26.338782924613987,1101.0,16.0,28999.0,996.0,90.46,3.9,-2.85,1437609600.0
2015-07-22,22.25,24.5,22.25,23.0,23.55,60.0,4.0,1413.0,30.0,50.0,2.25,0.75,1437523200.0
2015-07-21,26.0,26.0,23.65,23.65,25.94961240310077,258.0,9.0,6695.0,255.0,98.84,2.35,-2.35,1437436800.0
2015-07-20,25.5,26.4,25.0,25.0,25.091699261190783,2301.0,8.0,57736.0,2300.0,99.96,1.4,-0.5,1437350400.0
2015-07-17,23.0,26.2,23.0,25.6,25.33328107853896,12758.0,32.0,323202.0,10720.0,84.03,3.2,2.6,1437091200.0
2015-07-16,23.0,24.5,21.7,21.85,22.424148606811144,323.0,8.0,7243.0,275.0,85.14,2.8,-1.15,1437004800.0
2015-07-15,24.35,24.35,22.35,22.9,23.2625,400.0,4.0,9305.0,200.0,50.0,2.0,-1.45,1436918400.0
2015-07-14,20.65,23.2,20.65,21.8,22.160714285714285,1680.0,16.0,37230.0,1100.0,65.48,2.55,1.15,1436832000.0
2015-07-13,21.15,25.0,21.1,23.5,23.15902578796561,1396.0,15.0,32330.0,771.0,55.23,3.9,2.35,1436745600.0
2015-07-10,21.5,22.0,21.5,22.0,21.75,100.0,2.0,2175.0,50.0,50.0,0.5,0.5,1436486400.0
2015-07-09,21.15,23.0,21.0,21.9,21.233494363929143,621.0,7.0,13186.0,500.0,80.52,2.0,0.75,1436400000.0
2015-07-07,21.25,22.95,21.25,22.85,22.813888888888886,1800.0,7.0,41065.0,1750.0,97.22,1.7,1.6,1436227200.0
2015-07-03,22.5,23.9,22.5,22.5,22.504950495049503,101.0,2.0,2273.0,101.0,100.0,1.4,0.0,1435881600.0
2015-07-01,23.0,23.0,21.45,23.0,22.32792485055508,1171.0,20.0,26146.0,861.0,73.53,1.55,0.0,1435708800.0
2015-06-30,24.0,24.45,21.0,21.1,22.428571428571427,14.0,4.0,314.0,5.0,35.71,3.45,-2.9,1435622400.0
2015-06-25,21.0,23.0,21.0,23.0,21.05161290322581,155.0,2.0,3263.0,155.0,100.0,2.0,2.0,1435190400.0
2015-06-23,22.0,22.0,20.6,20.6,21.998001998002,1001.0,2.0,22020.0,1001.0,100.0,1.4,-1.4,1435017600.0
2015-06-22,20.75,20.75,20.7,20.7,20.7,200.0,2.0,4140.0,200.0,100.0,0.05,-0.05,1434931200.0
2015-06-19,21.5,24.6,20.5,20.55,20.545454545454543,154.0,6.0,3164.0,152.0,98.7,4.1,-0.95,1434672000.0
2015-06-17,20.55,20.55,20.55,20.55,20.5,2.0,1.0,41.0,2.0,100.0,0.0,0.0,1434499200.0
2015-06-16,24.0,24.0,20.4,20.85,20.66822429906542,214.0,7.0,4423.0,201.0,93.93,3.6,-3.15,1434412800.0
2015-06-15,20.2,23.45,20.2,20.6,20.333901192504257,587.0,6.0,11936.0,544.0,92.67,3.25,0.4,1434326400.0
2015-06-12,21.15,21.15,21.15,21.15,21.0,1.0,1.0,21.0,1.0,100.0,0.0,0.0,1434067200.0
2015-06-11,21.4,21.6,21.4,21.6,21.598503740648376,401.0,2.0,8661.0,401.0,100.0,0.2,0.2,1433980800.0
2015-06-10,24.0,24.0,20.8,22.95,22.920785013380907,5605.0,23.0,128471.0,5101.0,91.01,3.2,-1.05,1433894400.0
2015-06-09,22.0,24.0,21.6,21.7,23.04733076499725,1817.0,48.0,41877.0,1281.0,70.5,2.4,-0.3,1433808000.0
2015-06-08,21.5,24.0,21.5,23.95,23.0,3.0,3.0,69.0,1.0,33.33,2.5,2.45,1433721600.0
2015-06-05,24.0,24.0,20.55,21.3,21.111409395973155,745.0,14.0,15728.0,706.0,94.77,3.45,-2.7,1433462400.0
2015-06-04,21.0,22.95,21.0,22.9,21.05363321799308,578.0,13.0,12169.0,563.0,97.4,1.95,1.9,1433376000.0
2015-06-03,20.55,22.0,20.55,20.6,20.596875,320.0,11.0,6591.0,311.0,97.19,1.45,0.05,1433289600.0
2015-06-02,22.95,22.95,20.25,20.5,20.666666666666664,12.0,4.0,248.0,6.0,50.0,2.7,-2.45,1433203200.0
2015-06-01,22.45,22.55,21.45,21.45,22.446438281674823,1839.0,36.0,41279.0,1406.0,76.45,1.1,-1.0,1433116800.0
2015-05-29,21.5,21.5,21.5,21.5,21.5,70.0,2.0,1505.0,70.0,100.0,0.0,0.0,1432857600.0
2015-05-28,22.0,23.0,21.5,21.85,22.791666666666664,120.0,11.0,2735.0,109.0,90.83,1.5,-0.15,1432771200.0
2015-05-27,23.0,23.0,21.1,21.7,22.29918699186992,615.0,13.0,13714.0,503.0,81.79,1.9,-1.3,1432684800.0
2015-05-26,22.0,22.0,21.95,21.95,21.666666666666664,3.0,3.0,65.0,1.0,33.33,0.05,-0.05,1432598400.0
2015-05-25,22.9,22.9,20.75,21.2,21.0,5.0,2.0,105.0,5.0,100.0,2.15,-1.7,1432512000.0
2015-05-22,21.35,22.6,21.35,21.55,21.491329479768783,346.0,8.0,7436.0,150.0,43.35,1.25,0.2,1432252800.0
2015-05-21,23.65,23.65,22.2,22.75,23.23414634146341,205.0,9.0,4763.0,204.0,99.51,1.45,-0.9,1432166400.0
2015-05-20,23.9,23.9,21.4,23.0,22.910071942446045,278.0,12.0,6369.0,100.0,35.97,2.5,-0.9,1432080000.0
2015-05-19,23.5,25.5,22.5,22.9,23.64281507656065,3396.0,67.0,80291.0,1877.0,55.27,3.0,-0.6,1431993600.0
2015-05-18,20.45,21.45,19.0,21.45,21.00011806840096,25409.0,59.0,533592.0,24063.0,94.7,2.45,1.0,1431907200.0
2015-05-15,20.5,20.5,17.25,17.9,19.021150392286604,42316.0,128.0,804899.0,36771.0,86.9,3.25,-2.6,1431648000.0
2015-05-14,21.4,23.9,20.75,21.15,21.36943005181347,3860.0,26.0,82486.0,3760.0,97.41,3.15,-0.25,1431561600.0
2015-05-12,22.9,22.9,22.9,22.9,22.894736842105264,19.0,2.0,435.0,19.0,100.0,0.0,0.0,1431388800.0
2015-05-11,21.05,21.05,21.05,21.05,21.0,19.0,1.0,399.0,19.0,100.0,0.0,0.0,1431302400.0
2015-05-08,22.6,22.7,22.6,22.7,22.64971751412429,177.0,4.0,4009.0,177.0,100.0,0.1,0.1,1431043200.0
2015-05-07,25.0,25.0,20.0,23.3,23.370370370370367,27.0,6.0,631.0,26.0,96.3,5.0,-1.7,1430956800.0
2015-05-06,21.6,23.85,21.35,22.75,22.43522267206477,494.0,20.0,11083.0,175.0,35.43,2.5,1.15,1430870400.0
2015-05-05,23.75,24.0,23.75,23.95,23.805970149253728,201.0,10.0,4785.0,201.0,100.0,0.25,0.2,1430784000.0
2015-04-30,22.0,23.2,21.2,23.15,22.14179104477612,402.0,18.0,8901.0,200.0,49.75,2.0,1.15,1430352000.0
2015-04-29,23.5,23.5,22.0,23.05,22.75,4.0,8.0,91.0,0.0,0.0,1.5,-0.45,1430265600.0
2015-04-28,22.0,22.0,22.0,22.0,22.0,1000.0,4.0,22000.0,1000.0,100.0,0.0,0.0,1430179200.0
2015-04-27,22.0,22.0,22.0,22.0,22.0,5.0,2.0,110.0,5.0,100.0,0.0,0.0,1430092800.0
2015-04-24,22.0,22.55,21.6,21.7,21.92058823529412,3400.0,18.0,74530.0,2118.0,62.29,0.95,-0.3,1429833600.0
2015-04-23,20.1,23.85,20.1,23.0,23.334144970968342,5339.0,40.0,124581.0,5050.0,94.59,3.75,2.9,1429747200.0
2015-04-22,23.85,23.85,22.25,22.25,23.05,100.0,4.0,2305.0,50.0,50.0,1.6,-1.6,1429660800.0
2015-04-17,22.9,23.0,21.4,21.4,22.96417910447761,1005.0,7.0,23079.0,1005.0,100.0,1.6,-1.5,1429228800.0
2015-04-16,23.0,23.4,21.55,22.95,23.061921014139443,2051.0,13.0,47300.0,2049.0,99.9,1.85,-0.05,1429142400.0
2015-04-15,23.0,23.0,23.0,23.0,23.0,175.0,4.0,4025.0,175.0,100.0,0.0,0.0,1429056000.0
2015-04-10,23.0,23.0,23.0,23.0,23.0,2640.0,8.0,60720.0,2640.0,100.0,0.0,0.0,1428624000.0
2015-04-09,22.0,23.0,21.95,21.95,22.00865218227264,5201.0,18.0,114467.0,4101.0,78.85,1.05,-0.05,1428537600.0
2015-04-08,21.0,22.0,21.0,22.0,21.00497512437811,2010.0,4.0,42220.0,2010.0,100.0,1.0,1.0,1428451200.0
2015-04-07,22.0,22.0,22.0,22.0,22.0,100.0,2.0,2200.0,100.0,100.0,0.0,0.0,1428364800.0
2015-04-06,21.0,21.0,21.0,21.0,21.0,160.0,6.0,3360.0,160.0,100.0,0.0,0.0,1428278400.0
2015-04-01,21.25,21.25,21.25,21.25,21.25,200.0,2.0,4250.0,200.0,100.0,0.0,0.0,1427846400.0
2015-03-31,21.5,21.5,21.5,21.5,21.5,350.0,2.0,7525.0,350.0,100.0,0.0,0.0,1427760000.0
2015-03-30,20.2,20.2,20.2,20.2,20.166666666666664,6.0,2.0,121.0,6.0,100.0,0.0,0.0,1427673600.0
2015-03-27,23.8,23.8,21.5,21.5,21.611155378486053,1255.0,24.0,27122.0,1240.0,98.8,2.3,-2.3,1427414400.0
2015-03-26,21.5,23.9,21.5,23.75,22.5,176.0,16.0,3960.0,150.0,85.23,2.4,2.25,1427328000.0
2015-03-24,26.0,26.0,25.55,25.55,25.99009900990099,101.0,4.0,2625.0,101.0,100.0,0.45,-0.45,1427155200.0
2015-03-23,21.25,24.0,21.25,24.0,22.803149606299208,2032.0,18.0,46336.0,1580.0,77.76,2.75,2.75,1427068800.0
2015-03-20,24.4,27.75,23.75,23.75,25.54234179150108,9813.0,31.0,250647.0,1311.0,13.36,4.0,-0.65,1426809600.0
2015-03-19,25.4,25.9,24.3,25.0,25.21847690387016,801.0,22.0,20200.0,1.0,0.12,1.6,-0.4,1426723200.0
2015-03-18,25.0,25.3,24.05,25.0,25.000911300121505,3292.0,42.0,82303.0,3100.0,94.17,1.25,0.0,1426636800.0
2015-03-17,24.9,26.9,23.0,26.3,25.26934889434889,3256.0,45.0,82277.0,2205.0,67.72,3.9,1.4,1426550400.0
2015-03-16,23.3,24.95,23.25,24.95,23.469329529243936,701.0,8.0,16452.0,700.0,99.86,1.7,1.65,1426464000.0
2015-03-13,26.15,26.15,24.7,25.8,25.684466019417474,2060.0,32.0,52910.0,1103.0,53.54,1.45,-0.35,1426204800.0
2015-03-12,25.9,28.0,25.9,27.5,26.64769601100413,11632.0,94.0,309966.0,10126.0,87.05,2.1,1.6,1426118400.0
2015-03-11,24.0,27.25,24.0,25.3,25.528800755429646,8472.0,160.0,216280.0,4316.0,50.94,3.25,1.3,1426032000.0
2015-03-10,23.4,23.45,21.6,23.0,22.3995782814971,1897.0,52.0,42492.0,1336.0,70.43,1.85,-0.4,1425945600.0
2015-03-09,21.95,21.95,19.7,20.95,21.643564356435643,202.0,12.0,4372.0,150.0,74.26,2.25,-1.0,1425859200.0
2015-03-05,21.0,21.0,21.0,21.0,21.0,129.0,6.0,2709.0,129.0,100.0,0.0,0.0,1425513600.0
2015-03-04,21.6,24.9,21.6,21.6,22.78260869565217,1449.0,21.0,33012.0,1220.0,84.2,3.3,0.0,1425427200.0
2015-03-02,21.25,22.0,21.2,21.8,21.402329749103945,1116.0,21.0,23885.0,966.0,86.56,0.8,0.55,1425254400.0
2015-02-28,23.85,23.85,23.85,23.85,23.0,1.0,2.0,23.0,1.0,100.0,0.0,0.0,1425081600.0
2015-02-26,22.0,22.0,20.4,20.4,21.62837837837837,148.0,5.0,3201.0,148.0,100.0,1.6,-1.6,1424908800.0
2015-02-24,21.1,21.25,21.1,21.25,21.23157894736842,95.0,6.0,2017.0,85.0,89.47,0.15,0.15,1424736000.0
2015-02-23,21.55,22.5,21.55,21.55,21.785123966942148,121.0,7.0,2636.0,121.0,100.0,0.95,0.0,1424649600.0
2015-02-20,21.0,24.45,21.0,23.8,22.495332601192345,25496.0,28.0,573541.0,25301.0,99.24,3.45,2.8,1424390400.0
2015-02-19,24.5,24.5,22.9,22.95,23.04436363636364,1375.0,24.0,31686.0,1374.0,99.93,1.6,-1.55,1424304000.0
2015-02-18,21.3,23.5,20.75,23.5,21.070129870129872,1540.0,14.0,32448.0,1505.0,97.73,2.75,2.2,1424217600.0
2015-02-16,21.7,22.5,21.7,22.5,21.705194805194804,1540.0,20.0,33426.0,1530.0,99.35,0.8,0.8,1424044800.0
2015-02-13,21.0,24.0,21.0,21.75,21.451612903225808,496.0,14.0,10640.0,496.0,100.0,3.0,0.75,1423785600.0
2015-02-12,22.5,22.6,22.5,22.6,22.504,125.0,5.0,2813.0,115.0,92.0,0.1,0.1,1423699200.0
2015-02-11,21.1,22.65,21.1,22.65,21.107462686567164,2010.0,4.0,42426.0,2010.0,100.0,1.55,1.55,1423612800.0
2015-02-10,21.5,21.95,21.1,21.9,21.50655294362388,4807.0,33.0,103382.0,3897.0,81.07,0.85,0.4,1423526400.0
2015-02-09,23.9,23.9,21.0,22.65,22.46923076923077,130.0,16.0,2921.0,125.0,96.15,2.9,-1.25,1423440000.0
2015-02-06,22.7,24.0,22.3,24.0,22.528260869565216,460.0,10.0,10363.0,460.0,100.0,1.7,1.3,1423180800.0
2015-02-05,24.0,24.5,23.0,23.9,23.0921875,640.0,12.0,14779.0,605.0,94.53,1.5,-0.1,1423094400.0
2015-02-04,22.85,24.5,22.85,24.25,23.34193548387097,155.0,11.0,3618.0,155.0,100.0,1.65,1.4,1423008000.0
2015-02-03,23.2,25.2,23.2,24.7,24.71711711711712,1110.0,14.0,27436.0,1001.0,90.18,2.0,1.5,1422921600.0
2015-02-02,24.0,25.5,23.0,25.5,23.180722891566266,1660.0,12.0,38480.0,1650.0,99.4,2.5,1.5,1422835200.0
2015-01-30,24.95,24.95,22.6,24.85,24.381463414634144,2050.0,23.0,49982.0,2000.0,97.56,2.35,-0.1,1422576000.0
2015-01-29,24.0,24.8,23.1,23.45,23.54617563739377,3530.0,32.0,83118.0,3494.0,98.98,1.7,-0.55,1422489600.0
2015-01-28,25.75,26.0,23.2,24.75,25.420692697992497,9066.0,88.0,230464.0,7000.0,77.21,2.8,-1.0,1422403200.0
2015-01-23,24.1,25.5,24.1,25.5,24.12745098039216,510.0,6.0,12305.0,500.0,98.04,1.4,1.4,1421971200.0
2015-01-22,25.0,25.2,23.9,25.1,25.004095004095003,1221.0,14.0,30530.0,1201.0,98.36,1.3,0.1,1421884800.0
2015-01-21,23.85,25.5,23.85,24.2,24.25597269624573,293.0,10.0,7107.0,293.0,100.0,1.65,0.35,1421798400.0
2015-01-20,26.9,27.0,25.0,25.75,26.272618477740544,4178.0,51.0,109767.0,2850.0,68.21,2.0,-1.15,1421712000.0
2015-01-19,24.0,25.5,23.6,25.5,24.35443037974684,158.0,16.0,3848.0,156.0,98.73,1.9,1.5,1421625600.0
2015-01-16,25.0,26.9,24.5,25.8,25.818181818181817,22.0,10.0,568.0,20.0,90.91,2.4,0.8,1421366400.0
2015-01-15,26.6,26.6,26.6,26.6,26.6,10.0,2.0,266.0,10.0,100.0,0.0,0.0,1421280000.0
2015-01-14,26.0,26.0,24.45,26.0,25.97712418300653,306.0,10.0,7949.0,305.0,99.67,1.55,0.0,1421193600.0
2015-01-12,27.0,27.0,27.0,27.0,27.0,10.0,2.0,270.0,10.0,100.0,0.0,0.0,1421020800.0
2015-01-09,24.0,26.45,24.0,26.45,24.02425742574257,2020.0,10.0,48529.0,2020.0,100.0,2.45,2.45,1420761600.0
2015-01-08,25.0,26.0,24.5,26.0,24.863636363636363,550.0,10.0,13675.0,550.0,100.0,1.5,1.0,1420675200.0
2015-01-07,29.0,29.0,25.0,26.35,27.80238095238095,420.0,12.0,11677.0,410.0,97.62,4.0,-2.65,1420588800.0
2015-01-06,24.35,27.4,24.35,27.4,26.38195077484048,1097.0,24.0,28941.0,1002.0,91.34,3.05,3.05,1420502400.0
2015-01-05,26.0,26.0,25.4,26.0,25.462441314553992,426.0,10.0,10847.0,406.0,95.31,0.6,0.0,1420416000.0
2015-01-02,24.85,27.0,24.85,26.0,26.265625,320.0,10.0,8405.0,320.0,100.0,2.15,1.15,1420156800.0
2015-01-01,25.9,25.95,25.9,25.9,25.9,30.0,6.0,777.0,10.0,33.33,0.05,0.0,1420070400.0
2014-12-31,25.85,25.9,25.0,25.1,25.43734939759036,1660.0,14.0,42226.0,1510.0,90.96,0.9,-0.75,1419984000.0
2014-12-30,24.15,25.7,24.15,25.0,24.97815362931642,1419.0,20.0,35444.0,1409.0,99.3,1.55,0.85,1419897600.0
2014-12-29,25.0,25.4,25.0,25.4,25.017970797454137,2671.0,6.0,66823.0,2671.0,100.0,0.4,0.4,1419811200.0
2014-12-26,24.1,25.3,23.75,25.3,24.331293706293703,3432.0,20.0,83505.0,3422.0,99.71,1.55,1.2,1419552000.0
2014-12-24,24.25,25.0,24.25,25.0,24.318181818181817,110.0,4.0,2675.0,110.0,100.0,0.75,0.75,1419379200.0
2014-12-23,25.5,25.5,25.5,25.5,25.5,998.0,10.0,25449.0,998.0,100.0,0.0,0.0,1419292800.0
2014-12-22,26.85,26.85,24.35,25.4,24.404761904761905,252.0,18.0,6150.0,210.0,83.33,2.5,-1.45,1419206400.0
2014-12-19,25.6,25.6,25.6,25.6,25.59433962264151,106.0,7.0,2713.0,105.0,99.06,0.0,0.0,1418947200.0
2014-12-18,23.5,24.55,23.5,24.55,23.600760456273765,526.0,24.0,12414.0,475.0,90.3,1.05,1.05,1418860800.0
2014-12-17,24.7,27.0,24.7,24.7,24.71965811965812,1170.0,11.0,28922.0,1150.0,98.29,2.3,0.0,1418774400.0
2014-12-16,25.95,25.95,25.95,25.95,25.944444444444443,72.0,8.0,1868.0,50.0,69.44,0.0,0.0,1418688000.0
2014-12-15,27.3,27.3,27.3,27.3,27.3,150.0,4.0,4095.0,150.0,100.0,0.0,0.0,1418601600.0
2014-12-12,27.5,28.75,27.35,28.7,28.10169491525424,59.0,14.0,1658.0,0.0,0.0,1.4,1.2,1418342400.0
2014-12-10,28.85,28.85,27.85,28.75,28.62913907284768,755.0,16.0,21615.0,685.0,90.73,1.0,-0.1,1418169600.0
2014-12-09,28.25,29.2,28.2,29.2,28.224288840262584,914.0,8.0,25797.0,912.0,99.78,1.0,0.95,1418083200.0
2014-12-08,29.15,30.35,28.5,29.45,28.818181818181817,1100.0,17.0,31700.0,1089.0,99.0,1.85,0.3,1417996800.0
2014-12-05,28.3,29.9,28.3,29.9,29.346289752650176,1132.0,22.0,33220.0,771.0,68.11,1.6,1.6,1417737600.0
2014-12-04,27.35,29.95,27.35,29.65,28.18075560802833,8470.0,42.0,238691.0,5411.0,63.88,2.6,2.3,1417651200.0
2014-12-03,28.55,28.55,28.0,28.55,28.52550231839258,4529.0,12.0,129192.0,4500.0,99.36,0.55,0.0,1417564800.0
2014-12-02,28.0,28.8,27.0,27.2,27.52286282306164,2012.0,26.0,55376.0,1601.0,79.57,1.8,-0.8,1417478400.0
2014-12-01,28.0,28.0,28.0,28.0,28.0,647.0,12.0,18116.0,646.0,99.85,0.0,0.0,1417392000.0
2014-11-28,28.55,29.5,28.25,29.5,28.580965909090907,2816.0,40.0,80484.0,1649.0,58.56,1.25,0.95,1417132800.0
2014-11-27,30.65,30.65,30.65,30.65,30.6,5.0,2.0,153.0,0.0,0.0,0.0,0.0,1417046400.0
2014-11-26,29.0,30.55,28.0,29.05,28.84235053421232,8798.0,73.0,253755.0,6596.0,74.97,2.55,0.05,1416960000.0
2014-11-25,31.65,32.0,30.4,30.4,30.746029836381133,8312.0,76.0,255561.0,7807.0,93.92,1.6,-1.25,1416873600.0
2014-11-24,32.95,33.75,32.95,33.75,33.610180623973726,3045.0,48.0,102343.0,3036.0,99.7,0.8,0.8,1416787200.0
2014-11-21,30.55,32.1,29.4,30.7,30.722222222222225,1764.0,36.0,54194.0,1464.0,82.99,2.7,0.15,1416528000.0
2014-11-20,31.0,32.0,30.65,31.0,30.976011994003,2001.0,29.0,61983.0,1200.0,59.97,1.35,0.0,1416441600.0
2014-11-19,30.3,35.7,30.0,32.5,33.00451415455241,13070.0,129.0,431369.0,8048.0,61.58,5.7,2.2,1416355200.0
2014-11-18,33.3,33.3,32.0,32.6,32.637647058823525,2550.0,59.0,83226.0,2006.0,78.67,1.3,-0.7,1416268800.0
2014-11-17,32.7,33.25,32.0,33.25,32.983463138802946,9373.0,107.0,309154.0,7892.0,84.2,1.25,0.55,1416182400.0
2014-11-14,33.5,33.5,29.65,30.25,30.42727949781892,9399.0,95.0,285986.0,8940.0,95.12,3.85,-3.25,1415923200.0
2014-11-13,33.0,33.4,30.0,31.2,32.841289677580605,4001.0,77.0,131398.0,3457.0,86.4,3.4,-1.8,1415836800.0
2014-11-12,34.55,34.55,32.0,33.3,33.37999634969885,5479.0,86.0,182889.0,5317.0,97.04,2.55,-1.25,1415750400.0
2014-11-11,29.0,31.6,29.0,31.6,31.356254828966776,14237.0,151.0,446419.0,9774.0,68.65,2.6,2.6,1415664000.0
2014-11-10,27.5,28.8,27.5,28.75,27.81593625498008,2510.0,28.0,69818.0,2029.0,80.84,1.3,1.25,1415577600.0
2014-11-07,27.95,28.8,27.2,27.6,27.797497530457687,3037.0,28.0,84421.0,3036.0,99.97,1.6,-0.35,1415318400.0
2014-11-05,27.5,27.95,27.5,27.5,27.52162714945837,13201.0,46.0,363313.0,13201.0,100.0,0.45,0.0,1415145600.0
2014-11-03,27.5,27.5,26.5,26.65,26.79777777777777,2700.0,76.0,72354.0,1875.0,69.44,1.0,-0.85,1414972800.0
2014-10-31,27.25,27.5,26.45,26.9,26.709682299546145,6610.0,65.0,176551.0,5401.0,81.71,1.05,-0.35,1414713600.0
2014-10-30,27.45,27.9,26.15,27.8,27.26972176759411,15275.0,75.0,416545.0,14824.0,97.05,1.75,0.35,1414627200.0
2014-10-29,25.0,26.6,25.0,26.6,25.428571428571427,735.0,14.0,18690.0,700.0,95.24,1.6,1.6,1414540800.0
2014-10-28,25.3,25.45,25.3,25.45,25.392391304347825,3680.0,20.0,93444.0,3580.0,97.28,0.15,0.15,1414454400.0
2014-10-27,24.25,24.25,24.25,24.25,24.248,250.0,4.0,6062.0,250.0,100.0,0.0,0.0,1414368000.0
2014-10-23,25.2,25.2,25.0,25.15,25.18095238095238,1050.0,10.0,26440.0,1050.0,100.0,0.2,-0.05,1414022400.0
2014-10-21,25.25,25.25,24.0,24.0,24.03703703703704,27.0,8.0,649.0,25.0,92.59,1.25,-1.25,1413849600.0
2014-10-20,25.55,25.55,24.25,24.25,24.5,2.0,4.0,49.0,1.0,50.0,1.3,-1.3,1413763200.0
2014-10-17,27.4,27.4,25.5,25.5,25.506499409144624,11001.0,24.0,280597.0,10400.0,94.54,1.9,-1.9,1413504000.0
2014-10-16,26.6,27.8,25.3,26.8,27.05737292400604,3974.0,60.0,107526.0,2619.0,65.9,2.5,0.2,1413417600.0
2014-10-14,25.9,26.6,24.75,26.6,26.18613461295618,23757.0,101.0,622104.0,16760.0,70.55,1.85,0.7,1413244800.0
2014-10-13,24.5,25.35,23.4,25.35,25.20869927737632,35980.0,69.0,907009.0,33476.0,93.04,1.95,0.85,1413158400.0
2014-10-10,23.9,24.15,23.9,24.15,24.093113993461984,9483.0,54.0,228475.0,8806.0,92.86,0.25,0.25,1412899200.0
2014-10-09,22.05,23.6,21.75,23.0,22.960968035551748,18677.0,67.0,428842.0,14375.0,76.97,1.85,0.95,1412812800.0
2014-10-08,21.35,22.5,21.0,22.5,21.94937144825211,17421.0,44.0,382380.0,17020.0,97.7,1.5,1.15,1412726400.0
2014-10-07,20.5,21.45,20.5,21.45,20.86602948323344,6173.0,54.0,128806.0,6173.0,100.0,0.95,0.95,1412640000.0
2014-10-01,20.0,20.7,19.6,20.7,19.687726942628903,1377.0,18.0,27110.0,1375.0,99.85,1.1,0.7,1412121600.0
2014-09-30,20.5,20.5,20.5,20.5,20.5,3998.0,8.0,81959.0,3998.0,100.0,0.0,0.0,1412035200.0
2014-09-29,19.4,20.2,19.2,19.6,19.72744360902256,1596.0,11.0,31485.0,898.0,56.27,1.0,0.2,1411948800.0
2014-09-26,19.8,20.1,19.8,20.0,19.923312883435585,652.0,12.0,12990.0,652.0,100.0,0.3,0.2,1411689600.0
2014-09-25,21.0,21.0,20.8,20.8,20.93954050785973,1654.0,12.0,34634.0,1654.0,100.0,0.2,-0.2,1411603200.0
2014-09-19,21.9,21.9,21.7,21.85,21.8734065934066,2275.0,20.0,49762.0,2250.0,98.9,0.2,-0.05,1411084800.0
2014-09-18,22.4,24.0,22.35,22.65,22.5,438.0,54.0,9855.0,401.0,91.55,1.65,0.25,1410998400.0
2014-09-17,23.45,23.45,23.45,23.45,23.448,250.0,2.0,5862.0,250.0,100.0,0.0,0.0,1410912000.0
2014-09-15,25.05,25.2,24.05,24.6,24.596765779864366,1917.0,34.0,47152.0,1513.0,78.93,1.15,-0.45,1410739200.0
2014-09-12,25.5,26.3,25.15,25.15,25.348562628336754,5844.0,48.0,148137.0,4901.0,83.86,1.15,-0.35,1410480000.0
2014-09-11,27.75,27.75,25.65,26.45,27.04817749603804,3155.0,20.0,85337.0,3105.0,98.42,2.1,-1.3,1410393600.0
2014-09-10,24.0,27.5,24.0,26.6,25.988602045786653,10265.0,70.0,266773.0,7192.0,70.06,3.5,2.6,1410307200.0
2014-09-09,23.45,25.4,23.45,25.0,23.6664203915774,2707.0,22.0,64065.0,2705.0,99.93,1.95,1.55,1410220800.0
2014-09-08,22.9,23.4,22.8,23.2,23.1231884057971,1104.0,18.0,25528.0,1104.0,100.0,0.6,0.3,1410134400.0
2014-09-05,22.45,22.45,20.8,21.5,22.09264739358069,4393.0,56.0,97053.0,3178.0,72.34,1.65,-0.95,1409875200.0
2014-09-04,20.45,20.45,19.25,20.45,20.445133459153407,7418.0,34.0,151662.0,5112.0,68.91,1.2,0.0,1409788800.0
2014-09-03,19.5,19.5,19.5,19.5,19.5,350.0,4.0,6825.0,350.0,100.0,0.0,0.0,1409702400.0
2014-09-02,18.1,19.5,18.1,18.6,18.793484848484848,6600.0,41.0,124037.0,4190.0,63.48,1.4,0.5,1409616000.0
2014-09-01,18.95,19.1,18.35,18.75,18.92876712328767,730.0,10.0,13818.0,730.0,100.0,0.75,-0.2,1409529600.0
2014-08-28,18.0,19.15,18.0,18.2,18.679428571428566,5250.0,29.0,98067.0,5120.0,97.52,1.15,0.2,1409184000.0
2014-08-27,18.35,18.35,18.35,18.35,18.35,200.0,2.0,3670.0,200.0,100.0,0.0,0.0,1409097600.0
2014-08-26,19.0,19.0,19.0,19.0,19.0,100.0,2.0,1900.0,100.0,100.0,0.0,0.0,1409011200.0
2014-08-25,18.55,18.55,18.2,18.2,18.41,1700.0,10.0,31297.0,1450.0,85.29,0.35,-0.35,1408924800.0
2014-08-22,18.35,18.95,18.15,18.95,18.27630057803468,6920.0,12.0,126472.0,6815.0,98.48,0.8,0.6,1408665600.0
2014-08-21,18.95,19.65,18.55,18.55,19.12560975609756,4100.0,18.0,78415.0,3600.0,87.8,1.1,-0.4,1408579200.0
2014-08-20,18.25,19.75,18.0,18.75,19.22599531615925,5978.0,31.0,114933.0,4577.0,76.56,1.75,0.5,1408492800.0
2014-08-19,19.0,19.0,18.45,18.9,18.55564738292011,3630.0,22.0,67357.0,3630.0,100.0,0.55,-0.1,1408406400.0
2014-08-18,21.0,21.0,19.1,19.4,20.04701195219124,2510.0,10.0,50318.0,1650.0,65.74,1.9,-1.6,1408320000.0
2014-08-14,20.9,21.0,20.0,20.0,20.751995438996577,3508.0,16.0,72798.0,3308.0,94.3,1.0,-0.9,1407974400.0
2014-08-13,20.0,20.7,19.95,20.0,20.039932318104903,2955.0,17.0,59218.0,2655.0,89.85,0.75,0.0,1407888000.0
2014-08-12,19.95,20.7,18.85,20.7,20.170991996119326,4123.0,21.0,83165.0,3923.0,95.15,1.85,0.75,1407801600.0
2014-08-11,19.75,19.75,19.75,19.75,19.75,1000.0,2.0,19750.0,1000.0,100.0,0.0,0.0,1407715200.0
2014-08-08,19.65,19.65,19.65,19.65,19.65,1000.0,4.0,19650.0,1000.0,100.0,0.0,0.0,1407456000.0
2014-08-07,18.75,18.75,18.75,18.75,18.747311827956988,186.0,4.0,3487.0,186.0,100.0,0.0,0.0,1407369600.0
2014-08-05,17.8,17.9,17.8,17.9,17.88679245283019,53.0,4.0,948.0,53.0,100.0,0.1,0.1,1407196800.0
2014-08-04,20.0,20.0,18.5,18.5,19.2625,400.0,6.0,7705.0,400.0,100.0,1.5,-1.5,1407110400.0
2014-08-01,19.2,19.2,19.2,19.2,19.2,200.0,2.0,3840.0,200.0,100.0,0.0,0.0,1406851200.0
2014-07-31,20.0,20.0,20.0,20.0,20.0,10.0,2.0,200.0,10.0,100.0,0.0,0.0,1406764800.0
2014-07-30,19.7,20.75,19.7,20.3,20.32050545663412,5223.0,17.0,106134.0,5223.0,100.0,1.05,0.6,1406678400.0
2014-07-25,19.9,19.9,19.75,19.8,19.808333333333334,600.0,6.0,11885.0,600.0,100.0,0.15,-0.1,1406246400.0
2014-07-24,17.75,19.55,17.75,19.35,19.28306997742664,13290.0,29.0,256272.0,13290.0,100.0,1.8,1.6,1406160000.0
2014-07-23,18.65,18.65,18.65,18.65,18.65,700.0,6.0,13055.0,700.0,100.0,0.0,0.0,1406073600.0
2014-07-22,18.55,19.6,18.55,19.6,18.980603448275865,464.0,16.0,8807.0,464.0,100.0,1.05,1.05,1405987200.0
2014-07-21,18.75,19.5,18.75,18.75,18.966084788029924,2005.0,31.0,38027.0,2005.0,100.0,0.75,0.0,1405900800.0
2014-07-18,21.7,21.7,19.7,19.7,19.70386740331492,905.0,15.0,17832.0,905.0,100.0,2.0,-2.0,1405641600.0
2014-07-17,19.0,20.8,19.0,20.7,19.376262626262623,3168.0,16.0,61384.0,3168.0,100.0,1.8,1.7,1405555200.0
2014-07-16,19.95,19.95,19.95,19.95,19.9,10.0,2.0,199.0,10.0,100.0,0.0,0.0,1405468800.0
2014-07-15,19.95,21.0,19.95,20.95,20.46341463414634,205.0,6.0,4195.0,205.0,100.0,1.05,1.0,1405382400.0
2014-07-14,19.5,21.0,19.0,21.0,19.14722536806342,883.0,8.0,16907.0,883.0,100.0,2.0,1.5,1405296000.0
2014-07-11,20.0,20.0,20.0,20.0,20.0,500.0,2.0,10000.0,500.0,100.0,0.0,0.0,1405036800.0
2014-07-09,20.7,20.75,20.7,20.75,20.746666666666663,300.0,6.0,6224.0,300.0,100.0,0.05,0.05,1404864000.0
2014-07-08,21.75,21.75,21.75,21.75,21.75,200.0,2.0,4350.0,200.0,100.0,0.0,0.0,1404777600.0
2014-07-07,20.9,22.85,20.9,22.85,20.95,220.0,8.0,4609.0,220.0,100.0,1.95,1.95,1404691200.0
2014-07-04,22.3,22.3,21.8,21.8,22.090090090090087,999.0,11.0,22068.0,999.0,100.0,0.5,-0.5,1404432000.0
2014-07-02,22.0,22.9,21.6,22.9,21.81296758104738,401.0,8.0,8747.0,401.0,100.0,1.3,0.9,1404259200.0
2014-07-01,22.35,22.35,22.35,22.35,22.349206349206348,630.0,6.0,14080.0,630.0,100.0,0.0,0.0,1404172800.0
2014-06-30,21.5,21.5,21.3,21.3,21.42121212121212,330.0,6.0,7069.0,330.0,100.0,0.2,-0.2,1404086400.0
2014-06-27,21.8,22.0,21.0,22.0,21.301061402638627,10081.0,26.0,214736.0,10081.0,100.0,1.0,0.2,1403827200.0
2014-06-26,21.8,21.8,21.8,21.8,21.8,200.0,4.0,4360.0,200.0,100.0,0.0,0.0,1403740800.0
2014-06-25,22.5,22.8,21.85,21.85,22.068656716417912,2010.0,24.0,44358.0,2010.0,100.0,0.95,-0.65,1403654400.0
2014-06-23,22.75,22.75,22.75,22.75,22.74,50.0,4.0,1137.0,50.0,100.0,0.0,0.0,1403481600.0
2014-06-20,21.8,21.9,21.8,21.85,21.843333333333334,300.0,6.0,6553.0,300.0,100.0,0.1,0.05,1403222400.0
2014-06-19,20.7,21.5,20.6,21.5,20.6284289276808,4010.0,16.0,82720.0,4010.0,100.0,0.9,0.8,1403136000.0
2014-06-18,20.9,21.6,20.6,21.6,20.78606557377049,4880.0,20.0,101436.0,4880.0,100.0,1.0,0.7,1403049600.0
2014-06-17,20.75,20.75,20.75,20.75,20.746666666666663,75.0,2.0,1556.0,75.0,100.0,0.0,0.0,1402963200.0
2014-06-16,20.4,21.85,20.4,20.75,21.77358490566037,53.0,6.0,1154.0,53.0,100.0,1.45,0.35,1402876800.0
2014-06-13,22.25,22.9,21.3,21.3,22.086259541984727,2620.0,10.0,57866.0,2620.0,100.0,1.6,-0.95,1402617600.0
2014-06-12,21.85,22.3,21.85,22.3,21.96328125,2560.0,27.0,56226.0,2560.0,100.0,0.45,0.45,1402531200.0
2014-06-11,23.1,25.05,23.0,23.0,23.242099625066952,1867.0,21.0,43393.0,1867.0,100.0,2.05,-0.1,1402444800.0
2014-06-10,22.55,24.45,22.55,23.9,23.461751152073727,1085.0,23.0,25456.0,1085.0,100.0,1.9,1.35,1402358400.0
2014-06-09,23.7,24.2,23.3,23.3,23.953345774460143,3751.0,16.0,89849.0,3751.0,100.0,0.9,-0.4,1402272000.0
2014-06-06,25.3,25.3,24.2,24.2,24.38256130790191,1835.0,17.0,44742.0,1835.0,100.0,1.1,-1.1,1402012800.0
2014-06-05,25.5,25.5,24.1,24.1,24.634,1500.0,19.0,36951.0,1500.0,100.0,1.4,-1.4,1401926400.0
2014-06-04,25.8,26.05,25.3,25.3,25.78865016347501,4282.0,25.0,110427.0,4282.0,100.0,0.75,-0.5,1401840000.0
2014-06-03,22.85,24.85,22.85,24.85,24.781117182756528,3294.0,30.0,81629.0,3294.0,100.0,2.0,2.0,1401753600.0
2014-06-02,23.7,23.7,23.7,23.7,23.69800569800569,351.0,6.0,8318.0,351.0,100.0,0.0,0.0,1401667200.0
2014-05-30,22.6,22.65,22.6,22.6,22.61,2500.0,19.0,56525.0,2500.0,100.0,0.05,0.0,1401408000.0
2014-05-29,21.5,21.6,20.0,21.6,21.1968253968254,945.0,14.0,20031.0,945.0,100.0,1.6,0.1,1401321600.0
2014-05-28,19.0,20.6,18.8,20.6,20.43963963963964,1110.0,8.0,22688.0,1110.0,100.0,1.8,1.6,1401235200.0
2014-05-27,19.45,20.35,19.45,19.7,19.81020271775451,4489.0,18.0,88928.0,4489.0,100.0,0.9,0.25,1401148800.0
2014-05-26,19.1,21.0,19.1,19.4,20.17734724292101,6710.0,31.0,135390.0,6710.0,100.0,1.9,0.3,1401062400.0
2014-05-23,21.0,21.0,19.8,20.0,20.833692142088264,1858.0,15.0,38709.0,1858.0,100.0,1.2,-1.0,1400803200.0
2014-05-22,20.45,20.45,20.0,20.0,20.42954545454545,2200.0,15.0,44945.0,2200.0,100.0,0.45,-0.45,1400716800.0
2014-05-21,19.5,19.5,18.65,19.5,19.36359884440776,2423.0,18.0,46918.0,2423.0,100.0,0.85,0.0,1400630400.0
2014-05-20,18.6,18.6,18.0,18.6,18.48562753036437,4940.0,16.0,91319.0,4940.0,100.0,0.6,0.0,1400544000.0
2014-05-19,17.7,18.5,17.7,17.75,18.132631578947368,475.0,8.0,8613.0,475.0,100.0,0.8,0.05,1400457600.0
2014-05-14,17.5,18.6,17.5,18.6,17.734161743735996,4909.0,26.0,87057.0,4909.0,100.0,1.1,1.1,1400025600.0
2014-05-12,17.75,17.75,17.75,17.75,17.75,200.0,2.0,3550.0,200.0,100.0,0.0,0.0,1399852800.0
2014-05-08,17.25,18.7,17.25,18.65,17.528,125.0,6.0,2191.0,125.0,100.0,1.45,1.4,1399507200.0
2014-05-07,18.0,18.0,18.0,18.0,18.0,1.0,2.0,18.0,1.0,100.0,0.0,0.0,1399420800.0
2014-05-06,17.2,18.9,17.2,18.9,17.289430894308943,615.0,6.0,10633.0,615.0,100.0,1.7,1.7,1399334400.0
2014-05-05,18.1,18.1,18.1,18.1,18.090909090909086,22.0,2.0,398.0,22.0,100.0,0.0,0.0,1399248000.0
2014-04-23,19.35,19.35,19.0,19.0,19.218076923076925,2600.0,18.0,49967.0,2600.0,100.0,0.35,-0.35,1398211200.0
2014-04-16,19.95,19.95,19.95,19.95,19.9,10.0,2.0,199.0,10.0,100.0,0.0,0.0,1397606400.0
2014-04-15,19.45,19.45,19.45,19.45,19.45,100.0,2.0,1945.0,100.0,100.0,0.0,0.0,1397520000.0
2014-04-11,18.8,18.8,18.8,18.8,18.77272727272728,22.0,2.0,413.0,22.0,100.0,0.0,0.0,1397174400.0
2014-04-10,18.8,18.8,17.5,18.2,18.013218390804596,1740.0,26.0,31343.0,1740.0,100.0,1.3,-0.6,1397088000.0
2014-04-09,17.45,18.0,17.45,18.0,17.5875,800.0,9.0,14070.0,1600.0,100.0,0.55,0.55,1397001600.0
2014-04-07,19.25,19.25,18.35,18.35,18.62323651452282,1205.0,9.0,22441.0,2410.0,100.0,0.9,-0.9,1396828800.0
2014-04-04,17.8,19.3,17.8,19.3,17.936363636363637,550.0,17.0,9865.0,550.0,100.0,1.5,1.5,1396569600.0
2014-04-03,18.55,18.7,18.55,18.7,18.58333333333333,300.0,4.0,5575.0,300.0,100.0,0.15,0.15,1396483200.0
2014-04-02,17.95,17.95,17.15,17.95,17.65872156013001,923.0,32.0,16299.0,923.0,100.0,0.8,0.0,1396396800.0
2014-03-31,17.05,17.1,17.05,17.1,17.094117647058823,3400.0,17.0,58120.0,3400.0,100.0,0.05,0.05,1396224000.0
2014-03-28,17.0,17.0,17.0,17.0,17.0,10.0,1.0,170.0,10.0,100.0,0.0,0.0,1395964800.0
2014-03-27,17.7,17.7,17.0,17.0,17.0,201.0,3.0,3417.0,201.0,100.0,0.7,-0.7,1395878400.0
2014-03-26,17.25,17.25,16.9,16.9,17.1,10.0,2.0,171.0,10.0,100.0,0.35,-0.35,1395792000.0
2014-03-25,17.25,17.25,17.25,17.25,17.249655172413792,725.0,2.0,12506.0,725.0,100.0,0.0,0.0,1395705600.0
2014-03-24,16.95,18.15,16.9,18.15,16.98966165413534,2128.0,18.0,36154.0,2128.0,100.0,1.25,1.2,1395619200.0
2014-03-22,16.8,17.85,16.75,17.75,16.832432432432434,18500.0,36.0,311400.0,18500.0,100.0,1.1,0.95,1395446400.0
2014-03-21,17.1,17.1,17.1,17.1,17.1,650.0,3.0,11115.0,650.0,100.0,0.0,0.0,1395360000.0
2014-03-20,17.0,17.95,17.0,17.95,17.84,100.0,2.0,1784.0,100.0,100.0,0.95,0.95,1395273600.0
2014-03-19,16.5,17.65,16.5,17.65,16.504950495049503,101.0,2.0,1667.0,101.0,100.0,1.15,1.15,1395187200.0
2014-03-18,16.8,16.9,16.8,16.9,16.866666666666667,300.0,7.0,5060.0,300.0,100.0,0.1,0.1,1395100800.0
2014-03-14,18.3,18.3,16.85,17.65,17.61250898634076,1391.0,14.0,24499.0,1391.0,100.0,1.45,-0.65,1394755200.0
2014-03-13,17.7,17.7,17.7,17.7,17.0,1.0,1.0,17.0,1.0,100.0,0.0,0.0,1394668800.0
2014-03-12,16.9,16.9,16.9,16.9,16.9,650.0,4.0,10985.0,650.0,100.0,0.0,0.0,1394582400.0
2014-03-11,16.75,17.75,16.75,17.75,17.097402597402596,308.0,5.0,5266.0,308.0,100.0,1.0,1.0,1394496000.0
2014-03-10,18.35,18.35,16.8,16.95,17.00547263681592,2010.0,21.0,34181.0,2010.0,100.0,1.55,-1.4,1394409600.0
2014-03-07,17.75,17.75,17.65,17.65,17.665867306155075,1251.0,8.0,22100.0,1251.0,100.0,0.1,-0.1,1394150400.0
2014-03-06,17.3,18.55,17.2,18.55,17.67154255319149,752.0,16.0,13289.0,752.0,100.0,1.35,1.25,1394064000.0
2014-03-04,17.0,17.85,17.0,17.85,17.50294117647059,1700.0,5.0,29755.0,1700.0,100.0,0.85,0.85,1393891200.0
2014-03-03,17.25,17.25,17.2,17.25,17.2099533437014,643.0,3.0,11066.0,643.0,100.0,0.05,0.0,1393804800.0
2014-02-28,17.4,17.4,17.4,17.4,17.4,100.0,1.0,1740.0,100.0,100.0,0.0,0.0,1393545600.0
2014-02-24,18.0,18.0,18.0,18.0,18.0,250.0,3.0,4500.0,250.0,100.0,0.0,0.0,1393200000.0
2014-02-21,17.5,17.5,17.5,17.5,17.476190476190474,21.0,1.0,367.0,21.0,100.0,0.0,0.0,1392940800.0
2014-02-19,18.1,18.1,18.1,18.1,18.1,50.0,1.0,905.0,50.0,100.0,0.0,0.0,1392768000.0
2014-02-18,18.05,18.05,18.05,18.05,18.04941176470588,850.0,3.0,15342.0,850.0,100.0,0.0,0.0,1392681600.0
2014-02-17,18.95,18.95,18.95,18.95,18.946666666666665,225.0,9.0,4263.0,225.0,100.0,0.0,0.0,1392595200.0
2014-02-14,18.6,19.9,18.1,19.9,18.221608040201005,1990.0,15.0,36261.0,1750.0,87.94,1.8,1.3,1392336000.0
2014-02-13,19.0,19.0,19.0,19.0,19.0,57.0,1.0,1083.0,57.0,100.0,0.0,0.0,1392249600.0
2014-02-12,18.3,18.3,18.1,18.1,18.197,1000.0,18.0,18197.0,1000.0,100.0,0.2,-0.2,1392163200.0
2014-02-10,19.5,19.5,18.6,18.6,18.97272727272728,1100.0,11.0,20870.0,941.0,85.55,0.9,-0.9,1391990400.0
2014-02-07,18.6,18.6,18.6,18.6,18.6,100.0,2.0,1860.0,100.0,100.0,0.0,0.0,1391731200.0
2014-02-06,19.0,19.0,19.0,19.0,19.0,10.0,1.0,190.0,10.0,100.0,0.0,0.0,1391644800.0
2014-02-04,18.45,18.45,18.45,18.45,18.45,100.0,1.0,1845.0,100.0,100.0,0.0,0.0,1391472000.0
2014-02-03,19.1,19.1,19.0,19.0,19.058823529411764,510.0,4.0,9720.0,510.0,100.0,0.1,-0.1,1391385600.0
2014-01-31,21.0,21.0,19.1,19.25,19.89027027027027,1850.0,18.0,36797.0,1500.0,81.08,1.9,-1.75,1391126400.0
2014-01-29,21.1,21.15,20.0,20.0,20.16494082840237,1352.0,16.0,27263.0,1212.0,89.64,1.15,-1.1,1390953600.0
2014-01-28,21.3,21.3,20.0,21.0,20.375706214689263,354.0,11.0,7213.0,351.0,99.15,1.3,-0.3,1390867200.0
2014-01-27,20.75,21.5,20.3,20.3,21.271723122238583,1358.0,30.0,28887.0,1348.0,99.26,1.2,-0.45,1390780800.0
2014-01-24,21.1,21.1,20.1,20.5,20.5760461037334,3991.0,55.0,82119.0,3476.0,87.1,1.0,-0.6,1390521600.0
2014-01-23,20.1,20.1,19.95,20.1,20.05752646021168,10204.0,81.0,204667.0,8874.0,86.97,0.15,0.0,1390435200.0
2014-01-22,19.15,19.15,19.15,19.15,19.149827122550903,2603.0,13.0,49847.0,2551.0,98.0,0.0,0.0,1390348800.0
2014-01-20,18.25,19.0,18.25,18.25,18.264961276695608,4261.0,20.0,77827.0,4259.0,99.95,0.75,0.0,1390176000.0
2014-01-17,21.2,21.2,19.2,19.2,19.57874519846351,7810.0,67.0,152910.0,6598.0,84.48,2.0,-2.0,1389916800.0
2014-01-16,20.2,20.2,20.2,20.2,20.19981412639405,3228.0,17.0,65205.0,3228.0,100.0,0.0,0.0,1389830400.0
2014-01-15,18.35,19.25,18.35,19.25,19.0708446866485,367.0,3.0,6999.0,367.0,100.0,0.9,0.9,1389744000.0
2014-01-14,17.1,18.35,17.1,18.35,18.2864044168392,1449.0,7.0,26497.0,1449.0,100.0,1.25,1.25,1389657600.0
2014-01-13,17.5,17.5,17.5,17.5,17.499585062240666,1205.0,5.0,21087.0,1205.0,100.0,0.0,0.0,1389571200.0
2014-01-10,16.7,16.7,16.7,16.7,16.69951219512195,1025.0,3.0,17117.0,1025.0,100.0,0.0,0.0,1389312000.0
2014-01-09,15.95,15.95,15.95,15.95,15.94943396226415,1325.0,4.0,21133.0,1325.0,100.0,0.0,0.0,1389225600.0
2013-12-31,14.2,15.2,14.2,15.2,14.22439024390244,205.0,4.0,2916.0,200.0,97.56,1.0,1.0,1388448000.0
2013-12-30,14.5,14.5,14.5,14.5,14.5,1500.0,6.0,21750.0,1500.0,100.0,0.0,0.0,1388361600.0
2013-12-27,13.05,13.85,13.05,13.85,13.404444444444444,225.0,3.0,3016.0,200.0,88.89,0.8,0.8,1388102400.0
2013-12-18,13.2,13.2,13.2,13.2,13.2,100.0,2.0,1320.0,100.0,100.0,0.0,0.0,1387324800.0
2013-12-17,13.85,13.85,13.85,13.85,13.849906191369604,533.0,1.0,7382.0,533.0,100.0,0.0,0.0,1387238400.0
2013-12-12,14.35,14.35,14.35,14.35,14.35,200.0,1.0,2870.0,200.0,100.0,0.0,0.0,1386806400.0
2013-12-11,13.7,13.7,13.7,13.7,13.7,200.0,1.0,2740.0,200.0,100.0,0.0,0.0,1386720000.0
2013-12-10,14.3,14.3,14.3,14.3,14.3,600.0,3.0,8580.0,600.0,100.0,0.0,0.0,1386633600.0
2013-12-06,15.0,15.0,15.0,15.0,15.0,10183.0,3.0,152745.0,10183.0,100.0,0.0,0.0,1386288000.0
2013-12-03,14.0,15.25,14.0,15.2,15.088888888888889,225.0,3.0,3395.0,225.0,100.0,1.25,1.2,1386028800.0
2013-12-02,14.65,14.65,14.65,14.65,14.649006622516556,302.0,2.0,4424.0,302.0,100.0,0.0,0.0,1385942400.0
2013-11-21,15.4,15.4,15.4,15.4,15.4,100.0,1.0,1540.0,100.0,100.0,0.0,0.0,1384992000.0
2013-11-18,14.7,14.7,14.7,14.7,14.7,100.0,1.0,1470.0,100.0,100.0,0.0,0.0,1384732800.0
2013-11-13,14.65,15.0,14.25,15.0,14.72,2500.0,8.0,36800.0,1500.0,60.0,0.75,0.35,1384300800.0
2013-11-12,14.75,14.75,14.75,14.75,14.748571428571427,175.0,2.0,2581.0,175.0,100.0,0.0,0.0,1384214400.0
2013-11-08,15.5,15.5,15.5,15.5,15.5,500.0,1.0,7750.0,500.0,100.0,0.0,0.0,1383868800.0
2013-11-07,15.5,15.5,15.5,15.5,15.5,250.0,1.0,3875.0,250.0,100.0,0.0,0.0,1383782400.0
2013-11-06,15.5,15.5,15.0,15.0,15.304480208786428,2299.0,4.0,35185.0,2299.0,100.0,0.5,-0.5,1383696000.0
2013-11-05,15.5,15.5,15.5,15.5,15.499286733238232,701.0,3.0,10865.0,701.0,100.0,0.0,0.0,1383609600.0
2013-10-25,15.5,15.5,15.5,15.5,15.498575498575498,351.0,5.0,5440.0,351.0,100.0,0.0,0.0,1382659200.0
2013-10-22,16.3,16.3,16.3,16.3,16.3,290.0,1.0,4727.0,290.0,100.0,0.0,0.0,1382400000.0
2013-10-18,15.25,16.65,15.25,16.65,15.544210526315789,950.0,4.0,14767.0,950.0,100.0,1.4,1.4,1382054400.0
2013-10-17,16.0,16.0,16.0,16.0,16.0,13.0,1.0,208.0,13.0,100.0,0.0,0.0,1381968000.0
2013-10-14,16.2,16.7,16.2,16.5,16.468456375838926,745.0,5.0,12269.0,745.0,100.0,0.5,0.3,1381708800.0
2013-10-10,16.0,16.0,16.0,16.0,16.0,650.0,1.0,10400.0,650.0,100.0,0.0,0.0,1381363200.0
2013-10-09,15.7,16.0,15.7,16.0,15.9,150.0,3.0,2385.0,100.0,66.67,0.3,0.3,1381276800.0
2013-10-03,15.3,15.3,15.3,15.3,15.3,50.0,1.0,765.0,50.0,100.0,0.0,0.0,1380758400.0
2013-09-25,16.0,16.0,16.0,16.0,16.0,500.0,1.0,8000.0,500.0,100.0,0.0,0.0,1380067200.0
2013-09-20,16.6,16.6,16.6,16.6,16.599358974358974,312.0,1.0,5179.0,312.0,100.0,0.0,0.0,1379635200.0
2013-09-13,16.35,16.35,16.35,16.35,16.34976525821596,426.0,4.0,6965.0,426.0,100.0,0.0,0.0,1379030400.0
2013-09-11,15.6,15.6,15.6,15.6,15.6,500.0,2.0,7800.0,500.0,100.0,0.0,0.0,1378857600.0
2013-09-05,14.87,14.87,14.87,14.87,14.87,500.0,2.0,7435.0,500.0,100.0,0.0,0.0,1378339200.0
2013-09-03,14.17,14.17,14.17,14.17,14.169611307420494,1698.0,2.0,24060.0,1698.0,100.0,0.0,0.0,1378166400.0
2013-08-30,13.5,13.5,13.5,13.5,13.5,100.0,1.0,1350.0,100.0,100.0,0.0,0.0,1377820800.0
2013-08-29,13.06,13.06,13.06,13.06,13.06,2000.0,2.0,26120.0,2000.0,100.0,0.0,0.0,1377734400.0
2013-08-26,11.8,12.44,11.8,12.44,11.92108108108108,925.0,2.0,11027.0,925.0,100.0,0.64,0.64,1377475200.0
2013-08-14,11.85,11.85,11.85,11.85,11.85,300.0,1.0,3555.0,300.0,100.0,0.0,0.0,1376438400.0
2013-08-06,12.0,12.0,11.3,11.3,11.65,1000.0,7.0,11650.0,1000.0,100.0,0.7,-0.7,1375747200.0
2013-08-02,13.0,13.0,11.8,11.8,12.966666666666669,180.0,2.0,2334.0,180.0,100.0,1.2,-1.2,1375401600.0
2013-07-31,12.4,12.4,12.4,12.4,12.3954802259887,177.0,3.0,2194.0,177.0,100.0,0.0,0.0,1375228800.0
2013-07-24,13.0,13.05,13.0,13.05,13.014285714285714,700.0,6.0,9110.0,700.0,100.0,0.05,0.05,1374624000.0
2013-07-23,13.65,13.65,13.65,13.65,13.647686832740211,281.0,2.0,3835.0,281.0,100.0,0.0,0.0,1374537600.0
2013-07-16,14.3,14.3,14.3,14.3,14.0,1.0,1.0,14.0,1.0,100.0,0.0,0.0,1373932800.0
2013-07-15,13.85,15.0,13.85,15.0,14.073005093378608,2945.0,9.0,41445.0,2425.0,82.34,1.15,1.15,1373846400.0
2013-07-11,14.0,14.55,14.0,14.55,14.267676767676768,198.0,3.0,2825.0,100.0,50.51,0.55,0.55,1373500800.0
2013-07-10,14.55,14.55,14.55,14.55,14.55,300.0,1.0,4365.0,300.0,100.0,0.0,0.0,1373414400.0
2013-07-08,15.25,15.25,15.25,15.25,15.24,25.0,1.0,381.0,25.0,100.0,0.0,0.0,1373241600.0
2013-07-01,16.0,16.0,16.0,16.0,16.0,50.0,3.0,800.0,50.0,100.0,0.0,0.0,1372636800.0
2013-06-21,15.75,17.3,15.75,15.8,16.53,1000.0,4.0,16530.0,999.0,99.9,1.55,0.05,1371772800.0
2013-06-20,16.5,16.5,16.5,16.5,16.5,100.0,1.0,1650.0,100.0,100.0,0.0,0.0,1371686400.0
2013-06-18,17.3,17.3,17.3,17.3,17.29901269393512,709.0,2.0,12265.0,709.0,100.0,0.0,0.0,1371513600.0
2013-06-14,18.2,18.2,18.2,18.2,18.2,5.0,1.0,91.0,5.0,100.0,0.0,0.0,1371168000.0
2013-05-27,18.65,18.65,18.65,18.65,18.0,1.0,1.0,18.0,1.0,100.0,0.0,0.0,1369612800.0
2013-05-23,17.85,17.85,17.85,17.85,17.847457627118644,295.0,2.0,5265.0,295.0,100.0,0.0,0.0,1369267200.0
2013-05-22,17.6,18.75,17.6,18.75,18.558333333333334,600.0,32.0,11135.0,505.0,84.17,1.15,1.15,1369180800.0
2013-05-20,18.35,18.35,18.35,18.35,18.349801910976463,4291.0,11.0,78739.0,4286.0,99.88,0.0,0.0,1369008000.0
2013-05-17,18.65,18.65,17.5,17.5,18.4218253968254,2520.0,90.0,46423.0,2020.0,80.16,1.15,-1.15,1368748800.0
2013-05-16,17.8,18.55,17.8,17.8,18.146592618303828,8643.0,134.0,156841.0,4448.0,51.46,0.75,0.0,1368662400.0
2013-05-15,17.9,17.9,17.9,17.9,17.9,100.0,2.0,1790.0,100.0,100.0,0.0,0.0,1368576000.0
2013-05-14,18.6,18.6,18.6,18.6,18.6,1000.0,1.0,18600.0,1000.0,100.0,0.0,0.0,1368489600.0
2013-05-13,19.45,19.45,19.45,19.45,19.4,5.0,1.0,97.0,5.0,100.0,0.0,0.0,1368403200.0
2013-05-11,18.6,18.6,18.6,18.6,18.6,5.0,1.0,93.0,5.0,100.0,0.0,0.0,1368230400.0
2013-05-10,18.15,18.95,18.0,18.0,18.04951048951049,17875.0,16.0,322635.0,17375.0,97.2,0.95,-0.15,1368144000.0
2013-05-09,18.7,18.7,18.7,18.7,18.7,1000.0,2.0,18700.0,1000.0,100.0,0.0,0.0,1368057600.0
2013-05-08,18.15,18.15,18.15,18.15,18.15,2000.0,8.0,36300.0,2000.0,100.0,0.0,0.0,1367971200.0
2013-05-02,19.1,19.1,19.1,19.1,19.1,200.0,2.0,3820.0,200.0,100.0,0.0,0.0,1367452800.0
2013-04-29,19.95,19.95,19.95,19.95,19.95,1000.0,1.0,19950.0,1000.0,100.0,0.0,0.0,1367193600.0
2013-04-26,19.85,19.85,19.85,19.85,19.85,1500.0,1.0,29775.0,1500.0,100.0,0.0,0.0,1366934400.0
2013-04-25,19.85,19.85,19.85,19.85,19.848714069591527,661.0,4.0,13120.0,661.0,100.0,0.0,0.0,1366848000.0
2013-04-23,20.1,20.1,20.1,20.1,20.1,400.0,2.0,8040.0,400.0,100.0,0.0,0.0,1366675200.0
2013-04-16,20.5,20.5,20.5,20.5,20.5,1000.0,1.0,20500.0,1000.0,100.0,0.0,0.0,1366070400.0
2013-04-15,20.45,20.45,19.95,19.95,20.12701482914249,1551.0,3.0,31217.0,1551.0,100.0,0.5,-0.5,1365984000.0
2013-04-09,19.5,19.5,19.5,19.5,19.5,2650.0,7.0,51675.0,2650.0,100.0,0.0,0.0,1365465600.0
2013-04-05,20.3,20.3,20.3,20.3,20.3,500.0,1.0,10150.0,500.0,100.0,0.0,0.0,1365120000.0
2013-04-03,20.0,20.0,20.0,20.0,20.0,1100.0,2.0,22000.0,1100.0,100.0,0.0,0.0,1364947200.0
2013-04-02,21.7,21.7,20.2,21.0,20.907692307692308,650.0,3.0,13590.0,650.0,100.0,1.5,-0.7,1364860800.0
2013-04-01,20.2,21.0,20.2,20.85,20.84259259259259,2700.0,8.0,56275.0,2350.0,87.04,0.8,0.65,1364774400.0
2013-03-28,21.4,21.4,19.5,20.95,19.84309484193012,6010.0,19.0,119257.0,5600.0,93.18,1.9,-0.45,1364428800.0
2013-03-25,21.0,21.05,20.5,20.5,20.59454545454545,550.0,6.0,11327.0,450.0,81.82,0.55,-0.5,1364169600.0
2013-03-22,19.5,20.9,19.5,20.8,20.605882352941176,850.0,5.0,17515.0,250.0,29.41,1.4,1.3,1363910400.0
2013-03-21,20.0,20.15,20.0,20.15,20.10346695557963,1846.0,5.0,37111.0,1845.0,99.95,0.15,0.15,1363824000.0
2013-03-20,20.4,20.45,20.4,20.45,20.443859649122807,1140.0,3.0,23306.0,1140.0,100.0,0.05,0.05,1363737600.0
2013-03-19,21.45,21.45,21.45,21.45,21.4,5.0,1.0,107.0,5.0,100.0,0.0,0.0,1363651200.0
2013-03-15,20.5,21.5,20.35,20.45,20.467690339091487,1563.0,8.0,31991.0,1553.0,99.36,1.15,-0.05,1363305600.0
2013-03-14,20.0,21.2,20.0,21.2,21.04578563995837,1922.0,14.0,40450.0,1750.0,91.05,1.2,1.2,1363219200.0
2013-03-13,20.25,20.3,20.2,20.2,20.256585365853656,3075.0,10.0,62289.0,3075.0,100.0,0.1,-0.05,1363132800.0
2013-03-12,20.8,20.85,20.8,20.85,20.80844155844156,616.0,5.0,12818.0,616.0,100.0,0.05,0.05,1363046400.0
2013-03-11,20.5,20.85,20.5,20.85,20.625396825396823,315.0,2.0,6497.0,315.0,100.0,0.35,0.35,1362960000.0
2013-03-06,20.2,21.2,20.2,21.2,20.29090909090909,110.0,3.0,2232.0,110.0,100.0,1.0,1.0,1362528000.0
2013-03-05,20.25,20.25,20.2,20.2,20.21,500.0,2.0,10105.0,500.0,100.0,0.05,-0.05,1362441600.0
2013-03-04,20.65,20.65,20.65,20.65,20.65,200.0,2.0,4130.0,200.0,100.0,0.0,0.0,1362355200.0
2013-02-28,21.0,21.7,21.0,21.7,21.23333333333333,1500.0,4.0,31850.0,1500.0,100.0,0.7,0.7,1362009600.0
2013-02-27,21.0,22.05,21.0,21.65,21.669787234042555,2350.0,5.0,50924.0,2350.0,100.0,1.05,0.65,1361923200.0
2013-02-26,20.5,21.0,20.5,21.0,20.954545454545453,1100.0,6.0,23050.0,1100.0,100.0,0.5,0.5,1361836800.0
2013-02-25,21.2,22.1,20.4,20.85,21.012755102040817,1176.0,10.0,24711.0,1175.0,99.91,1.7,-0.35,1361750400.0
2013-02-22,21.25,21.95,21.0,21.3,21.322158365261814,3132.0,14.0,66781.0,2481.0,79.21,0.95,0.05,1361491200.0
2013-02-21,22.1,22.1,21.25,22.05,22.03703703703704,27.0,3.0,595.0,26.0,96.3,0.85,-0.05,1361404800.0
2013-02-20,20.8,21.65,20.75,21.45,21.21456310679612,3090.0,10.0,65553.0,3090.0,100.0,0.9,0.65,1361318400.0
2013-02-19,19.5,21.25,19.5,20.65,20.088105726872246,227.0,6.0,4560.0,127.0,55.95,1.75,1.15,1361232000.0
2013-02-18,20.3,20.4,20.25,20.4,20.320454545454545,2200.0,6.0,44705.0,1600.0,72.73,0.15,0.1,1361145600.0
2013-02-15,20.5,21.3,20.5,21.3,20.721382289416848,463.0,4.0,9594.0,413.0,89.2,0.8,0.8,1360886400.0
2013-02-14,20.05,20.3,20.05,20.3,20.26428571428572,700.0,2.0,14185.0,700.0,100.0,0.25,0.25,1360800000.0
2013-02-12,20.5,20.5,20.1,20.25,20.232323232323232,297.0,2.0,6009.0,297.0,100.0,0.4,-0.25,1360627200.0
2013-02-11,20.3,20.95,20.3,20.3,20.301003344481604,299.0,5.0,6070.0,298.0,99.67,0.65,0.0,1360540800.0
2013-02-08,21.35,21.35,21.35,21.35,21.0,2.0,1.0,42.0,2.0,100.0,0.0,0.0,1360281600.0
2013-02-05,21.2,22.45,21.2,22.45,21.202657807308967,301.0,3.0,6382.0,300.0,99.67,1.25,1.25,1360022400.0
2013-02-04,22.05,22.05,22.05,22.05,22.05,300.0,1.0,6615.0,300.0,100.0,0.0,0.0,1359936000.0
2013-02-01,20.3,21.0,20.3,21.0,20.582857142857144,350.0,5.0,7204.0,350.0,100.0,0.7,0.7,1359676800.0
2013-01-31,20.0,20.0,20.0,20.0,20.0,756.0,3.0,15120.0,756.0,100.0,0.0,0.0,1359590400.0
2013-01-30,19.25,20.0,19.25,20.0,19.9231884057971,690.0,5.0,13747.0,620.0,89.86,0.75,0.75,1359504000.0
2013-01-29,20.0,20.0,20.0,20.0,20.0,500.0,1.0,10000.0,500.0,100.0,0.0,0.0,1359417600.0
2013-01-28,20.1,20.1,20.1,20.1,20.1,150.0,2.0,3015.0,150.0,100.0,0.0,0.0,1359331200.0
2013-01-24,20.5,20.5,19.75,20.1,20.19889135254989,4510.0,7.0,91097.0,4500.0,99.78,0.75,-0.4,1358985600.0
2013-01-23,21.0,21.0,20.6,20.6,20.88118811881188,101.0,5.0,2109.0,100.0,99.01,0.4,-0.4,1358899200.0
2013-01-22,20.9,20.9,20.5,20.5,20.77361631294216,2403.0,10.0,49919.0,2402.0,99.96,0.4,-0.4,1358812800.0
2013-01-21,20.15,20.25,20.05,20.25,20.155660377358487,848.0,9.0,17092.0,799.0,94.22,0.2,0.1,1358726400.0
2013-01-18,20.95,20.95,20.95,20.95,20.95,1000.0,3.0,20950.0,1000.0,100.0,0.0,0.0,1358467200.0
2013-01-17,20.95,20.95,20.95,20.95,20.95,500.0,6.0,10475.0,500.0,100.0,0.0,0.0,1358380800.0
2013-01-16,21.0,21.0,21.0,21.0,21.0,50.0,1.0,1050.0,50.0,100.0,0.0,0.0,1358294400.0
2013-01-15,20.8,21.7,20.7,21.65,20.907763259031515,2602.0,8.0,54402.0,1901.0,73.06,1.0,0.85,1358208000.0
2013-01-14,22.35,22.35,20.7,21.05,21.84595375722544,3460.0,16.0,75587.0,2259.0,65.29,1.65,-1.3,1358121600.0
2013-01-11,20.9,21.3,20.9,21.3,21.03772785078424,2359.0,4.0,49628.0,2359.0,100.0,0.4,0.4,1357862400.0
2013-01-09,20.3,20.65,20.3,20.3,20.3117310691388,5771.0,13.0,117219.0,5671.0,98.27,0.35,0.0,1357689600.0
2013-01-07,21.5,21.5,20.75,20.75,21.0,1650.0,6.0,34650.0,1450.0,87.88,0.75,-0.75,1357516800.0
2013-01-04,20.75,20.75,20.75,20.75,20.746666666666663,150.0,3.0,3112.0,75.0,50.0,0.0,0.0,1357257600.0
2013-01-03,20.8,21.0,20.8,21.0,20.93125,1600.0,6.0,33490.0,1550.0,96.88,0.2,0.2,1357171200.0
2013-01-02,22.0,22.0,20.55,20.9,21.03529411764705,850.0,9.0,17880.0,550.0,64.71,1.45,-1.1,1357084800.0
2012-12-27,20.6,20.6,20.4,20.5,20.516666666666666,600.0,4.0,12310.0,500.0,83.33,0.2,-0.1,1356566400.0
2012-12-26,20.3,21.8,20.1,21.0,20.495446387023865,15043.0,14.0,308313.0,12086.0,80.34,1.7,0.7,1356480000.0
2012-12-21,20.6,20.6,20.4,20.4,20.548148148148147,675.0,2.0,13870.0,675.0,100.0,0.2,-0.2,1356048000.0
2012-12-19,19.55,21.85,19.55,20.3,19.92768079800499,401.0,3.0,7991.0,200.0,49.88,2.3,0.75,1355875200.0
2012-12-18,20.0,20.0,20.0,20.0,20.0,145.0,1.0,2900.0,145.0,100.0,0.0,0.0,1355788800.0
2012-12-14,21.0,21.0,20.0,20.0,20.217391304347824,460.0,5.0,9300.0,460.0,100.0,1.0,-1.0,1355443200.0
2012-12-13,19.95,20.8,19.8,20.8,19.87317073170732,205.0,5.0,4074.0,205.0,100.0,1.0,0.85,1355356800.0
2012-12-12,20.0,21.9,20.0,20.25,20.90104947526237,13340.0,16.0,278820.0,2640.0,19.79,1.9,0.25,1355270400.0
2012-12-11,19.95,20.65,19.7,20.6,19.836725663716813,2260.0,6.0,44831.0,2250.0,99.56,0.95,0.65,1355184000.0
2012-12-10,19.3,20.5,19.3,19.9,19.92,10100.0,4.0,201192.0,50.0,0.5,1.2,0.6,1355097600.0
2012-12-06,20.0,20.0,19.3,19.35,19.90648434053816,2267.0,6.0,45128.0,2267.0,100.0,0.7,-0.65,1354752000.0
2012-12-05,21.0,21.0,19.9,19.9,20.18,100.0,3.0,2018.0,100.0,100.0,1.1,-1.1,1354665600.0
2012-12-04,20.5,20.5,20.45,20.5,20.487562189054728,201.0,4.0,4118.0,201.0,100.0,0.05,0.0,1354579200.0
2012-12-03,20.0,20.25,20.0,20.1,20.04242424242424,1650.0,9.0,33070.0,1650.0,100.0,0.25,0.1,1354492800.0
2012-11-30,20.95,20.95,20.0,20.0,20.04375,2400.0,7.0,48105.0,2400.0,100.0,0.95,-0.95,1354233600.0
2012-11-29,19.95,20.2,19.75,20.05,19.93568965517241,5800.0,12.0,115627.0,5000.0,86.21,0.45,0.1,1354147200.0
2012-11-27,21.5,21.5,21.0,21.0,21.25,200.0,2.0,4250.0,100.0,50.0,0.5,-0.5,1353974400.0
2012-11-26,20.1,20.25,20.0,20.25,20.06551724137931,1450.0,6.0,29095.0,1150.0,79.31,0.25,0.15,1353888000.0
2012-11-23,21.3,21.3,19.75,20.8,20.482600541779536,9598.0,23.0,196592.0,8198.0,85.41,1.55,-0.5,1353628800.0
2012-11-22,21.75,21.75,21.75,21.75,21.75,1300.0,4.0,28275.0,1300.0,100.0,0.0,0.0,1353542400.0
2012-11-21,21.5,21.75,21.5,21.75,21.631705364291435,1249.0,5.0,27018.0,1249.0,100.0,0.25,0.25,1353456000.0
2012-11-19,21.95,21.95,21.95,21.95,21.9,10.0,1.0,219.0,10.0,100.0,0.0,0.0,1353283200.0
2012-11-16,21.0,21.45,21.0,21.45,21.16826923076924,208.0,3.0,4403.0,148.0,71.15,0.45,0.45,1353024000.0
2012-11-15,22.65,23.0,21.5,21.9,22.20294676806084,2104.0,9.0,46715.0,1400.0,66.54,1.5,-0.75,1352937600.0
2012-11-13,21.15,22.4,21.15,22.4,22.368932038834952,103.0,4.0,2304.0,101.0,98.06,1.25,1.25,1352764800.0
2012-11-09,21.7,23.0,21.7,22.65,22.49177330895796,1641.0,17.0,36909.0,1100.0,67.03,1.3,0.95,1352419200.0
2012-11-08,20.8,22.55,20.8,22.5,21.83253873659117,3356.0,19.0,73270.0,3131.0,93.3,1.75,1.7,1352332800.0
2012-11-07,21.3,21.3,20.15,20.5,20.559410234171725,1153.0,6.0,23705.0,553.0,47.96,1.15,-0.8,1352246400.0
2012-11-06,20.6,20.75,20.0,20.0,20.102171136653894,1566.0,14.0,31480.0,1208.0,77.14,0.75,-0.6,1352160000.0
2012-11-05,19.5,21.1,19.5,21.0,20.63809523809524,2100.0,7.0,43340.0,1600.0,76.19,1.6,1.5,1352073600.0
2012-11-02,20.25,20.25,20.1,20.15,20.15,20.0,2.0,403.0,0.0,0.0,0.15,-0.1,1351814400.0
2012-11-01,20.35,21.0,20.35,21.0,20.648,500.0,4.0,10324.0,500.0,100.0,0.65,0.65,1351728000.0
2012-10-31,20.35,20.35,20.35,20.35,20.2,5.0,1.0,101.0,5.0,100.0,0.0,0.0,1351641600.0
2012-10-30,20.2,20.2,20.15,20.15,20.167597765363126,179.0,3.0,3610.0,159.0,88.83,0.05,-0.05,1351555200.0
2012-10-29,20.3,21.2,20.3,21.2,20.342857142857145,105.0,2.0,2136.0,100.0,95.24,0.9,0.9,1351468800.0
2012-10-25,20.4,21.45,20.4,21.35,20.851650836725465,2211.0,11.0,46103.0,1600.0,72.37,1.05,0.95,1351123200.0
2012-10-23,21.0,21.45,21.0,21.45,21.266666666666666,15.0,3.0,319.0,10.0,66.67,0.45,0.45,1350950400.0
2012-10-19,20.05,21.0,20.05,21.0,20.577777777777776,450.0,4.0,9260.0,450.0,100.0,0.95,0.95,1350604800.0
2012-10-18,21.0,21.25,20.1,20.45,20.480530973451327,1130.0,13.0,23143.0,1030.0,91.15,1.15,-0.55,1350518400.0
2012-10-17,20.25,20.25,20.25,20.25,20.24,50.0,1.0,1012.0,50.0,100.0,0.0,0.0,1350432000.0
2012-10-16,21.9,21.9,20.5,20.5,21.01481481481481,135.0,5.0,2837.0,115.0,85.19,1.4,-1.4,1350345600.0
2012-10-12,21.85,21.85,21.1,21.3,21.25,20.0,3.0,425.0,15.0,75.0,0.75,-0.55,1350000000.0
2012-10-11,20.7,21.4,20.7,21.4,20.705882352941178,102.0,3.0,2112.0,101.0,99.02,0.7,0.7,1349913600.0
2012-10-10,21.0,21.4,20.7,21.0,20.970791805094127,7224.0,13.0,151493.0,7224.0,100.0,0.7,0.0,1349827200.0
2012-10-09,21.1,21.1,20.85,20.85,21.0,700.0,4.0,14700.0,700.0,100.0,0.25,-0.25,1349740800.0
2012-10-05,22.0,22.7,21.1,21.45,21.36482412060301,1990.0,7.0,42516.0,1980.0,99.5,1.6,-0.55,1349395200.0
2012-10-04,21.35,22.15,21.35,21.7,21.670181130035143,7398.0,31.0,160316.0,4102.0,55.45,0.8,0.35,1349308800.0
2012-10-03,22.3,23.7,22.25,22.25,22.45979492714517,3706.0,18.0,83236.0,3350.0,90.39,1.45,-0.05,1349222400.0
2012-10-01,22.5,23.4,22.5,23.4,22.507389162561577,203.0,4.0,4569.0,201.0,99.01,0.9,0.9,1349049600.0
2012-09-28,23.0,24.2,22.7,23.05,23.03711093375897,2506.0,15.0,57731.0,2055.0,82.0,1.5,0.05,1348790400.0
2012-09-27,24.8,24.8,23.0,23.15,23.921900556100752,12228.0,41.0,292517.0,9406.0,76.92,1.8,-1.65,1348704000.0
2012-09-26,23.65,23.65,23.0,23.65,23.59756097560976,7954.0,25.0,187695.0,6950.0,87.38,0.65,0.0,1348617600.0
2012-09-25,22.55,22.55,22.55,22.55,22.54797441364605,469.0,5.0,10575.0,469.0,100.0,0.0,0.0,1348531200.0
2012-09-24,21.5,21.5,21.5,21.5,21.48837209302325,43.0,2.0,924.0,43.0,100.0,0.0,0.0,1348444800.0
2012-09-21,20.5,20.5,20.5,20.5,20.499634235552303,1367.0,8.0,28023.0,1327.0,97.07,0.0,0.0,1348185600.0
2012-09-20,19.1,19.55,19.1,19.55,19.338951310861425,1068.0,7.0,20654.0,568.0,53.18,0.45,0.45,1348099200.0
2012-09-18,19.0,19.15,18.15,18.65,18.418213969938108,2262.0,14.0,41662.0,2160.0,95.49,1.0,-0.35,1347926400.0
2012-09-17,19.2,19.2,18.15,18.25,18.25012285012285,8140.0,32.0,148556.0,7440.0,91.4,1.05,-0.95,1347840000.0
2012-09-14,19.1,20.0,18.6,19.0,19.107633587786257,6550.0,17.0,125155.0,5950.0,90.84,1.4,-0.1,1347580800.0
2012-09-13,19.6,20.0,19.45,19.45,19.47805059523809,5376.0,13.0,104714.0,4872.0,90.62,0.55,-0.15,1347494400.0
2012-09-12,19.5,20.5,19.5,20.45,19.52903225806452,310.0,3.0,6054.0,300.0,96.77,1.0,0.95,1347408000.0
2012-09-11,19.0,20.45,19.0,19.7,19.45173410404624,3460.0,22.0,67303.0,2996.0,86.59,1.45,0.7,1347321600.0
2012-09-10,19.7,19.7,19.6,19.6,19.65882352941176,850.0,5.0,16710.0,850.0,100.0,0.1,-0.1,1347235200.0
2012-09-06,19.95,20.0,19.95,20.0,19.985714285714284,1400.0,6.0,27980.0,1350.0,96.43,0.05,0.05,1346889600.0
2012-09-05,19.25,19.25,19.25,19.25,19.25,500.0,1.0,9625.0,500.0,100.0,0.0,0.0,1346803200.0
2012-09-04,20.45,20.45,19.15,19.65,20.05751633986928,765.0,8.0,15344.0,510.0,66.67,1.3,-0.8,1346716800.0
2012-09-03,19.9,20.0,19.0,20.0,19.22047244094488,127.0,4.0,2441.0,122.0,96.06,1.0,0.1,1346630400.0
2012-08-31,19.9,19.9,19.35,19.9,19.890170236134,1821.0,3.0,36220.0,1790.0,98.3,0.55,0.0,1346371200.0
2012-08-29,18.6,19.9,18.45,19.9,18.599090909090908,1100.0,8.0,20459.0,1100.0,100.0,1.45,1.3,1346198400.0
2012-08-28,19.4,19.4,19.4,19.4,19.4,1300.0,3.0,25220.0,1300.0,100.0,0.0,0.0,1346112000.0
2012-08-27,19.5,20.4,19.05,20.4,19.309424809424808,2886.0,14.0,55727.0,2886.0,100.0,1.35,0.9,1346025600.0
2012-08-24,20.25,20.45,19.5,19.9,20.01117021276596,1880.0,9.0,37621.0,1880.0,100.0,0.95,-0.35,1345766400.0
2012-08-23,20.5,20.95,20.3,20.35,20.35221238938053,1130.0,6.0,22998.0,1130.0,100.0,0.65,-0.15,1345680000.0
2012-08-22,21.35,21.35,21.35,21.35,21.32,25.0,1.0,533.0,25.0,100.0,0.0,0.0,1345593600.0
2012-08-17,20.1,21.15,20.1,21.15,20.8875,400.0,2.0,8355.0,400.0,100.0,1.05,1.05,1345161600.0
2012-08-16,20.5,21.15,20.0,21.15,20.96538261322228,3842.0,9.0,80549.0,3842.0,100.0,1.15,0.65,1345075200.0
2012-08-14,21.0,21.3,20.05,20.4,20.761990950226245,1105.0,15.0,22942.0,1105.0,100.0,1.25,-0.6,1344902400.0
2012-08-13,21.4,21.4,19.4,21.0,19.97185430463576,3020.0,11.0,60315.0,3020.0,100.0,2.0,-0.4,1344816000.0
2012-08-10,21.85,21.85,20.3,20.4,20.448076923076925,2600.0,7.0,53165.0,2600.0,100.0,1.55,-1.45,1344556800.0
2012-08-09,21.1,21.35,20.8,21.35,20.817632850241544,25668.0,27.0,534347.0,25668.0,100.0,0.55,0.25,1344470400.0
2012-08-08,21.85,21.85,21.85,21.85,21.85,400.0,2.0,8740.0,400.0,100.0,0.0,0.0,1344384000.0
2012-08-07,21.5,23.0,21.5,22.95,22.32857142857143,350.0,4.0,7815.0,350.0,100.0,1.5,1.45,1344297600.0
2012-08-03,22.1,22.2,21.95,21.95,22.03272727272727,2200.0,8.0,48472.0,2200.0,100.0,0.25,-0.15,1343952000.0
2012-07-30,20.05,21.8,20.05,21.65,21.08660624370594,993.0,9.0,20939.0,993.0,100.0,1.75,1.6,1343606400.0
2012-07-27,21.5,22.4,21.0,21.1,21.14088050314465,1590.0,5.0,33614.0,1590.0,100.0,1.4,-0.4,1343347200.0
2012-07-26,22.5,22.5,21.6,21.85,22.043373493975903,2075.0,7.0,45740.0,2075.0,100.0,0.9,-0.65,1343260800.0
2012-07-25,22.1,22.3,22.1,22.3,22.27692307692308,1300.0,3.0,28960.0,1300.0,100.0,0.2,0.2,1343174400.0
2012-07-24,22.05,22.25,22.05,22.25,22.092568448500646,767.0,2.0,16945.0,767.0,100.0,0.2,0.2,1343088000.0
2012-07-23,22.3,23.1,22.15,22.9,22.32608695652173,2300.0,9.0,51350.0,2300.0,100.0,0.95,0.6,1343001600.0
2012-07-20,21.35,22.85,21.35,22.85,21.639629629629628,2700.0,8.0,58427.0,2700.0,100.0,1.5,1.5,1342742400.0
2012-07-19,22.2,22.25,22.2,22.2,22.201666666666664,1200.0,13.0,26642.0,1200.0,100.0,0.05,0.0,1342656000.0
2012-07-16,23.35,23.35,23.35,23.35,23.35,100.0,1.0,2335.0,100.0,100.0,0.0,0.0,1342396800.0
2012-07-11,23.0,24.55,22.9,24.55,23.024761904761903,525.0,3.0,12088.0,525.0,100.0,1.65,1.55,1341964800.0
2012-07-10,23.5,24.0,23.5,24.0,23.90337078651685,445.0,3.0,10637.0,445.0,100.0,0.5,0.5,1341878400.0
2012-07-09,23.7,23.7,23.7,23.7,23.7,150.0,2.0,3555.0,150.0,100.0,0.0,0.0,1341792000.0
2012-07-06,24.0,24.9,24.0,24.9,24.002250984805848,1777.0,8.0,42652.0,1777.0,100.0,0.9,0.9,1341532800.0
2012-07-05,23.8,25.0,23.8,23.8,23.912404467960023,1701.0,9.0,40675.0,1701.0,100.0,1.2,0.0,1341446400.0
2012-07-04,23.45,25.0,23.45,25.0,23.590909090909086,550.0,2.0,12975.0,550.0,100.0,1.55,1.55,1341360000.0
2012-07-03,24.55,24.55,24.55,24.55,24.542857142857144,35.0,2.0,859.0,35.0,100.0,0.0,0.0,1341273600.0
2012-06-25,25.35,25.8,24.1,25.8,25.03214285714285,280.0,5.0,7009.0,280.0,100.0,1.7,0.45,1340582400.0
2012-06-21,25.35,25.35,25.35,25.35,25.33333333333333,15.0,1.0,380.0,15.0,100.0,0.0,0.0,1340236800.0
2012-06-20,24.15,24.15,24.15,24.15,24.15,40.0,1.0,966.0,40.0,100.0,0.0,0.0,1340150400.0
2012-06-19,23.9,25.4,23.1,25.4,23.734219269103,301.0,7.0,7144.0,301.0,100.0,2.3,1.5,1340064000.0
2012-06-18,24.35,24.35,24.25,24.25,24.269135802469133,810.0,3.0,19658.0,810.0,100.0,0.1,-0.1,1339977600.0
2012-06-15,23.4,25.5,23.4,25.5,24.544502617801047,382.0,6.0,9376.0,382.0,100.0,2.1,2.1,1339718400.0
2012-06-14,24.6,25.65,24.6,24.6,24.600156801254407,2551.0,7.0,62755.0,2551.0,100.0,1.05,0.0,1339632000.0
2012-06-13,24.8,25.9,24.45,25.85,24.66272727272727,1100.0,6.0,27129.0,1100.0,100.0,1.45,1.05,1339545600.0
2012-06-12,26.8,26.85,25.5,25.7,26.135909090909088,2200.0,20.0,57499.0,2200.0,100.0,1.35,-1.1,1339459200.0
2012-06-11,25.65,26.0,25.65,25.7,25.81344537815126,5950.0,13.0,153590.0,5950.0,100.0,0.35,0.05,1339372800.0
2012-06-08,23.35,24.8,23.35,24.8,24.316666666666663,300.0,2.0,7295.0,300.0,100.0,1.45,1.45,1339113600.0
2012-06-07,24.6,24.65,22.55,24.45,23.09864864864865,2960.0,6.0,68372.0,2960.0,100.0,2.1,-0.15,1339027200.0
2012-06-06,24.8,24.8,23.5,23.5,24.222222222222225,450.0,2.0,10900.0,450.0,100.0,1.3,-1.3,1338940800.0
2012-06-05,24.5,24.5,23.8,24.4,24.178571428571427,700.0,6.0,16925.0,700.0,100.0,0.7,-0.1,1338854400.0
2012-06-04,25.3,25.3,25.05,25.05,25.216666666666665,300.0,2.0,7565.0,300.0,100.0,0.25,-0.25,1338768000.0
2012-06-01,24.2,24.2,24.2,24.2,24.2,10.0,1.0,242.0,10.0,100.0,0.0,0.0,1338508800.0
2012-05-31,23.5,25.4,23.5,25.4,24.45,200.0,2.0,4890.0,200.0,100.0,1.9,1.9,1338422400.0
2012-05-30,24.7,25.05,24.6,24.65,24.656368927691965,4467.0,20.0,110140.0,4467.0,100.0,0.45,-0.05,1338336000.0
2012-05-29,27.0,27.0,25.85,25.85,26.08333333333333,1800.0,7.0,46950.0,1800.0,100.0,1.15,-1.15,1338249600.0
2012-05-28,26.5,27.3,26.5,27.2,26.96,1375.0,11.0,37070.0,1375.0,100.0,0.8,0.7,1338163200.0
2012-05-25,26.0,27.5,26.0,27.5,27.168,375.0,3.0,10188.0,375.0,100.0,1.5,1.5,1337904000.0
2012-05-24,27.4,27.9,26.8,26.8,27.632373113854594,9477.0,34.0,261872.0,9477.0,100.0,1.1,-0.6,1337817600.0
2012-05-23,26.55,27.45,26.35,26.6,26.58730158730159,189.0,16.0,5025.0,189.0,100.0,1.1,0.05,1337731200.0
2012-05-22,26.5,27.45,25.0,27.25,27.176218990590247,4676.0,29.0,127076.0,4676.0,100.0,2.45,0.75,1337644800.0
2012-05-21,25.25,26.25,25.25,26.15,25.851509433962264,5300.0,33.0,137013.0,5300.0,100.0,1.0,0.9,1337558400.0
2012-05-18,24.5,25.1,24.5,25.0,24.826987681970884,1786.0,12.0,44341.0,1786.0,100.0,0.6,0.5,1337299200.0
2012-05-17,24.45,25.0,23.65,23.95,24.4054196264141,3801.0,26.0,92765.0,3801.0,100.0,1.35,-0.5,1337212800.0
2012-05-16,24.3,24.3,24.2,24.2,24.29848024316109,1645.0,9.0,39971.0,1645.0,100.0,0.1,-0.1,1337126400.0
2012-05-15,23.15,23.15,23.15,23.15,23.149743589743583,2925.0,13.0,67713.0,2925.0,100.0,0.0,0.0,1337040000.0
2012-05-14,22.0,23.4,22.0,22.05,23.36619109381755,4626.0,21.0,108092.0,4626.0,100.0,1.4,0.05,1336953600.0
2012-05-11,22.3,22.3,21.05,22.3,21.95787768327257,2469.0,12.0,54214.0,2469.0,100.0,1.25,0.0,1336694400.0
2012-05-10,21.75,21.75,21.2,21.25,21.56800781886301,6139.0,6.0,132406.0,6139.0,100.0,0.55,-0.5,1336608000.0
2012-05-09,21.8,21.8,21.8,21.8,21.8,100.0,1.0,2180.0,100.0,100.0,0.0,0.0,1336521600.0
2012-05-08,21.55,22.6,21.5,21.7,22.03489361702128,1175.0,8.0,25891.0,1175.0,100.0,1.1,0.15,1336435200.0
2012-05-07,21.55,22.5,21.5,22.5,21.71903448275862,7250.0,16.0,157463.0,7250.0,100.0,1.0,0.95,1336348800.0
2012-05-04,23.7,23.7,22.6,22.6,22.759649122807016,2850.0,11.0,64865.0,2850.0,100.0,1.1,-1.1,1336089600.0
2012-05-03,23.85,23.95,23.7,23.75,23.74711111111112,2250.0,4.0,53431.0,2250.0,100.0,0.25,-0.1,1336003200.0
2012-05-02,22.0,22.9,22.0,22.9,22.54215280391419,5314.0,13.0,119789.0,5314.0,100.0,0.9,0.9,1335916800.0
2012-04-30,21.0,22.85,20.8,21.85,22.23724696356276,4940.0,12.0,109852.0,4940.0,100.0,2.05,0.85,1335744000.0
2012-04-28,21.8,21.8,21.8,21.8,21.8,460.0,4.0,10028.0,460.0,100.0,0.0,0.0,1335571200.0
2012-04-27,22.9,22.9,22.9,22.9,22.9,40.0,1.0,916.0,40.0,100.0,0.0,0.0,1335484800.0
2012-04-25,22.0,23.15,22.0,22.05,22.72,3050.0,16.0,69296.0,3050.0,100.0,1.15,0.05,1335312000.0
2012-04-24,22.05,22.05,22.05,22.05,22.043478260869563,115.0,2.0,2535.0,115.0,100.0,0.0,0.0,1335225600.0
2012-04-23,21.0,21.0,21.0,21.0,21.0,844.0,8.0,17724.0,844.0,100.0,0.0,0.0,1335139200.0
2012-04-20,20.0,20.0,20.0,20.0,20.0,450.0,3.0,9000.0,450.0,100.0,0.0,0.0,1334880000.0
2012-04-19,20.15,20.15,20.0,20.0,20.1,3000.0,6.0,60300.0,3000.0,100.0,0.15,-0.15,1334793600.0
2012-04-18,20.0,20.85,20.0,20.85,20.024271844660195,206.0,4.0,4125.0,206.0,100.0,0.85,0.85,1334707200.0
2012-04-17,19.5,20.7,19.5,20.7,19.82631578947369,190.0,4.0,3767.0,190.0,100.0,1.2,1.2,1334620800.0
2012-04-16,20.25,20.25,19.5,20.25,20.01171875,1536.0,7.0,30738.0,1536.0,100.0,0.75,0.0,1334534400.0
2012-04-13,19.8,19.8,19.8,19.8,19.8,200.0,2.0,3960.0,200.0,100.0,0.0,0.0,1334275200.0
2012-04-12,19.5,19.5,19.05,19.05,19.135,1000.0,3.0,19135.0,1000.0,100.0,0.45,-0.45,1334188800.0
2012-04-11,20.0,20.0,20.0,20.0,20.0,100.0,2.0,2000.0,100.0,100.0,0.0,0.0,1334102400.0
2012-04-10,20.65,20.65,19.7,19.95,20.486940298507463,536.0,10.0,10981.0,536.0,100.0,0.95,-0.7,1334016000.0
2012-04-09,19.7,20.0,19.65,19.7,19.739383846794336,1201.0,8.0,23707.0,1201.0,100.0,0.35,0.0,1333929600.0
2012-04-04,20.3,20.3,20.3,20.3,20.3,80.0,3.0,1624.0,80.0,100.0,0.0,0.0,1333497600.0
2012-04-03,20.55,22.0,20.55,21.35,21.02004008016032,499.0,5.0,10489.0,499.0,100.0,1.45,0.8,1333411200.0
2012-03-30,20.05,21.45,20.05,21.4,21.23903508771929,456.0,5.0,9685.0,456.0,100.0,1.4,1.35,1333065600.0
2012-03-29,20.25,20.6,20.25,20.6,20.317507418397625,1348.0,3.0,27388.0,1348.0,100.0,0.35,0.35,1332979200.0
2012-03-28,23.1,23.1,20.95,20.95,21.455925925925925,2700.0,21.0,57931.0,2475.0,91.67,2.15,-2.15,1332892800.0
2012-03-27,20.5,22.05,20.0,22.0,21.659081375838927,19072.0,45.0,413082.0,16171.0,84.79,2.05,1.5,1332806400.0
2012-03-26,23.2,23.2,21.0,21.0,21.643402026642377,8783.0,40.0,190094.0,6579.0,74.91,2.2,-2.2,1332720000.0
2012-03-23,22.1,22.1,21.95,22.1,22.094078319006684,12564.0,42.0,277590.0,12260.0,97.58,0.15,0.0,1332460800.0
2012-03-22,21.0,21.05,21.0,21.05,21.04916540212444,6590.0,24.0,138714.0,6590.0,100.0,0.05,0.05,1332374400.0
2012-03-21,20.0,20.05,20.0,20.05,20.03771736468283,8166.0,25.0,163628.0,8163.0,99.96,0.05,0.05,1332288000.0
2012-03-20,18.35,19.4,18.35,19.1,19.06400506970849,4734.0,12.0,90249.0,3634.0,76.76,1.05,0.75,1332201600.0
2012-03-19,18.35,18.65,17.8,18.65,18.50115765102084,4751.0,14.0,87899.0,4751.0,100.0,0.85,0.3,1332115200.0
2012-03-16,16.6,18.05,16.6,17.8,17.600975609756095,2050.0,9.0,36082.0,2000.0,97.56,1.45,1.2,1331856000.0
2012-03-15,17.35,17.35,17.2,17.25,17.286363636363635,1100.0,7.0,19015.0,1100.0,100.0,0.15,-0.1,1331769600.0
2012-03-14,18.0,18.0,17.15,17.9,17.74234693877551,784.0,6.0,13910.0,784.0,100.0,0.85,-0.1,1331683200.0
2012-03-13,17.25,17.5,17.25,17.5,17.428162973552535,1399.0,2.0,24382.0,1399.0,100.0,0.25,0.25,1331596800.0
2012-03-07,17.7,18.0,17.7,18.0,17.692307692307693,26.0,2.0,460.0,26.0,100.0,0.3,0.3,1331078400.0
2012-03-06,17.8,18.6,17.8,18.0,18.019780219780216,910.0,5.0,16398.0,910.0,100.0,0.8,0.2,1330992000.0
2012-03-05,20.1,20.1,18.55,18.7,18.96496062992125,2540.0,13.0,48171.0,2440.0,96.06,1.55,-1.4,1330905600.0
2012-03-03,19.55,19.55,19.5,19.5,19.51495016611296,301.0,4.0,5874.0,301.0,100.0,0.05,-0.05,1330732800.0
2012-03-02,18.7,18.7,18.7,18.7,18.699956540634503,11505.0,17.0,215143.0,11491.0,99.88,0.0,0.0,1330646400.0
2012-03-01,17.85,17.85,17.85,17.85,17.845637583892614,149.0,2.0,2659.0,149.0,100.0,0.0,0.0,1330560000.0
2012-02-29,17.45,17.5,17.0,17.0,17.2617621899059,4676.0,13.0,80716.0,4676.0,100.0,0.5,-0.45,1330473600.0
2012-02-28,17.0,17.0,17.0,17.0,17.0,1300.0,5.0,22100.0,1300.0,100.0,0.0,0.0,1330387200.0
2012-02-27,16.75,16.75,16.75,16.75,16.72,25.0,1.0,418.0,25.0,100.0,0.0,0.0,1330300800.0
2012-02-24,17.0,17.5,17.0,17.5,17.032258064516128,1550.0,10.0,26400.0,1550.0,100.0,0.5,0.5,1330041600.0
2012-02-23,17.1,17.9,16.35,17.85,17.210304054054053,2368.0,9.0,40754.0,2368.0,100.0,1.55,0.75,1329955200.0
2012-02-22,17.25,17.25,17.1,17.1,17.140722291407222,803.0,4.0,13764.0,803.0,100.0,0.15,-0.15,1329868800.0
2012-02-21,17.95,17.95,17.95,17.95,17.95,500.0,3.0,8975.0,500.0,100.0,0.0,0.0,1329782400.0
2012-02-17,20.6,20.6,18.85,18.85,19.86255924170616,4220.0,21.0,83820.0,4220.0,100.0,1.75,-1.75,1329436800.0
2012-02-16,19.75,19.8,18.0,19.8,19.649122807017545,7125.0,19.0,140000.0,7125.0,100.0,1.8,0.05,1329350400.0
2012-02-15,18.7,19.1,17.3,18.9,18.085282651072124,2052.0,13.0,37111.0,2052.0,100.0,1.8,0.2,1329264000.0
2012-02-14,18.2,18.2,18.2,18.2,18.2,100.0,1.0,1820.0,100.0,100.0,0.0,0.0,1329177600.0
2012-02-13,17.55,18.45,17.5,17.5,17.576553491351696,1561.0,7.0,27437.0,1561.0,100.0,0.95,-0.05,1329091200.0
2012-02-10,17.7,17.7,17.6,17.6,17.633333333333333,300.0,2.0,5290.0,300.0,100.0,0.1,-0.1,1328832000.0
2012-02-09,18.6,18.6,17.65,17.65,17.693506493506494,770.0,5.0,13624.0,770.0,100.0,0.95,-0.95,1328745600.0
2012-02-08,18.0,18.0,17.7,17.75,17.74288840262582,914.0,3.0,16217.0,914.0,100.0,0.3,-0.25,1328659200.0
2012-02-06,17.5,18.3,17.5,17.7,17.666193853427895,2115.0,8.0,37364.0,2115.0,100.0,0.8,0.2,1328486400.0
2012-02-03,17.5,17.5,17.45,17.45,17.488419341731003,2461.0,7.0,43039.0,2461.0,100.0,0.05,-0.05,1328227200.0
2012-02-02,18.35,18.35,18.35,18.35,18.346666666666664,150.0,3.0,2752.0,150.0,100.0,0.0,0.0,1328140800.0
2012-02-01,17.95,17.95,17.05,17.5,17.529375,1600.0,7.0,28047.0,1600.0,100.0,0.9,-0.45,1328054400.0
2012-01-31,16.95,17.95,16.95,17.94,17.92232142857143,1120.0,6.0,20073.0,1120.0,100.0,1.0,0.99,1327968000.0
2012-01-30,18.85,18.85,17.4,17.4,17.405940594059405,101.0,3.0,1758.0,101.0,100.0,1.45,-1.45,1327881600.0
2012-01-27,18.0,18.9,17.12,18.3,18.31883072739633,1471.0,11.0,26947.0,1471.0,100.0,1.78,0.3,1327622400.0
2012-01-25,18.0,18.9,18.0,18.0,18.15,600.0,6.0,10890.0,600.0,100.0,0.9,0.0,1327449600.0
2012-01-24,17.5,18.95,17.49,18.91,17.554227156276685,1171.0,7.0,20556.0,1171.0,100.0,1.46,1.41,1327363200.0
2012-01-23,18.4,18.4,18.4,18.4,18.4,200.0,1.0,3680.0,200.0,100.0,0.0,0.0,1327276800.0
2012-01-20,17.58,17.58,17.58,17.58,17.58,100.0,1.0,1758.0,100.0,100.0,0.0,0.0,1327017600.0
2012-01-19,17.2,18.5,17.2,18.5,18.423529411764704,425.0,3.0,7830.0,425.0,100.0,1.3,1.3,1326931200.0
2012-01-18,18.9,20.0,17.07,17.5,18.873786407767,103.0,4.0,1944.0,101.0,98.06,2.93,-1.4,1326844800.0
2012-01-17,19.0,19.95,14.65,18.58,16.91137015450088,10809.0,28.0,182795.0,10506.0,97.2,5.3,-0.42,1326758400.0
2012-01-16,18.7,18.75,16.75,17.05,16.953076923076924,6500.0,5.0,110195.0,6500.0,100.0,2.0,-1.65,1326672000.0
2012-01-13,18.9,18.9,18.85,18.85,18.85,20.0,2.0,377.0,10.0,50.0,0.05,-0.05,1326412800.0
2012-01-11,18.9,19.0,18.9,19.0,18.98333333333333,600.0,3.0,11390.0,600.0,100.0,0.1,0.1,1326240000.0
2012-01-10,17.5,17.5,17.5,17.5,17.0,1.0,1.0,17.0,1.0,100.0,0.0,0.0,1326153600.0
2012-01-06,17.45,17.49,17.45,17.48,17.489,1000.0,8.0,17489.0,1000.0,100.0,0.04,0.03,1325808000.0
2012-01-03,14.51,16.15,14.51,16.15,15.053333333333333,150.0,3.0,2258.0,101.0,67.33,1.64,1.64,1325548800.0
2012-01-02,14.0,15.0,14.0,15.0,14.5,700.0,3.0,10150.0,350.0,50.0,1.0,1.0,1325462400.0
2011-12-30,14.2,15.0,14.1,15.0,14.575,2000.0,8.0,29150.0,1000.0,50.0,0.9,0.8,1325203200.0
2011-12-28,16.8,17.0,15.5,15.5,16.59090909090909,440.0,7.0,7300.0,351.0,79.77,1.5,-1.3,1325030400.0
2011-12-27,16.9,16.9,16.9,16.9,16.9,10.0,1.0,169.0,10.0,100.0,0.0,0.0,1324944000.0
2011-12-26,14.55,15.9,14.55,15.9,15.45,300.0,3.0,4635.0,200.0,66.67,1.35,1.35,1324857600.0
2011-12-23,15.0,15.0,15.0,15.0,15.0,100.0,1.0,1500.0,100.0,100.0,0.0,0.0,1324598400.0
2011-12-21,14.8,15.3,14.8,15.05,15.19061247853463,1747.0,11.0,26538.0,1736.0,99.37,0.5,0.25,1324425600.0
2011-12-20,14.95,15.0,13.95,13.95,14.917337234820776,1367.0,4.0,20392.0,1267.0,92.68,1.05,-1.0,1324339200.0
2011-12-19,14.7,14.7,13.5,14.25,14.259375,1600.0,5.0,22815.0,1600.0,100.0,1.2,-0.45,1324252800.0
2011-12-16,14.7,14.7,14.7,14.7,14.697142857142856,175.0,2.0,2572.0,175.0,100.0,0.0,0.0,1323993600.0
2011-12-15,15.05,15.05,14.9,14.95,14.9375,400.0,2.0,5975.0,400.0,100.0,0.15,-0.1,1323907200.0
2011-12-14,16.1,16.1,15.55,15.65,16.018302828618967,1202.0,8.0,19254.0,1151.0,95.76,0.55,-0.45,1323820800.0
2011-12-12,17.65,17.65,15.7,16.6,16.084358523725832,4552.0,22.0,73216.0,3271.0,71.86,1.95,-1.05,1323648000.0
2011-12-09,16.1,16.25,16.1,16.25,16.166666666666664,450.0,2.0,7275.0,450.0,100.0,0.15,0.15,1323388800.0
2011-12-07,16.6,17.2,16.15,17.0,16.705236486486488,3552.0,26.0,59337.0,1975.0,55.6,1.05,0.4,1323216000.0
2011-12-05,19.4,19.4,16.65,17.85,16.736600306278714,1306.0,8.0,21858.0,1281.0,98.09,2.75,-1.55,1323043200.0
2011-12-02,17.65,17.7,17.65,17.7,17.5,2.0,2.0,35.0,1.0,50.0,0.05,0.05,1322784000.0
2011-12-01,15.5,17.5,15.5,16.5,16.958052597261464,4601.0,12.0,78024.0,2601.0,57.0,2.0,1.0,1322697600.0
2011-11-30,17.0,17.0,16.85,16.9,16.666666666666664,3.0,3.0,50.0,1.0,33.33,0.15,-0.1,1322611200.0
2011-11-29,18.0,18.0,15.8,15.8,15.822670882996835,4111.0,25.0,65047.0,4102.0,99.78,2.2,-2.2,1322524800.0
2011-11-28,17.3,17.3,17.3,17.3,17.28,25.0,1.0,432.0,25.0,100.0,0.0,0.0,1322438400.0
2011-11-25,17.95,17.95,15.6,16.05,17.092896174863387,1098.0,14.0,18768.0,1039.0,94.63,2.35,-1.9,1322179200.0
2011-11-24,16.0,17.1,15.1,17.1,16.02023608768971,1779.0,19.0,28500.0,1400.0,78.7,2.0,1.1,1322092800.0
2011-11-23,18.65,18.65,15.7,16.0,15.86534767575874,5206.0,23.0,82595.0,5003.0,96.1,2.95,-2.65,1322006400.0
2011-11-22,18.5,18.5,15.3,17.4,15.55769046631132,31331.0,93.0,487438.0,26096.0,83.29,3.2,-1.1,1321920000.0
2011-11-21,19.5,19.5,16.35,16.95,16.781714785651793,4572.0,40.0,76726.0,3863.0,84.49,3.15,-2.55,1321833600.0
2011-11-18,18.5,18.5,16.5,17.85,17.51448707909162,3831.0,29.0,67098.0,3412.0,89.06,2.0,-0.65,1321574400.0
2011-11-17,19.5,19.5,18.15,18.15,18.33806818181818,704.0,10.0,12910.0,550.0,78.12,1.35,-1.35,1321488000.0
2011-11-16,18.25,20.0,18.25,19.1,19.033277870216303,601.0,6.0,11439.0,600.0,99.83,1.75,0.85,1321401600.0
2011-11-15,18.55,19.5,18.5,19.5,18.85333333333333,150.0,4.0,2828.0,150.0,100.0,1.0,0.95,1321315200.0
2011-11-14,20.95,20.95,19.25,19.85,19.78043775649795,1462.0,12.0,28919.0,1306.0,89.33,1.7,-1.1,1321228800.0
2011-11-11,20.0,20.0,19.0,19.8,19.48753894080997,3210.0,20.0,62555.0,3199.0,99.66,1.0,-0.2,1320969600.0
2011-11-09,20.5,21.8,20.5,20.5,21.007656458055923,3004.0,19.0,63107.0,2200.0,73.24,1.3,0.0,1320796800.0
2011-11-08,22.9,22.9,20.7,20.7,22.60114687740941,20752.0,8.0,469019.0,20752.0,100.0,2.2,-2.2,1320710400.0
2011-11-04,21.65,22.0,21.0,21.5,21.474129821260583,2126.0,22.0,45654.0,1391.0,65.43,1.0,-0.15,1320364800.0
2011-11-03,21.4,22.1,20.8,21.3,21.032456391192447,6994.0,38.0,147101.0,5515.0,78.85,1.3,-0.1,1320278400.0
2011-11-02,21.0,21.8,21.0,21.8,21.393162393162395,1053.0,11.0,22527.0,800.0,75.97,0.8,0.8,1320192000.0
2011-11-01,20.7,21.8,20.7,20.8,20.726666666666663,150.0,3.0,3109.0,150.0,100.0,1.1,0.1,1320105600.0
2011-10-31,21.0,22.0,20.8,21.55,21.314837153196624,829.0,14.0,17670.0,527.0,63.57,1.2,0.55,1320019200.0
2011-10-28,22.4,22.45,21.65,21.8,22.062902237205023,13052.0,103.0,287965.0,10601.0,81.22,0.8,-0.6,1319760000.0
2011-10-26,22.8,22.8,22.1,22.75,22.766666666666666,210.0,3.0,4781.0,210.0,100.0,0.7,-0.05,1319587200.0
2011-10-25,22.95,22.95,22.95,22.95,22.949640287769785,139.0,1.0,3190.0,139.0,100.0,0.0,0.0,1319500800.0
2011-10-24,21.85,22.7,21.85,22.7,22.64,25.0,2.0,566.0,25.0,100.0,0.85,0.85,1319414400.0
2011-10-21,22.25,22.35,22.05,22.05,22.079259259259256,2700.0,10.0,59614.0,2400.0,88.89,0.3,-0.2,1319155200.0
2011-10-20,21.4,23.0,21.4,23.0,22.97102473498233,1415.0,6.0,32504.0,1413.0,99.86,1.6,1.6,1319068800.0
2011-10-19,22.3,22.75,22.25,22.45,22.441066997518607,1612.0,10.0,36175.0,1462.0,90.69,0.5,0.15,1318982400.0
2011-10-18,21.75,23.45,21.7,22.15,21.84555609519184,4118.0,25.0,89960.0,3833.0,93.08,1.75,0.4,1318896000.0
2011-10-17,22.8,24.0,22.35,22.7,22.709565217391305,5175.0,39.0,117522.0,4645.0,89.76,1.65,-0.1,1318809600.0
2011-10-14,23.25,23.5,22.7,23.5,22.95844081398681,3489.0,22.0,80102.0,3187.0,91.34,0.8,0.25,1318550400.0
2011-10-13,22.0,23.5,21.9,22.95,22.7840395480226,7080.0,41.0,161311.0,5778.0,81.61,1.6,0.95,1318464000.0
2011-10-12,22.0,22.75,22.0,22.4,22.319140625,2560.0,14.0,57137.0,2560.0,100.0,0.75,0.4,1318377600.0
2011-10-11,22.5,22.7,22.5,22.7,22.53050847457628,590.0,4.0,13293.0,590.0,100.0,0.2,0.2,1318291200.0
2011-10-10,22.0,22.0,22.0,22.0,22.0,460.0,9.0,10120.0,460.0,100.0,0.0,0.0,1318204800.0
2011-10-07,21.5,22.0,21.5,22.0,21.888987173816894,2261.0,17.0,49491.0,2251.0,99.56,0.5,0.5,1317945600.0
2011-10-05,21.05,22.3,21.0,21.15,21.38205128205128,780.0,10.0,16678.0,779.0,99.87,1.3,0.1,1317772800.0
2011-10-04,22.0,22.0,21.0,21.85,21.18339934561736,5807.0,17.0,123012.0,5307.0,91.39,1.0,-0.15,1317686400.0
2011-10-03,21.7,22.0,21.7,22.0,21.97272727272728,1100.0,4.0,24170.0,1100.0,100.0,0.3,0.3,1317600000.0
2011-09-30,23.0,23.0,22.35,22.35,22.4,900.0,5.0,20160.0,900.0,100.0,0.65,-0.65,1317340800.0
2011-09-29,23.1,23.95,22.75,23.45,23.200767263427107,1564.0,15.0,36286.0,814.0,52.05,1.2,0.35,1317254400.0
2011-09-28,23.1,23.7,22.75,23.45,23.308112773302646,3476.0,23.0,81019.0,2666.0,76.7,0.95,0.35,1317168000.0
2011-09-27,22.0,23.75,22.0,22.6,22.760591526778576,2502.0,16.0,56947.0,2226.0,88.97,1.75,0.6,1317081600.0
2011-09-26,22.4,23.95,22.4,23.15,22.89341867260331,7187.0,28.0,164535.0,6934.0,96.48,1.55,0.75,1316995200.0
2011-09-23,24.0,24.0,23.35,23.55,23.541566554541088,2081.0,21.0,48990.0,1749.0,84.05,0.65,-0.45,1316736000.0
2011-09-22,24.0,25.5,23.7,24.1,24.25485579752796,1699.0,14.0,41209.0,1443.0,84.93,1.8,0.1,1316649600.0
2011-09-21,24.4,24.5,24.4,24.5,24.47987012987013,1540.0,10.0,37699.0,1540.0,100.0,0.1,0.1,1316563200.0
2011-09-20,22.75,23.35,22.75,23.35,23.32624607877309,2869.0,18.0,66923.0,2865.0,99.86,0.6,0.6,1316476800.0
2011-09-19,21.8,23.2,21.8,22.25,22.682222222222222,2250.0,17.0,51035.0,2130.0,94.67,1.4,0.45,1316390400.0
2011-09-16,22.9,22.95,22.2,22.85,22.729166666666664,1200.0,5.0,27275.0,900.0,75.0,0.75,-0.05,1316131200.0
2011-09-15,22.5,23.5,22.3,22.6,22.725941422594143,1434.0,16.0,32589.0,882.0,61.51,1.2,0.1,1316044800.0
2011-09-14,23.8,23.8,22.8,22.8,23.443104747550866,2654.0,9.0,62218.0,2652.0,99.92,1.0,-1.0,1315958400.0
2011-09-13,22.85,24.65,22.85,23.0,23.56774193548388,3720.0,28.0,87672.0,3280.0,88.17,1.8,0.15,1315872000.0
2011-09-12,23.6,24.45,23.55,24.05,24.13396674584323,2105.0,19.0,50802.0,1639.0,77.86,0.9,0.45,1315785600.0
2011-09-09,25.8,25.8,24.4,24.55,25.10406522477636,8831.0,71.0,221694.0,8485.0,96.08,1.4,-1.25,1315526400.0
2011-09-08,23.8,24.6,23.8,24.6,24.51528732197988,10041.0,69.0,246158.0,8710.0,86.74,0.8,0.8,1315440000.0
2011-09-07,22.0,23.45,21.45,23.45,22.69046468273148,14483.0,41.0,328626.0,13128.0,90.64,2.0,1.45,1315353600.0
2011-09-06,22.25,22.65,22.25,22.35,22.261433274246645,19745.0,65.0,439552.0,17154.0,86.88,0.4,0.1,1315267200.0
2011-09-05,23.5,23.5,23.4,23.4,23.40888888888889,1125.0,6.0,26335.0,1051.0,93.42,0.1,-0.1,1315180800.0
2011-09-02,24.85,25.35,24.6,24.6,24.651014492753625,10350.0,27.0,255138.0,8505.0,82.17,0.75,-0.25,1314921600.0
2011-08-30,24.2,26.0,24.2,25.85,25.640419114145104,6299.0,21.0,161509.0,5800.0,92.08,1.8,1.65,1314662400.0
2011-08-29,24.45,24.95,24.0,24.9,24.790341578327443,1698.0,18.0,42094.0,1650.0,97.17,0.95,0.45,1314576000.0
2011-08-26,25.05,25.05,24.5,24.5,24.56626245127761,4618.0,21.0,113447.0,4618.0,100.0,0.55,-0.55,1314316800.0
2011-08-25,25.8,25.95,25.5,25.75,25.5970598062145,2993.0,12.0,76612.0,2593.0,86.64,0.45,-0.05,1314230400.0
2011-08-24,26.25,26.5,25.7,25.75,26.086192920832207,3701.0,11.0,96545.0,2601.0,70.28,0.8,-0.5,1314144000.0
2011-08-23,26.5,26.5,25.75,25.95,26.09006443878316,6673.0,32.0,174099.0,5270.0,78.97,0.75,-0.55,1314057600.0
2011-08-22,25.0,26.3,24.85,26.25,25.14162265962554,6249.0,19.0,157110.0,6199.0,99.2,1.45,1.25,1313971200.0
2011-08-19,26.15,26.15,26.15,26.15,26.1497005988024,501.0,2.0,13101.0,501.0,100.0,0.0,0.0,1313712000.0
2011-08-18,27.75,28.35,27.5,27.5,27.53035184946513,7759.0,39.0,213608.0,6707.0,86.44,0.85,-0.25,1313625600.0
2011-08-17,30.35,30.5,28.9,28.9,30.0005161823156,19373.0,18.0,581200.0,19273.0,99.48,1.6,-1.45,1313539200.0
2011-08-16,30.9,31.3,30.4,30.4,31.00680051813472,3088.0,13.0,95749.0,3088.0,100.0,0.9,-0.5,1313452800.0
2011-08-12,32.0,32.6,31.5,31.9,32.066354044548646,12795.0,62.0,410289.0,8800.0,68.78,1.1,-0.1,1313107200.0
2011-08-11,34.9,35.0,32.35,32.6,33.23229594832648,8515.0,43.0,282973.0,6265.0,73.58,2.65,-2.3,1313020800.0
2011-08-10,32.55,34.9,32.25,34.0,33.79241516966068,1503.0,21.0,50790.0,1100.0,73.19,2.65,1.45,1312934400.0
2011-08-09,33.45,35.0,33.45,33.6,34.38854446192283,10807.0,54.0,371637.0,9501.0,87.92,1.55,0.15,1312848000.0
2011-08-08,34.0,36.0,33.65,34.75,34.34560579853389,12141.0,63.0,416990.0,9411.0,77.51,2.35,0.75,1312761600.0
2011-08-05,34.05,35.6,33.65,35.4,34.250705740018816,14878.0,77.0,509582.0,9430.0,63.38,1.95,1.35,1312502400.0
2011-08-04,37.8,37.8,35.05,35.4,35.79393468118196,28292.0,172.0,1012682.0,17539.0,61.99,2.75,-2.4,1312416000.0
2011-08-03,34.9,36.0,34.9,36.0,35.82394366197183,11360.0,70.0,406960.0,10668.0,93.91,1.1,1.1,1312329600.0
2011-08-02,36.4,36.4,34.0,34.3,34.62129215765949,4922.0,34.0,170406.0,4025.0,81.78,2.4,-2.1,1312243200.0
2011-08-01,37.95,37.95,35.0,35.75,35.98081228014071,15635.0,63.0,562560.0,13406.0,85.74,2.95,-2.2,1312156800.0
2011-07-29,37.0,38.45,36.35,36.55,37.33543307086615,8255.0,51.0,308204.0,6650.0,80.56,2.1,-0.45,1311897600.0
2011-07-28,37.4,38.0,36.2,37.5,37.09630931458699,11380.0,92.0,422156.0,5672.0,49.84,1.8,0.1,1311811200.0
2011-07-27,37.7,38.65,37.65,38.05,38.04041358316276,19053.0,66.0,724784.0,18602.0,97.63,1.0,0.35,1311724800.0
2011-07-26,39.5,39.5,36.5,37.75,38.64283323698543,32867.0,197.0,1270074.0,18448.0,56.13,3.0,-1.75,1311638400.0
2011-07-25,37.65,37.65,37.0,37.65,37.63440228341169,11912.0,68.0,448301.0,11862.0,99.58,0.65,0.0,1311552000.0
2011-07-22,33.65,35.9,33.55,35.9,35.061733917867045,11177.0,50.0,391885.0,6863.0,61.4,2.35,2.25,1311292800.0
2011-07-21,34.8,36.3,33.95,34.2,34.62110676517456,13806.0,92.0,477979.0,12455.0,90.21,2.35,-0.6,1311206400.0
2011-07-20,36.05,36.5,35.05,35.65,35.826127967300735,6361.0,57.0,227890.0,5176.0,81.37,1.45,-0.4,1311120000.0
2011-07-19,36.25,36.95,35.7,36.05,36.07614569443469,14249.0,56.0,514049.0,13248.0,92.97,1.25,-0.2,1311033600.0
2011-07-18,36.8,37.85,36.35,36.45,36.8832899869961,6152.0,33.0,226906.0,5075.0,82.49,1.5,-0.35,1310947200.0
2011-07-15,36.25,37.45,36.2,36.45,36.73952523952524,13986.0,103.0,513839.0,10926.0,78.12,1.25,0.2,1310688000.0
2011-07-14,40.05,40.05,38.05,38.1,39.00590755647884,30808.0,231.0,1201694.0,19964.0,64.8,2.0,-1.95,1310601600.0
2011-07-13,38.85,40.7,36.6,40.05,39.496687025726445,135075.0,1028.0,5335015.0,74949.0,55.49,4.1,1.2,1310515200.0
2011-07-12,37.8,37.8,34.3,37.8,37.38802124856287,119161.0,771.0,4455194.0,55290.0,46.4,3.5,0.0,1310428800.0
2011-07-11,32.5,34.4,32.5,34.4,34.241410542841614,49683.0,234.0,1701216.0,45380.0,91.34,1.9,1.9,1310342400.0
2011-07-08,31.35,33.4,31.05,31.3,31.880040957781976,12696.0,134.0,404749.0,10117.0,79.69,2.35,-0.05,1310083200.0
2011-07-07,32.45,34.4,31.75,31.9,32.636824480014745,32549.0,198.0,1062296.0,20772.0,63.82,2.65,-0.55,1309996800.0
2011-07-06,31.5,32.3,30.75,31.4,31.12801573602023,24911.0,171.0,775430.0,20761.0,83.34,1.55,-0.1,1309910400.0
2011-07-05,32.45,33.0,32.25,32.25,32.383602162961594,21637.0,105.0,700684.0,20522.0,94.85,0.75,-0.2,1309824000.0
2011-07-04,35.0,35.0,33.9,33.9,34.057848870542365,17442.0,67.0,594037.0,16434.0,94.22,1.1,-1.1,1309737600.0
2011-07-01,37.75,38.0,35.65,35.65,35.98974497368776,22233.0,118.0,800160.0,19958.0,89.77,2.35,-2.1,1309478400.0
2011-06-30,38.5,38.9,36.5,37.5,37.96276933417977,26779.0,196.0,1016605.0,20078.0,74.98,2.4,-1.0,1309392000.0
2011-06-29,37.3,37.85,36.65,37.05,37.53135129093551,17894.0,144.0,671586.0,12591.0,70.36,1.2,-0.25,1309305600.0
2011-06-28,34.4,36.05,33.35,36.05,35.37486120364201,9006.0,74.0,318586.0,7636.0,84.79,2.7,1.65,1309219200.0
2011-06-27,35.4,36.0,32.85,34.35,34.381359961959106,12618.0,99.0,433824.0,6717.0,53.23,3.15,-1.05,1309132800.0
2011-06-24,34.55,34.55,33.35,34.55,34.47227669072552,23969.0,183.0,826266.0,14879.0,62.08,1.2,0.0,1308873600.0
2011-06-23,29.9,32.95,29.85,32.95,31.07962901069519,11968.0,89.0,371961.0,9942.0,83.07,3.1,3.05,1308787200.0
2011-06-22,31.6,31.65,31.4,31.4,31.43870056497176,3540.0,28.0,111293.0,2917.0,82.4,0.25,-0.2,1308700800.0
2011-06-21,33.0,35.7,33.0,33.0,33.021428571428565,7420.0,55.0,245019.0,5654.0,76.2,2.7,0.0,1308614400.0
2011-06-20,35.0,35.1,34.7,34.7,34.745483110761974,1273.0,24.0,44231.0,1233.0,96.86,0.4,-0.3,1308528000.0
2011-06-17,38.4,38.4,36.5,36.5,36.79024690408431,52004.0,328.0,1913240.0,31833.0,61.21,1.9,-1.9,1308268800.0
2011-06-16,38.95,38.95,35.3,38.4,37.8113389944849,143787.0,1011.0,5436779.0,73161.0,50.88,3.65,-0.55,1308182400.0
2011-06-15,37.1,37.1,35.5,37.1,36.847481152014126,63402.0,278.0,2336204.0,36729.0,57.93,1.6,0.0,1308096000.0
2011-06-14,35.35,35.35,35.35,35.35,35.349949020052115,8827.0,45.0,312034.0,8815.0,99.86,0.0,0.0,1308009600.0
2011-06-13,33.6,33.7,32.3,33.7,33.411615001237145,28291.0,140.0,945248.0,23498.0,83.06,1.4,0.1,1307923200.0
2011-06-10,32.1,32.1,29.4,32.1,31.43092725337573,233949.0,928.0,7353234.0,81099.0,34.67,2.7,0.0,1307664000.0
2011-06-09,30.6,30.6,30.6,30.6,30.5999560873861,9109.0,31.0,278735.0,9109.0,100.0,0.0,0.0,1307577600.0
2011-06-08,29.15,29.15,29.15,29.15,29.149840416596675,5953.0,19.0,173529.0,5953.0,100.0,0.0,0.0,1307491200.0
2011-06-07,27.8,27.8,27.8,27.8,27.8,9585.0,23.0,266463.0,9585.0,100.0,0.0,0.0,1307404800.0
2011-06-06,26.5,26.5,26.5,26.5,26.499715747583853,1759.0,8.0,46613.0,1759.0,100.0,0.0,0.0,1307318400.0
2011-06-03,25.25,25.25,25.25,25.25,25.249687890137327,1602.0,14.0,40450.0,1602.0,100.0,0.0,0.0,1307059200.0
2011-06-02,23.6,24.05,23.25,24.05,23.944191076214207,21269.0,58.0,509269.0,18005.0,84.65,0.8,0.45,1306972800.0
2011-06-01,22.0,22.95,21.75,22.95,22.67687943262412,10575.0,50.0,239808.0,9773.0,92.42,1.2,0.95,1306886400.0
2011-05-31,19.7,20.9,19.7,20.9,20.58738989337042,6471.0,25.0,133221.0,6449.0,99.66,1.2,1.2,1306800000.0
2011-05-30,18.95,19.05,18.95,19.0,18.99857549857549,702.0,6.0,13337.0,702.0,100.0,0.1,0.05,1306713600.0
2011-05-25,18.7,18.7,17.6,17.6,18.11066398390342,497.0,4.0,9001.0,497.0,100.0,1.1,-1.1,1306281600.0
2011-05-23,19.75,19.75,18.75,18.75,19.42469879518072,332.0,11.0,6449.0,332.0,100.0,1.0,-1.0,1306108800.0
2011-05-20,19.0,19.5,19.0,19.25,19.389485585076315,1769.0,12.0,34300.0,1769.0,100.0,0.5,0.25,1305849600.0
2011-05-19,19.25,19.75,19.25,19.25,19.382135922330097,2575.0,15.0,49909.0,2575.0,100.0,0.5,0.0,1305763200.0
2011-05-18,18.1,18.1,18.0,18.0,18.0,500.0,2.0,9000.0,500.0,100.0,0.1,-0.1,1305676800.0
2011-05-17,18.65,18.8,18.05,18.15,18.432258064516127,465.0,6.0,8571.0,460.0,98.92,0.75,-0.5,1305590400.0
2011-05-16,20.75,20.75,18.25,19.5,18.837882547559968,1209.0,15.0,22775.0,1049.0,86.77,2.5,-1.25,1305504000.0
2011-05-13,19.5,19.5,18.75,19.05,19.17714285714285,350.0,5.0,6712.0,350.0,100.0,0.75,-0.45,1305244800.0
2011-05-12,19.5,19.5,19.0,19.5,19.066250433576133,2883.0,11.0,54968.0,2882.0,99.97,0.5,0.0,1305158400.0
2011-05-11,19.05,19.05,19.05,19.05,19.05,60.0,1.0,1143.0,60.0,100.0,0.0,0.0,1305072000.0
2011-05-10,19.9,19.9,18.15,18.55,19.163104611923508,1778.0,24.0,34072.0,1417.0,79.7,1.75,-1.35,1304985600.0
2011-05-09,18.5,19.85,18.5,19.05,18.60994560994561,1287.0,19.0,23951.0,1265.0,98.29,1.35,0.55,1304899200.0
2011-05-06,18.2,19.5,18.2,19.0,18.94829545454545,1760.0,3.0,33349.0,1760.0,100.0,1.3,0.8,1304640000.0
2011-05-05,18.35,19.5,18.35,19.5,19.125,8.0,2.0,153.0,8.0,100.0,1.15,1.15,1304553600.0
2011-05-03,20.8,20.8,20.8,20.8,20.8,1500.0,1.0,31200.0,1500.0,100.0,0.0,0.0,1304380800.0
2011-05-02,21.5,21.5,20.0,20.0,21.0,300.0,2.0,6300.0,300.0,100.0,1.5,-1.5,1304294400.0
2011-04-29,19.45,19.45,19.45,19.45,19.44715447154472,123.0,1.0,2392.0,123.0,100.0,0.0,0.0,1304035200.0
2011-04-28,19.3,19.55,19.3,19.45,19.436724565756823,403.0,6.0,7833.0,402.0,99.75,0.25,0.15,1303948800.0
2011-04-27,20.2,22.0,19.75,19.75,20.52606408417025,2091.0,25.0,42920.0,2029.0,97.03,2.25,-0.45,1303862400.0
2011-04-26,22.95,22.95,21.0,21.0,21.00099601593625,1004.0,7.0,21085.0,1004.0,100.0,1.95,-1.95,1303776000.0
2011-04-25,20.15,21.5,20.15,20.5,20.94074074074074,1350.0,8.0,28270.0,750.0,55.56,1.35,0.35,1303689600.0
2011-04-21,20.25,20.25,20.25,20.25,20.24657534246576,73.0,2.0,1478.0,73.0,100.0,0.0,0.0,1303344000.0
2011-04-20,21.7,21.9,20.5,21.25,21.68636721828211,1269.0,21.0,27520.0,1200.0,94.56,1.4,-0.45,1303257600.0
2011-04-19,21.9,21.9,21.4,21.4,21.892156862745097,102.0,3.0,2233.0,101.0,99.02,0.5,-0.5,1303171200.0
2011-04-18,20.8,20.8,20.4,20.4,20.6,500.0,4.0,10300.0,500.0,100.0,0.4,-0.4,1303084800.0
2011-04-15,19.75,20.75,19.75,20.75,20.33456698741673,2702.0,14.0,54944.0,2502.0,92.6,1.0,1.0,1302825600.0
2011-04-13,18.95,19.75,18.85,19.65,19.253668763102723,2385.0,11.0,45920.0,2015.0,84.49,0.9,0.7,1302652800.0
2011-04-11,20.0,20.0,19.2,19.2,19.4,400.0,3.0,7760.0,300.0,75.0,0.8,-0.8,1302480000.0
2011-04-08,19.45,20.0,18.65,20.0,19.356200527704484,758.0,10.0,14672.0,642.0,84.7,1.35,0.55,1302220800.0
2011-04-06,20.0,20.0,18.2,19.05,19.06185567010309,388.0,7.0,7396.0,386.0,99.48,1.8,-0.95,1302048000.0
2011-04-05,18.0,18.15,18.0,18.15,18.0,105.0,2.0,1890.0,105.0,100.0,0.15,0.15,1301961600.0
2011-04-04,18.15,19.4,18.15,18.95,18.6,365.0,8.0,6789.0,365.0,100.0,1.25,0.8,1301875200.0
2011-03-31,17.35,17.35,17.25,17.3,17.334586466165412,266.0,4.0,4611.0,266.0,100.0,0.1,-0.05,1301529600.0
2011-03-30,17.7,17.7,17.7,17.7,17.7,10.0,2.0,177.0,10.0,100.0,0.0,0.0,1301443200.0
2011-03-29,17.2,17.5,17.05,17.4,17.389680400462073,2597.0,13.0,45161.0,2597.0,100.0,0.45,0.2,1301356800.0
2011-03-28,14.5,17.95,14.5,17.25,17.429064039408868,10150.0,10.0,176905.0,9550.0,94.09,3.45,2.75,1301270400.0
2011-03-25,17.25,18.0,17.25,17.9,17.81836327345309,501.0,7.0,8927.0,401.0,80.04,0.75,0.65,1301011200.0
2011-03-24,18.65,18.7,18.5,18.5,18.5,202.0,4.0,3737.0,200.0,99.01,0.2,-0.15,1300924800.0
2011-03-23,18.8,18.8,18.8,18.8,18.0,1.0,1.0,18.0,0.0,0.0,0.0,0.0,1300838400.0
2011-03-22,17.25,17.95,17.15,17.55,17.35358361774744,1465.0,10.0,25423.0,760.0,51.88,0.8,0.3,1300752000.0
2011-03-21,17.55,17.9,17.35,17.7,17.81285714285714,10500.0,6.0,187035.0,10500.0,100.0,0.55,0.15,1300665600.0
2011-03-18,17.3,19.2,17.3,19.2,18.96139240506329,1580.0,9.0,29959.0,1575.0,99.68,1.9,1.9,1300406400.0
2011-03-17,17.7,19.5,17.5,18.8,17.672131147540984,122.0,6.0,2156.0,115.0,94.26,2.0,1.1,1300320000.0
2011-03-16,17.7,18.8,17.7,18.4,17.85542168674699,83.0,5.0,1482.0,60.0,72.29,1.1,0.7,1300233600.0
2011-03-15,19.45,19.45,19.45,19.45,19.4,10.0,1.0,194.0,10.0,100.0,0.0,0.0,1300147200.0
2011-03-14,19.25,19.25,19.0,19.0,19.125,1000.0,3.0,19125.0,1000.0,100.0,0.25,-0.25,1300060800.0
2011-03-11,19.05,20.0,19.0,20.0,19.63636363636364,825.0,6.0,16200.0,525.0,63.64,1.0,0.95,1299801600.0
2011-03-10,19.55,19.55,19.55,19.55,19.55,100.0,1.0,1955.0,100.0,100.0,0.0,0.0,1299715200.0
2011-03-09,20.8,20.8,19.5,20.45,19.692,250.0,3.0,4923.0,250.0,100.0,1.3,-0.35,1299628800.0
2011-03-08,18.2,20.5,18.2,20.45,19.93438320209973,1905.0,13.0,37975.0,1000.0,52.49,2.3,2.25,1299542400.0
2011-03-07,18.6,19.45,18.6,19.45,18.60792079207921,505.0,2.0,9397.0,505.0,100.0,0.85,0.85,1299456000.0
2011-03-04,18.15,20.2,18.1,20.1,19.030881527231887,1781.0,16.0,33894.0,1471.0,82.59,2.1,1.95,1299196800.0
2011-03-01,18.7,18.85,18.0,18.5,18.48,200.0,6.0,3696.0,150.0,75.0,0.85,-0.2,1298937600.0
2011-02-28,18.1,19.2,17.5,18.6,17.57993079584775,11560.0,16.0,203224.0,11508.0,99.55,1.7,0.5,1298851200.0
2011-02-25,19.0,19.75,18.0,19.75,18.01010101010101,2772.0,9.0,49924.0,2662.0,96.03,1.75,0.75,1298592000.0
2011-02-24,18.25,19.25,17.75,19.25,17.959349593495933,1230.0,4.0,22090.0,1230.0,100.0,1.5,1.0,1298505600.0
2011-02-23,19.15,19.15,19.0,19.0,19.028776978417262,2780.0,5.0,52900.0,2780.0,100.0,0.15,-0.15,1298419200.0
2011-02-22,19.25,20.5,19.0,19.7,19.653675124247968,3823.0,16.0,75136.0,3324.0,86.95,1.5,0.45,1298332800.0
2011-02-21,19.1,19.9,19.0,19.0,19.01790633608816,1452.0,5.0,27614.0,1451.0,99.93,0.9,-0.1,1298246400.0
2011-02-18,19.0,20.2,19.0,20.2,19.00036959467784,8117.0,4.0,154226.0,8115.0,99.98,1.2,1.2,1297987200.0
2011-02-17,21.5,21.5,20.0,20.25,20.199585062240665,2410.0,10.0,48681.0,2409.0,99.96,1.5,-1.25,1297900800.0
2011-02-16,20.4,20.95,19.5,20.05,20.044477028348,2046.0,9.0,41011.0,1545.0,75.51,1.45,-0.35,1297814400.0
2011-02-15,19.0,20.4,19.0,20.4,20.036988110964327,757.0,9.0,15168.0,557.0,73.58,1.4,1.4,1297728000.0
2011-02-14,19.75,19.75,17.6,19.0,19.4374278013092,7791.0,9.0,151437.0,7790.0,99.99,2.15,-0.75,1297641600.0
2011-02-11,17.0,18.7,16.75,18.7,17.760975609756095,205.0,4.0,3641.0,105.0,51.22,1.95,1.7,1297382400.0
2011-02-10,17.05,18.4,17.0,17.1,17.068917018284107,711.0,10.0,12136.0,706.0,99.3,1.4,0.05,1297296000.0
2011-02-09,18.05,19.0,17.25,19.0,17.658461538461538,325.0,6.0,5739.0,245.0,75.38,1.75,0.95,1297209600.0
2011-02-08,20.0,20.0,18.5,18.85,19.24514485832537,3141.0,23.0,60449.0,2938.0,93.54,1.5,-1.15,1297123200.0
2011-02-07,20.9,20.9,20.9,20.9,20.9,10.0,2.0,209.0,5.0,50.0,0.0,0.0,1297036800.0
2011-02-04,20.3,21.7,19.65,19.8,20.37512454334108,6022.0,33.0,122699.0,3275.0,54.38,2.05,-0.5,1296777600.0
2011-02-03,20.0,20.45,20.0,20.2,20.15714285714285,70.0,4.0,1411.0,60.0,85.71,0.45,0.2,1296691200.0
2011-02-02,19.0,21.0,19.0,20.0,19.99548736462093,4432.0,33.0,88620.0,2988.0,67.42,2.0,1.0,1296604800.0
2011-02-01,20.05,20.7,19.15,19.65,19.754285714285714,2800.0,12.0,55312.0,2800.0,100.0,1.55,-0.4,1296518400.0
2011-01-31,20.0,20.95,19.55,20.85,19.71489665003564,2806.0,11.0,55320.0,2405.0,85.71,1.4,0.85,1296432000.0
2011-01-28,20.0,21.0,19.3,20.5,20.120622568093385,771.0,7.0,15513.0,429.0,55.64,1.7,0.5,1296172800.0
2011-01-27,20.9,20.95,20.9,20.9,20.9,10.0,2.0,209.0,5.0,50.0,0.05,0.0,1296086400.0
2011-01-25,21.3,21.3,20.05,20.6,20.16606929510156,837.0,8.0,16879.0,830.0,99.16,1.25,-0.7,1295913600.0
2011-01-24,20.0,21.3,20.0,21.3,20.118181818181817,110.0,2.0,2213.0,110.0,100.0,1.3,1.3,1295827200.0
2011-01-21,20.4,21.8,20.4,21.1,20.90355864392504,4749.0,54.0,99271.0,3978.0,83.77,1.4,0.7,1295568000.0
2011-01-20,19.05,20.0,19.0,19.05,19.047619047619047,105.0,3.0,2000.0,105.0,100.0,1.0,0.0,1295481600.0
2011-01-19,19.25,19.5,19.25,19.35,19.4,395.0,4.0,7663.0,395.0,100.0,0.25,0.1,1295395200.0
2011-01-18,20.8,20.8,19.3,19.55,20.38950480413895,1353.0,8.0,27587.0,1350.0,99.78,1.5,-1.25,1295308800.0
2011-01-17,21.8,21.8,20.05,20.35,20.130541871921185,406.0,5.0,8173.0,406.0,100.0,1.75,-1.45,1295222400.0
2011-01-14,19.25,23.1,19.25,20.85,21.471875,2240.0,28.0,48097.0,1737.0,77.54,3.85,1.6,1294963200.0
2011-01-13,19.3,19.3,19.3,19.3,19.3,60.0,2.0,1158.0,60.0,100.0,0.0,0.0,1294876800.0
2011-01-12,20.75,20.75,20.75,20.75,20.6,5.0,1.0,103.0,5.0,100.0,0.0,0.0,1294790400.0
2011-01-11,20.0,21.25,19.75,19.9,19.93758865248227,705.0,4.0,14056.0,705.0,100.0,1.5,-0.1,1294704000.0
2011-01-07,20.25,20.5,20.05,20.35,20.455778468493925,3539.0,16.0,72393.0,3081.0,87.06,0.45,0.1,1294358400.0
2011-01-06,20.5,21.1,20.05,21.05,20.66,850.0,13.0,17561.0,650.0,76.47,1.05,0.55,1294272000.0
2011-01-05,20.1,20.1,19.9,20.0,20.014915254237287,1475.0,8.0,29522.0,1225.0,83.05,0.2,-0.1,1294185600.0
2011-01-04,20.25,20.9,20.2,20.9,20.41120757695344,1267.0,10.0,25861.0,1267.0,100.0,0.7,0.65,1294099200.0
2011-01-03,20.6,21.0,20.4,21.0,20.78654292343388,431.0,13.0,8959.0,431.0,100.0,0.6,0.4,1294012800.0
2010-12-31,19.7,20.55,19.65,20.5,20.05359355638166,3228.0,43.0,64733.0,2893.0,89.62,0.9,0.8,1293753600.0
2010-12-30,20.05,20.05,19.75,19.85,19.964615384615385,650.0,9.0,12977.0,650.0,100.0,0.3,-0.2,1293667200.0
2010-12-29,20.5,20.5,20.5,20.5,20.5,5100.0,5.0,104550.0,5100.0,100.0,0.0,0.0,1293580800.0
2010-12-28,20.05,20.45,19.2,20.45,19.952529618956127,12492.0,15.0,249247.0,2462.0,19.71,1.25,0.4,1293494400.0
2010-12-27,20.0,20.1,20.0,20.0,20.00757575757576,132.0,3.0,2641.0,132.0,100.0,0.1,0.0,1293408000.0
2010-12-24,19.5,20.3,19.5,20.25,20.210347752332485,2358.0,13.0,47656.0,2356.0,99.92,0.8,0.75,1293148800.0
2010-12-23,20.9,20.9,19.4,19.4,20.15,320.0,5.0,6448.0,150.0,46.88,1.5,-1.5,1293062400.0
2010-12-22,18.2,20.4,18.2,20.0,19.64308176100629,1272.0,21.0,24986.0,1272.0,100.0,2.2,1.8,1292976000.0
2010-12-21,19.3,19.95,19.25,19.95,19.84754672897196,1712.0,6.0,33979.0,1697.0,99.12,0.7,0.65,1292889600.0
2010-12-20,19.0,20.35,19.0,19.65,19.58058014196828,11411.0,44.0,223434.0,6377.0,55.88,1.35,0.65,1292803200.0
2010-12-15,18.15,18.7,18.15,18.7,18.171428571428567,105.0,4.0,1908.0,105.0,100.0,0.55,0.55,1292371200.0
2010-12-14,17.05,18.75,17.0,18.75,17.803400637619553,941.0,11.0,16753.0,926.0,98.41,1.75,1.7,1292284800.0
2010-12-13,17.3,18.8,17.3,17.3,17.666666666666664,3.0,3.0,53.0,1.0,33.33,1.5,0.0,1292198400.0
2010-12-10,18.25,18.25,16.7,18.15,17.89852481001341,2237.0,16.0,40039.0,2162.0,96.65,1.55,-0.1,1291939200.0
2010-12-09,17.9,17.9,17.7,17.8,17.879253112033197,2410.0,11.0,43089.0,2400.0,99.59,0.2,-0.1,1291852800.0
2010-12-08,20.0,20.0,18.0,18.35,18.2,2970.0,18.0,54054.0,2639.0,88.86,2.0,-1.65,1291766400.0
2010-12-07,19.25,19.9,18.2,19.0,18.98543445504772,3982.0,23.0,75600.0,3832.0,96.23,1.7,-0.25,1291680000.0
2010-12-06,22.0,22.0,19.2,20.2,20.5,432.0,12.0,8856.0,371.0,85.88,2.8,-1.8,1291593600.0
2010-12-03,22.35,22.35,19.6,21.0,20.98717948717949,1950.0,8.0,40925.0,550.0,28.21,2.75,-1.35,1291334400.0
2010-12-02,20.25,21.4,20.25,21.4,20.6,15.0,2.0,309.0,10.0,66.67,1.15,1.15,1291248000.0
2010-12-01,20.5,21.0,19.35,21.0,19.84705882352941,595.0,10.0,11809.0,545.0,91.6,1.65,0.5,1291161600.0
2010-11-29,19.25,21.0,19.15,19.25,19.43319097010372,1639.0,15.0,31851.0,1237.0,75.47,1.85,0.0,1290988800.0
2010-11-26,21.0,21.5,20.5,20.5,20.55065666041276,4264.0,41.0,87628.0,3794.0,88.98,1.0,-0.5,1290729600.0
2010-11-25,23.0,23.0,20.6,22.75,21.64098532494759,1908.0,21.0,41291.0,872.0,45.7,2.4,-0.25,1290643200.0
2010-11-24,21.25,22.45,20.15,22.35,21.76198645598194,11075.0,33.0,241014.0,870.0,7.86,2.3,1.1,1290556800.0
2010-11-23,22.2,22.2,20.4,21.5,21.222078927005416,7754.0,40.0,164556.0,7732.0,99.72,1.8,-0.7,1290470400.0
2010-11-22,22.65,23.0,22.6,22.65,22.678122380553223,1193.0,10.0,27055.0,1175.0,98.49,0.4,0.0,1290384000.0
2010-11-19,23.35,24.3,23.1,23.45,23.66576209859792,2211.0,37.0,52325.0,1776.0,80.33,1.2,0.1,1290124800.0
2010-11-18,23.25,24.95,23.05,24.95,23.051896207584832,1002.0,4.0,23098.0,1001.0,99.9,1.9,1.7,1290038400.0
2010-11-16,25.75,25.75,24.25,24.3,24.822974472807992,1802.0,14.0,44731.0,1700.0,94.34,1.5,-1.45,1289865600.0
2010-11-15,25.45,25.45,24.25,25.0,24.76546091015169,857.0,13.0,21224.0,781.0,91.13,1.2,-0.45,1289779200.0
2010-11-12,26.0,26.0,24.8,24.8,25.20104287369641,1726.0,12.0,43497.0,1725.0,99.94,1.2,-1.2,1289520000.0
2010-11-11,26.9,26.9,25.75,26.0,26.4025326966992,4817.0,26.0,127181.0,3817.0,79.24,1.15,-0.9,1289433600.0
2010-11-10,25.5,26.85,24.0,26.45,25.14607922392886,12370.0,63.0,311057.0,5792.0,46.82,2.85,0.95,1289347200.0
2010-11-09,25.0,25.0,24.05,24.65,24.477575160177427,2029.0,19.0,49665.0,1926.0,94.92,0.95,-0.35,1289260800.0
2010-11-08,24.5,25.55,24.0,24.65,24.47192264782447,2689.0,21.0,65805.0,2263.0,84.16,1.55,0.15,1289174400.0
2010-11-05,26.25,26.25,24.0,25.55,25.559824368825463,911.0,9.0,23285.0,861.0,94.51,2.25,-0.7,1288915200.0
2010-11-04,25.05,25.95,24.55,24.7,24.92972420837589,4895.0,39.0,122031.0,4645.0,94.89,1.4,-0.35,1288828800.0
2010-11-03,26.55,26.55,25.7,25.7,26.0396112231799,5453.0,35.0,141994.0,5000.0,91.69,0.85,-0.85,1288742400.0
2010-11-02,27.75,27.8,26.7,26.7,27.609190643759057,9662.0,38.0,266760.0,8062.0,83.44,1.1,-1.05,1288656000.0
2010-11-01,27.85,27.9,25.6,26.5,27.07689463955637,2705.0,20.0,73243.0,1800.0,66.54,2.3,-1.35,1288569600.0
2010-10-29,27.75,27.75,26.3,26.6,26.720523138833,4970.0,35.0,132801.0,4220.0,84.91,1.45,-1.15,1288310400.0
2010-10-28,28.35,28.4,27.6,27.65,28.06127886323268,2252.0,22.0,63194.0,2170.0,96.36,0.8,-0.7,1288224000.0
2010-10-27,28.95,28.95,27.75,28.1,28.782443003276057,44871.0,158.0,1291497.0,39201.0,87.36,1.2,-0.85,1288137600.0
2010-10-26,26.0,27.6,26.0,27.6,27.424165792882253,16213.0,49.0,444628.0,16099.0,99.3,1.6,1.6,1288051200.0
2010-10-25,25.9,26.45,24.8,26.3,25.71032186459489,3604.0,27.0,92660.0,3473.0,96.37,1.65,0.4,1287964800.0
2010-10-22,26.5,26.5,25.0,25.2,25.299123259412067,1939.0,19.0,49055.0,1639.0,84.53,1.5,-1.3,1287705600.0
2010-10-21,26.0,26.0,25.25,25.3,25.771875,1600.0,18.0,41235.0,1250.0,78.12,0.75,-0.7,1287619200.0
2010-10-20,27.25,27.25,25.75,25.85,25.936494351249568,5842.0,58.0,151521.0,4621.0,79.1,1.5,-1.4,1287532800.0
2010-10-19,25.7,27.0,25.65,26.45,26.28055342044581,5204.0,32.0,136764.0,4171.0,80.15,1.35,0.75,1287446400.0
2010-10-18,25.15,27.1,24.95,26.45,26.71359634270233,11812.0,56.0,315541.0,11224.0,95.02,2.15,1.3,1287360000.0
2010-10-15,27.3,27.3,25.55,25.9,26.168226950354608,7050.0,26.0,184486.0,6650.0,94.33,1.75,-1.4,1287100800.0
2010-10-14,26.9,27.0,26.2,26.2,26.766468758835167,10611.0,41.0,284019.0,10291.0,96.98,0.8,-0.7,1287014400.0
2010-10-13,26.3,27.2,26.25,26.5,26.83127392017496,9145.0,53.0,245372.0,7478.0,81.77,0.95,0.2,1286928000.0
2010-10-12,26.75,27.2,26.05,26.4,26.63834037210364,17522.0,82.0,466757.0,12496.0,71.32,1.15,-0.35,1286841600.0
2010-10-11,25.0,26.15,24.3,26.15,25.914253974866348,43209.0,88.0,1119729.0,39871.0,92.27,1.85,1.15,1286755200.0
2010-10-08,26.8,26.8,24.95,24.95,25.296932712381565,12454.0,55.0,315048.0,10866.0,87.25,1.85,-1.85,1286496000.0
2010-10-07,27.55,27.6,25.7,26.25,27.1868243869294,97134.0,425.0,2640765.0,55653.0,57.3,1.9,-1.3,1286409600.0
2010-10-06,24.9,25.1,23.5,25.1,24.56226187539401,36483.0,74.0,896105.0,32652.0,89.5,1.6,0.2,1286323200.0
2010-10-05,21.85,23.0,21.3,22.85,22.07436607713616,4693.0,43.0,103595.0,4541.0,96.76,1.7,1.0,1286236800.0
2010-10-04,21.0,21.4,20.2,21.05,21.098204174081864,6181.0,34.0,130408.0,4933.0,79.81,1.2,0.05,1286150400.0
2010-10-01,20.0,20.05,19.7,20.0,19.832793259883346,1543.0,34.0,30602.0,1300.0,84.25,0.35,0.0,1285891200.0
2010-09-30,20.4,21.15,19.35,20.0,19.86118090452261,1592.0,18.0,31619.0,1025.0,64.38,1.8,-0.4,1285804800.0
2010-09-29,21.85,21.85,20.15,20.65,20.47164179104477,1005.0,9.0,20574.0,1005.0,100.0,1.7,-1.2,1285718400.0
2010-09-28,20.95,21.5,20.65,21.0,21.066321499013807,4056.0,29.0,85445.0,2843.0,70.09,0.85,0.05,1285632000.0
2010-09-27,19.7,22.25,19.7,21.35,21.450265589754785,13743.0,60.0,294791.0,12596.0,91.65,2.55,1.65,1285545600.0
2010-09-24,20.5,21.4,20.5,20.8,20.964633068081344,1131.0,13.0,23711.0,1101.0,97.35,0.9,0.3,1285286400.0
2010-09-23,21.35,21.35,20.5,20.55,20.54878048780488,2378.0,10.0,48865.0,2363.0,99.37,0.85,-0.8,1285200000.0
2010-09-22,21.2,21.2,20.2,20.4,20.432421875,2560.0,15.0,52307.0,2525.0,98.63,1.0,-0.8,1285113600.0
2010-09-21,20.8,21.65,20.25,20.35,20.55301866081229,4555.0,20.0,93619.0,4010.0,88.04,1.4,-0.45,1285027200.0
2010-09-20,19.75,21.15,19.7,20.9,20.58201620401116,7529.0,17.0,154962.0,7414.0,98.47,1.45,1.15,1284940800.0
2010-09-17,20.0,20.5,19.7,20.25,20.197404297088013,9169.0,28.0,185190.0,8864.0,96.67,0.8,0.25,1284681600.0
2010-09-16,20.5,20.75,19.85,19.95,20.26580587711487,2246.0,21.0,45517.0,2053.0,91.41,0.9,-0.55,1284595200.0
2010-09-15,21.25,21.25,20.15,20.15,20.826376554174068,2252.0,20.0,46901.0,1952.0,86.68,1.1,-1.1,1284508800.0
2010-09-14,21.5,22.1,20.75,21.0,21.18101054969461,1801.0,21.0,38147.0,1650.0,91.62,1.35,-0.5,1284422400.0
2010-09-13,22.45,23.0,21.8,22.4,22.18705931148901,2411.0,33.0,53493.0,2225.0,92.29,1.2,-0.05,1284336000.0
2010-09-09,22.25,22.85,20.6,21.75,22.577497924162746,21678.0,30.0,489435.0,21118.0,97.42,2.25,-0.5,1283990400.0
2010-09-08,22.0,22.8,21.8,22.45,22.017107017124108,58514.0,33.0,1288309.0,57537.0,98.33,1.0,0.45,1283904000.0
2010-09-07,22.5,23.9,21.1,22.25,22.61772800607384,10537.0,41.0,238323.0,9852.0,93.5,2.8,-0.25,1283817600.0
2010-09-06,21.65,21.75,20.9,21.75,21.69174265450861,3948.0,26.0,85639.0,3546.0,89.82,0.85,0.1,1283731200.0
2010-09-03,20.8,21.0,20.5,20.75,20.89423355549116,3451.0,23.0,72106.0,3401.0,98.55,0.5,-0.05,1283472000.0
2010-09-02,21.0,21.0,20.9,21.0,20.938888888888886,1800.0,6.0,37690.0,1800.0,100.0,0.1,0.0,1283385600.0
2010-09-01,21.05,21.75,21.05,21.25,21.390580795473458,6009.0,19.0,128536.0,5639.0,93.84,0.7,0.2,1283299200.0
2010-08-31,21.5,22.25,21.0,21.0,21.467375886524824,1410.0,12.0,30269.0,1350.0,95.74,1.25,-0.5,1283212800.0
2010-08-30,22.4,22.45,21.45,21.8,22.16478121664888,4685.0,27.0,103842.0,4120.0,87.94,1.0,-0.6,1283126400.0
2010-08-27,22.0,22.75,21.35,21.4,21.788623595505616,5696.0,46.0,124108.0,5256.0,92.28,1.4,-0.6,1282867200.0
2010-08-26,23.4,23.4,22.35,22.4,22.68522405768002,10957.0,44.0,248562.0,8571.0,78.22,1.05,-1.0,1282780800.0
2010-08-25,24.0,25.0,22.85,23.4,23.42961469926679,34233.0,148.0,802066.0,22953.0,67.05,2.15,-0.6,1282694400.0
2010-08-24,24.0,24.0,23.1,24.0,23.965073300386223,48158.0,143.0,1154110.0,36922.0,76.67,0.9,0.0,1282608000.0
2010-08-23,22.85,22.9,22.3,22.9,22.88061646012075,31470.0,28.0,720053.0,30970.0,98.41,0.6,0.05,1282521600.0
2010-08-20,21.85,21.85,21.1,21.85,21.821638325171225,55337.0,97.0,1207544.0,35384.0,63.94,0.75,0.0,1282262400.0
2010-08-19,19.45,21.25,19.25,20.85,19.770104325146708,18404.0,62.0,363849.0,14251.0,77.43,2.0,1.4,1282176000.0
2010-08-18,20.75,20.75,19.8,20.25,20.55470407115977,14615.0,55.0,300407.0,12915.0,88.37,0.95,-0.5,1282089600.0
2010-08-17,19.8,19.8,19.4,19.8,19.793886013693783,31109.0,32.0,615768.0,25907.0,83.28,0.4,0.0,1282003200.0
2010-08-16,19.0,19.45,17.7,18.9,18.577834242582767,13381.0,49.0,248590.0,9880.0,73.84,1.75,-0.1,1281916800.0
2010-08-13,17.85,18.55,17.85,18.55,18.4382383517626,21162.0,52.0,390190.0,12948.0,61.19,0.7,0.7,1281657600.0
2010-08-12,17.3,17.7,17.1,17.7,17.199722607489598,721.0,8.0,12401.0,700.0,97.09,0.6,0.4,1281571200.0
2010-08-11,17.15,17.75,17.15,17.75,17.2,255.0,4.0,4386.0,255.0,100.0,0.6,0.6,1281484800.0
2010-08-10,17.3,17.3,17.3,17.3,17.3,200.0,2.0,3460.0,200.0,100.0,0.0,0.0,1281398400.0
2010-08-09,17.25,17.9,17.2,17.55,17.545396825396825,3150.0,11.0,55268.0,2000.0,63.49,0.7,0.3,1281312000.0
2010-08-06,17.8,17.95,17.2,17.2,17.626927639383155,5058.0,23.0,89157.0,3313.0,65.5,0.75,-0.6,1281052800.0
2010-08-05,17.95,18.0,17.65,17.95,17.901124727211684,5957.0,16.0,106637.0,4500.0,75.54,0.35,0.0,1280966400.0
2010-08-04,17.85,17.85,17.35,17.7,17.52,2000.0,9.0,35040.0,1800.0,90.0,0.5,-0.15,1280880000.0
2010-08-03,17.65,17.7,17.5,17.55,17.675641025641024,780.0,4.0,13787.0,780.0,100.0,0.2,-0.1,1280793600.0
2010-08-02,18.3,18.3,17.5,18.0,17.869370490171683,4019.0,31.0,71817.0,3849.0,95.77,0.8,-0.3,1280707200.0
2010-07-30,17.3,17.85,17.3,17.8,17.752942844986524,7051.0,54.0,125176.0,6529.0,92.6,0.55,0.5,1280448000.0
2010-07-28,16.75,17.0,16.75,17.0,16.749262536873157,339.0,2.0,5678.0,339.0,100.0,0.25,0.25,1280275200.0
2010-07-27,17.65,17.7,16.7,16.7,16.833333333333332,750.0,5.0,12625.0,700.0,93.33,1.0,-0.95,1280188800.0
2010-07-26,16.3,16.9,16.3,16.9,16.85185185185185,27.0,3.0,455.0,25.0,92.59,0.6,0.6,1280102400.0
2010-07-23,17.4,17.45,16.7,17.0,16.945945945945944,185.0,7.0,3135.0,150.0,81.08,0.75,-0.4,1279843200.0
2010-07-22,16.55,17.2,16.55,16.8,16.954347826086956,2300.0,9.0,38995.0,1600.0,69.57,0.65,0.25,1279756800.0
2010-07-21,16.6,17.05,16.6,17.0,16.971890372452563,1423.0,8.0,24151.0,1423.0,100.0,0.45,0.4,1279670400.0
2010-07-20,16.55,17.0,16.5,16.55,16.73894736842105,475.0,6.0,7951.0,475.0,100.0,0.5,0.0,1279584000.0
2010-07-19,16.4,16.45,16.4,16.45,16.445969125214408,583.0,4.0,9588.0,583.0,100.0,0.05,0.05,1279497600.0
2010-07-16,17.05,17.05,16.5,16.9,16.9025,800.0,5.0,13522.0,800.0,100.0,0.55,-0.15,1279238400.0
2010-07-15,17.2,17.2,17.0,17.0,17.002876869965476,3476.0,9.0,59102.0,3476.0,100.0,0.2,-0.2,1279152000.0
2010-07-14,17.0,17.45,17.0,17.0,17.02158273381295,3336.0,17.0,56784.0,3236.0,97.0,0.45,0.0,1279065600.0
2010-07-13,16.3,17.1,16.3,17.1,16.873043052837573,4088.0,25.0,68977.0,4070.0,99.56,0.8,0.8,1278979200.0
2010-07-12,16.35,16.5,16.25,16.3,16.341905318527175,1711.0,14.0,27961.0,1711.0,100.0,0.25,-0.05,1278892800.0
2010-07-09,16.25,16.35,16.2,16.35,16.309523809523807,630.0,4.0,10275.0,630.0,100.0,0.15,0.1,1278633600.0
2010-07-08,16.55,16.55,16.45,16.45,16.49537648612946,757.0,3.0,12487.0,757.0,100.0,0.1,-0.1,1278547200.0
2010-07-07,16.5,16.8,16.5,16.75,16.558060879368657,2661.0,11.0,44061.0,2261.0,84.97,0.3,0.25,1278460800.0
2010-07-06,16.7,16.7,16.7,16.7,16.7,500.0,1.0,8350.0,500.0,100.0,0.0,0.0,1278374400.0
2010-07-05,17.4,17.4,16.7,16.7,17.05,1000.0,4.0,17050.0,1000.0,100.0,0.7,-0.7,1278288000.0
2010-07-02,17.45,17.45,16.95,17.0,17.08299039780521,2916.0,11.0,49814.0,2916.0,100.0,0.5,-0.45,1278028800.0
2010-07-01,16.2,17.45,16.2,17.4,16.830966869506423,1479.0,19.0,24893.0,1375.0,92.97,1.25,1.2,1277942400.0
2010-06-30,16.2,16.3,16.15,16.2,16.206469002695417,1855.0,9.0,30063.0,1855.0,100.0,0.15,0.0,1277856000.0
2010-06-29,16.5,16.5,16.3,16.35,16.396923076923077,325.0,7.0,5329.0,325.0,100.0,0.2,-0.15,1277769600.0
2010-06-28,16.2,16.8,16.05,16.25,16.216528925619834,3025.0,20.0,49055.0,3015.0,99.67,0.75,0.05,1277683200.0
2010-06-25,16.45,16.45,16.15,16.3,16.346534653465348,202.0,5.0,3302.0,200.0,99.01,0.3,-0.15,1277424000.0
2010-06-24,16.5,16.8,16.5,16.8,16.494505494505493,91.0,2.0,1501.0,90.0,98.9,0.3,0.3,1277337600.0
2010-06-23,16.2,16.2,16.2,16.2,16.2,200.0,1.0,3240.0,200.0,100.0,0.0,0.0,1277251200.0
2010-06-22,16.15,16.15,16.15,16.15,16.15,100.0,1.0,1615.0,100.0,100.0,0.0,0.0,1277164800.0
2010-06-21,16.25,16.25,16.05,16.1,16.1,1500.0,4.0,24150.0,1500.0,100.0,0.2,-0.15,1277078400.0
2010-06-18,16.15,16.25,16.15,16.25,16.18343195266272,338.0,3.0,5470.0,338.0,100.0,0.1,0.1,1276819200.0
2010-06-17,16.95,16.95,16.3,16.5,16.433149171270717,1810.0,6.0,29744.0,1000.0,55.25,0.65,-0.45,1276732800.0
2010-06-16,16.5,16.5,16.15,16.2,16.195,2800.0,16.0,45346.0,2600.0,92.86,0.35,-0.3,1276646400.0
2010-06-15,16.15,16.5,16.1,16.5,16.296625222024865,1126.0,7.0,18350.0,772.0,68.56,0.4,0.35,1276560000.0
2010-06-14,16.5,16.95,16.5,16.95,16.50688976377953,1016.0,3.0,16771.0,1008.0,99.21,0.45,0.45,1276473600.0
2010-06-11,17.15,17.15,16.3,16.3,16.685714285714283,700.0,4.0,11680.0,400.0,57.14,0.85,-0.85,1276214400.0
2010-06-10,16.3,16.3,16.0,16.0,16.17090909090909,1375.0,4.0,22235.0,1375.0,100.0,0.3,-0.3,1276128000.0
2010-06-09,17.0,17.0,16.45,16.45,16.76068376068376,351.0,3.0,5883.0,251.0,71.51,0.55,-0.55,1276041600.0
2010-06-08,16.8,16.8,16.15,16.8,16.788392857142856,5600.0,7.0,94015.0,5600.0,100.0,0.65,0.0,1275955200.0
2010-06-07,16.05,16.9,16.05,16.9,16.0,2.0,2.0,32.0,1.0,50.0,0.85,0.85,1275868800.0
2010-06-04,16.95,16.95,16.5,16.5,16.5,2.0,2.0,33.0,1.0,50.0,0.45,-0.45,1275609600.0
2010-06-03,16.0,16.85,16.0,16.85,16.34193548387097,1860.0,9.0,30396.0,1860.0,100.0,0.85,0.85,1275523200.0
2010-06-02,16.55,16.55,16.15,16.15,16.16842105263158,190.0,3.0,3072.0,190.0,100.0,0.4,-0.4,1275436800.0
2010-06-01,16.1,16.1,16.1,16.1,16.1,90.0,1.0,1449.0,90.0,100.0,0.0,0.0,1275350400.0
2010-05-31,16.1,16.1,15.7,15.95,15.908163265306122,1470.0,13.0,23385.0,1200.0,81.63,0.4,-0.15,1275264000.0
2010-05-28,16.1,17.0,16.1,17.0,16.12121212121212,33.0,2.0,532.0,32.0,96.97,0.9,0.9,1275004800.0
2010-05-27,15.8,16.5,15.8,16.5,15.863636363636363,110.0,2.0,1745.0,110.0,100.0,0.7,0.7,1274918400.0
2010-05-24,16.5,16.5,16.5,16.5,16.5,800.0,4.0,13200.0,800.0,100.0,0.0,0.0,1274659200.0
2010-05-21,16.05,16.05,16.05,16.05,16.04888888888889,675.0,3.0,10833.0,675.0,100.0,0.0,0.0,1274400000.0
2010-05-20,17.0,17.0,16.25,16.9,16.533083645443195,801.0,7.0,13243.0,800.0,99.88,0.75,-0.1,1274313600.0
2010-05-19,17.05,17.4,17.0,17.4,17.00499900019996,5001.0,10.0,85042.0,5000.0,99.98,0.4,0.35,1274227200.0
2010-05-18,17.0,17.0,16.75,16.9,16.94086956521739,1725.0,5.0,29223.0,1700.0,98.55,0.25,-0.1,1274140800.0
2010-05-17,16.95,16.95,16.6,16.7,16.88235294117647,255.0,7.0,4305.0,254.0,99.61,0.35,-0.25,1274054400.0
2010-05-14,16.9,17.45,16.8,17.45,16.9,650.0,5.0,10985.0,550.0,84.62,0.65,0.55,1273795200.0
2010-05-13,17.2,17.55,17.2,17.55,17.226923076923075,1300.0,5.0,22395.0,1200.0,92.31,0.35,0.35,1273708800.0
2010-05-12,17.15,17.15,17.15,17.15,17.146666666666665,150.0,1.0,2572.0,150.0,100.0,0.0,0.0,1273622400.0
2010-05-11,17.8,18.0,17.6,17.6,17.7826899128269,1606.0,12.0,28559.0,1606.0,100.0,0.4,-0.2,1273536000.0
2010-05-10,17.5,17.5,17.5,17.5,17.5,100.0,1.0,1750.0,100.0,100.0,0.0,0.0,1273449600.0
2010-05-07,16.7,17.5,16.7,17.0,16.84894259818731,1986.0,10.0,33462.0,1984.0,99.9,0.8,0.3,1273190400.0
2010-05-06,17.5,17.5,17.25,17.25,17.321428571428573,700.0,4.0,12125.0,700.0,100.0,0.25,-0.25,1273104000.0
2010-05-05,17.0,18.0,17.0,18.0,17.847018572825025,4092.0,22.0,73030.0,4092.0,100.0,1.0,1.0,1273017600.0
2010-05-04,17.2,17.85,17.15,17.85,17.162297128589262,801.0,6.0,13747.0,801.0,100.0,0.7,0.65,1272931200.0
2010-05-03,17.8,18.0,17.4,17.4,17.78721804511278,1330.0,7.0,23657.0,1280.0,96.24,0.6,-0.4,1272844800.0
2010-04-30,17.75,17.8,17.35,17.5,17.53438352014541,3301.0,11.0,57881.0,3250.0,98.46,0.45,-0.25,1272585600.0
2010-04-29,18.3,18.45,17.9,17.95,18.109991235758105,2282.0,16.0,41327.0,1654.0,72.48,0.55,-0.35,1272499200.0
2010-04-28,17.75,18.1,17.55,18.05,17.934634670487107,11168.0,45.0,200294.0,10050.0,89.99,0.55,0.3,1272412800.0
2010-04-26,17.1,17.5,17.1,17.5,17.4,500.0,4.0,8700.0,500.0,100.0,0.4,0.4,1272240000.0
2010-04-23,17.3,17.5,17.3,17.35,17.330694810905893,2274.0,10.0,39410.0,2274.0,100.0,0.2,0.05,1271980800.0
2010-04-22,17.95,17.95,17.4,17.5,17.508888888888887,450.0,6.0,7879.0,400.0,88.89,0.55,-0.45,1271894400.0
2010-04-21,17.8,18.1,17.65,17.7,17.88790322580645,2480.0,17.0,44362.0,2080.0,83.87,0.45,-0.1,1271808000.0
2010-04-20,17.1,17.5,17.1,17.5,17.442857142857143,700.0,7.0,12210.0,700.0,100.0,0.4,0.4,1271721600.0
2010-04-19,17.7,17.8,17.05,17.7,17.28423772609819,387.0,17.0,6689.0,221.0,57.11,0.75,0.0,1271635200.0
2010-04-16,17.7,17.7,17.7,17.7,17.7,200.0,1.0,3540.0,200.0,100.0,0.0,0.0,1271376000.0
2010-04-15,17.1,18.0,17.1,17.65,17.706101674853524,16897.0,64.0,299180.0,12722.0,75.29,0.9,0.55,1271289600.0
2010-04-13,17.75,17.9,17.4,17.4,17.773998902907294,9115.0,24.0,162010.0,8470.0,92.92,0.5,-0.35,1271116800.0
2010-04-12,17.1,17.1,17.1,17.1,17.074074074074073,27.0,1.0,461.0,27.0,100.0,0.0,0.0,1271030400.0
2010-04-09,17.1,17.6,17.1,17.5,17.306600863664404,1621.0,14.0,28054.0,1621.0,100.0,0.5,0.4,1270771200.0
2010-04-08,17.55,17.55,17.1,17.3,17.284090909090907,440.0,12.0,7605.0,430.0,97.73,0.45,-0.25,1270684800.0
2010-04-07,17.45,17.45,17.15,17.15,17.270928462709286,657.0,8.0,11347.0,657.0,100.0,0.3,-0.3,1270598400.0
2010-04-06,17.0,17.6,17.0,17.3,17.383208914854485,9243.0,41.0,160673.0,7137.0,77.22,0.6,0.3,1270512000.0
2010-04-05,17.6,17.6,16.95,17.2,17.21318181818182,4400.0,19.0,75738.0,2650.0,60.23,0.65,-0.4,1270425600.0
2010-04-01,16.5,17.45,16.5,17.0,16.86784638554217,2656.0,23.0,44801.0,2616.0,98.49,0.95,0.5,1270080000.0
2010-03-30,15.7,15.7,15.7,15.7,15.7,250.0,1.0,3925.0,250.0,100.0,0.0,0.0,1269907200.0
2010-03-29,15.8,16.7,15.75,15.8,16.163013698630134,5840.0,13.0,94392.0,595.0,10.19,0.95,0.0,1269820800.0
2010-03-26,15.85,16.0,15.8,16.0,15.856756756756756,370.0,10.0,5867.0,370.0,100.0,0.2,0.15,1269561600.0
2010-03-25,16.8,16.8,16.15,16.15,16.34782608695652,161.0,4.0,2632.0,161.0,100.0,0.65,-0.65,1269475200.0
2010-03-23,16.4,16.4,16.35,16.35,16.34,50.0,2.0,817.0,50.0,100.0,0.05,-0.05,1269302400.0
2010-03-22,16.45,16.45,16.4,16.4,16.41,200.0,3.0,3282.0,200.0,100.0,0.05,-0.05,1269216000.0
2010-03-19,17.7,17.7,16.15,16.15,16.406153846153845,325.0,5.0,5332.0,325.0,100.0,1.55,-1.55,1268956800.0
2010-03-17,16.85,16.85,16.85,16.85,16.849918433931485,613.0,3.0,10329.0,613.0,100.0,0.0,0.0,1268784000.0
2010-03-16,16.75,16.9,16.75,16.8,16.82,500.0,8.0,8410.0,400.0,80.0,0.15,0.05,1268697600.0
2010-03-12,16.7,17.0,16.6,17.0,16.827304964539007,2820.0,9.0,47453.0,1820.0,64.54,0.4,0.3,1268352000.0
2010-03-11,16.65,16.7,16.65,16.7,16.69375,800.0,5.0,13355.0,800.0,100.0,0.05,0.05,1268265600.0
2010-03-05,17.25,17.3,16.95,17.1,17.0604929051531,1339.0,11.0,22844.0,1239.0,92.53,0.35,-0.15,1267747200.0
2010-03-04,16.7,16.75,16.7,16.7,16.70523138832998,994.0,6.0,16605.0,994.0,100.0,0.05,0.0,1267660800.0
2010-03-03,17.0,17.0,16.8,16.85,16.890666666666664,1500.0,7.0,25336.0,1387.0,92.47,0.2,-0.15,1267574400.0
2010-03-02,16.75,17.2,16.75,16.85,16.798484848484847,660.0,5.0,11087.0,655.0,99.24,0.45,0.1,1267488000.0
2010-02-26,16.65,16.65,16.65,16.65,16.647058823529413,204.0,2.0,3396.0,204.0,100.0,0.0,0.0,1267142400.0
2010-02-23,17.2,17.2,16.7,16.7,16.723809523809525,210.0,3.0,3512.0,210.0,100.0,0.5,-0.5,1266883200.0
2010-02-22,16.95,17.0,16.75,16.8,16.809937888198757,805.0,9.0,13532.0,600.0,74.53,0.25,-0.15,1266796800.0
2010-02-19,16.8,17.85,16.75,16.95,17.016852405544984,3679.0,24.0,62605.0,2310.0,62.79,1.1,0.15,1266537600.0
2010-02-18,17.4,17.4,16.35,16.9,16.515974440894567,626.0,14.0,10339.0,454.0,72.52,1.05,-0.5,1266451200.0
2010-02-17,17.0,17.0,16.7,16.7,16.716621253405993,1101.0,6.0,18405.0,1100.0,99.91,0.3,-0.3,1266364800.0
2010-02-16,17.05,17.2,16.95,17.1,17.01749453295845,3201.0,11.0,54473.0,2600.0,81.22,0.25,0.05,1266278400.0
2010-02-15,17.1,17.1,17.05,17.05,17.05,500.0,2.0,8525.0,500.0,100.0,0.05,-0.05,1266192000.0
2010-02-10,17.05,17.85,17.05,17.85,17.465454545454545,550.0,6.0,9606.0,525.0,95.45,0.8,0.8,1265760000.0
2010-02-09,18.4,18.4,17.55,17.65,17.85046273745738,2053.0,25.0,36647.0,1238.0,60.3,0.85,-0.75,1265673600.0
2010-02-08,17.5,17.5,17.5,17.5,17.4994994994995,999.0,1.0,17482.0,999.0,100.0,0.0,0.0,1265587200.0
2010-02-06,16.55,17.65,16.55,17.65,16.831111111111113,675.0,3.0,11361.0,550.0,81.48,1.1,1.1,1265414400.0
2010-02-05,16.8,17.0,16.8,17.0,16.806167400881055,227.0,5.0,3815.0,226.0,99.56,0.2,0.2,1265328000.0
2010-02-04,18.8,18.8,17.05,17.05,17.06142857142857,700.0,7.0,11943.0,700.0,100.0,1.75,-1.75,1265241600.0
2010-02-03,19.5,19.5,17.45,17.45,17.6,765.0,11.0,13464.0,650.0,84.97,2.05,-2.05,1265155200.0
2010-02-02,17.8,18.5,17.1,17.95,17.36734693877551,294.0,22.0,5106.0,223.0,75.85,1.4,0.15,1265068800.0
2010-02-01,17.0,17.45,17.0,17.45,17.0,124.0,3.0,2108.0,124.0,100.0,0.45,0.45,1264982400.0
2010-01-29,16.65,16.65,16.05,16.5,16.49059982094897,3351.0,16.0,55260.0,3351.0,100.0,0.6,-0.15,1264723200.0
2010-01-28,17.0,17.0,16.65,16.65,16.817312290769966,2091.0,10.0,35165.0,1846.0,88.28,0.35,-0.35,1264636800.0
2010-01-27,17.9,17.9,17.05,17.05,17.08558387219475,2629.0,17.0,44918.0,1969.0,74.9,0.85,-0.85,1264550400.0
2010-01-25,17.2,18.15,17.2,17.4,17.347043701799485,389.0,8.0,6748.0,305.0,78.41,0.95,0.2,1264377600.0
2010-01-22,17.5,17.85,16.7,17.4,17.09061833688699,1876.0,25.0,32062.0,971.0,51.76,1.15,-0.1,1264118400.0
2010-01-21,18.5,18.7,17.55,17.8,18.108211330362824,6284.0,34.0,113792.0,6173.0,98.23,1.15,-0.7,1264032000.0
2010-01-20,18.9,18.9,18.0,18.6,18.39849732697587,6921.0,35.0,127336.0,4971.0,71.82,0.9,-0.3,1263945600.0
2010-01-19,18.5,19.15,18.4,18.65,18.685064935064933,1232.0,18.0,23020.0,823.0,66.8,0.75,0.15,1263859200.0
2010-01-18,18.75,19.0,18.0,18.4,18.51766455931573,13445.0,46.0,248970.0,11551.0,85.91,1.0,-0.35,1263772800.0
2010-01-15,18.35,19.5,18.35,18.7,18.886366093631743,9249.0,45.0,174680.0,7599.0,82.16,1.15,0.35,1263513600.0
2010-01-14,19.6,20.2,19.0,19.15,19.61687777594999,6079.0,38.0,119251.0,5180.0,85.21,1.2,-0.45,1263427200.0
2010-01-13,20.8,20.95,19.25,19.85,20.38088150566545,20828.0,143.0,424493.0,11719.0,56.27,1.7,-0.95,1263340800.0
2010-01-12,18.65,21.75,18.65,20.35,21.122097170117176,107955.0,484.0,2280236.0,29924.0,27.72,3.1,1.7,1263254400.0
2010-01-11,18.25,19.3,17.75,18.15,18.475350701402803,4990.0,49.0,92192.0,4216.0,84.49,1.55,-0.1,1263168000.0
2010-01-08,17.7,18.5,17.6,17.85,17.77406768214902,13327.0,43.0,236875.0,11160.0,83.74,0.9,0.15,1262908800.0
2010-01-07,17.5,18.2,17.5,17.85,17.80029112081514,6870.0,27.0,122288.0,6655.0,96.87,0.7,0.35,1262822400.0
2010-01-06,17.2,17.75,17.05,17.45,17.447041272998508,4022.0,17.0,70172.0,3913.0,97.29,0.7,0.25,1262736000.0
2010-01-05,17.4,17.4,17.1,17.1,17.266835443037973,1975.0,12.0,34102.0,1501.0,76.0,0.3,-0.3,1262649600.0
2010-01-04,17.25,17.45,16.65,17.45,16.96003996003996,1001.0,10.0,16977.0,951.0,95.0,0.8,0.2,1262563200.0
2009-12-31,17.35,17.35,16.95,17.25,17.208853187489318,5851.0,26.0,100689.0,4950.0,84.6,0.4,-0.1,1262217600.0
2009-12-30,16.8,17.05,16.7,17.05,16.981669556601435,4037.0,13.0,68555.0,3536.0,87.59,0.35,0.25,1262131200.0
2009-12-29,17.05,17.05,16.8,16.95,16.95016077170418,1866.0,8.0,31629.0,1865.0,99.95,0.25,-0.1,1262044800.0
2009-12-24,17.25,17.25,16.9,17.25,17.02439024390244,410.0,8.0,6980.0,300.0,73.17,0.35,0.0,1261612800.0
2009-12-23,16.7,17.0,16.65,16.9,16.777777777777775,1584.0,15.0,26576.0,1284.0,81.06,0.35,0.2,1261526400.0
2009-12-22,16.75,17.05,16.75,16.9,16.76029654036244,4856.0,14.0,81388.0,4756.0,97.94,0.3,0.15,1261440000.0
2009-12-21,17.0,17.0,16.0,16.85,16.345216606498195,4432.0,30.0,72442.0,3883.0,87.61,1.0,-0.15,1261353600.0
2009-12-18,17.0,17.4,16.5,16.55,16.76033553025764,1669.0,32.0,27973.0,1441.0,86.34,0.9,-0.45,1261094400.0
2009-12-17,17.35,17.9,17.3,17.5,17.46236175526222,2803.0,19.0,48947.0,2800.0,99.89,0.6,0.15,1261008000.0
2009-12-16,16.5,17.4,16.0,16.45,16.586350148367952,1685.0,13.0,27948.0,1501.0,89.08,1.4,-0.05,1260921600.0
2009-12-15,16.9,17.45,16.9,16.95,16.916831683168315,505.0,6.0,8543.0,490.0,97.03,0.55,0.05,1260835200.0
2009-12-14,17.85,17.85,17.0,17.3,17.349465744814584,1591.0,21.0,27603.0,1400.0,87.99,0.85,-0.55,1260748800.0
2009-12-11,17.35,17.35,16.85,17.1,17.10838445807771,1467.0,9.0,25098.0,1467.0,100.0,0.5,-0.25,1260489600.0
2009-12-10,16.95,17.6,16.85,17.45,17.427246376811595,3450.0,20.0,60124.0,3250.0,94.2,0.75,0.5,1260403200.0
2009-12-09,16.65,16.9,16.65,16.85,16.785714285714285,448.0,6.0,7520.0,448.0,100.0,0.25,0.2,1260316800.0
2009-12-08,16.5,17.0,16.5,16.8,16.794059405940594,2525.0,11.0,42405.0,2100.0,83.17,0.5,0.3,1260230400.0
2009-12-07,17.1,17.2,17.0,17.2,17.057777777777776,900.0,7.0,15352.0,900.0,100.0,0.2,0.1,1260144000.0
2009-12-04,17.1,17.7,16.8,17.0,16.909233997901364,1906.0,16.0,32229.0,1201.0,63.01,0.9,-0.1,1259884800.0
2009-12-03,17.95,18.95,17.05,17.5,18.07247494217425,5188.0,35.0,93760.0,4407.0,84.95,1.9,-0.45,1259798400.0
2009-12-02,17.95,17.95,16.5,16.8,17.17747611865259,1989.0,14.0,34166.0,1839.0,92.46,1.45,-1.15,1259712000.0
2009-12-01,16.55,16.55,16.5,16.5,16.5,200.0,4.0,3300.0,200.0,100.0,0.05,-0.05,1259625600.0
2009-11-30,17.0,17.05,16.55,16.75,16.816129032258065,2170.0,13.0,36491.0,2123.0,97.83,0.5,-0.25,1259539200.0
2009-11-27,16.05,17.15,16.0,16.9,16.385,3200.0,17.0,52432.0,2670.0,83.44,1.15,0.85,1259280000.0
2009-11-26,16.2,17.5,16.2,17.5,17.051666666666666,600.0,11.0,10231.0,574.0,95.67,1.3,1.3,1259193600.0
2009-11-25,17.85,17.85,16.5,17.05,16.922547332185886,581.0,10.0,9832.0,350.0,60.24,1.35,-0.8,1259107200.0
2009-11-24,16.8,17.4,16.75,16.9,16.950819672131146,1403.0,9.0,23782.0,1300.0,92.66,0.65,0.1,1259020800.0
2009-11-23,17.5,18.0,17.5,18.0,17.752,500.0,4.0,8876.0,500.0,100.0,0.5,0.5,1258934400.0
2009-11-20,17.8,17.8,16.4,16.75,17.35,340.0,10.0,5899.0,331.0,97.35,1.4,-1.05,1258675200.0
2009-11-19,17.95,17.95,17.0,17.0,17.21759259259259,864.0,16.0,14876.0,850.0,98.38,0.95,-0.95,1258588800.0
2009-11-18,17.05,18.25,17.05,18.0,17.29315960912052,307.0,8.0,5309.0,300.0,97.72,1.2,0.95,1258502400.0
2009-11-17,16.7,18.65,16.7,17.35,17.270978086584712,3742.0,20.0,64628.0,3733.0,99.76,1.95,0.65,1258416000.0
2009-11-16,19.15,20.7,17.9,18.35,18.98011775748784,11719.0,91.0,222428.0,7677.0,65.51,2.8,-0.8,1258329600.0
2009-11-13,15.4,19.4,15.4,19.15,18.7493149390532,10583.0,84.0,198424.0,8231.0,77.78,4.0,3.75,1258070400.0
2009-11-12,15.8,16.65,15.8,16.65,16.083333333333332,600.0,3.0,9650.0,600.0,100.0,0.85,0.85,1257984000.0
2009-11-11,15.9,17.0,15.9,16.95,16.47613365155131,838.0,15.0,13807.0,820.0,97.85,1.1,1.05,1257897600.0
2009-11-10,16.1,16.1,15.95,15.95,15.98076923076923,260.0,4.0,4155.0,250.0,96.15,0.15,-0.15,1257811200.0
2009-11-09,17.1,17.1,15.55,16.85,16.848303393213573,1002.0,6.0,16882.0,1001.0,99.9,1.55,-0.25,1257724800.0
2009-11-06,16.5,17.1,15.9,15.9,16.381415241057542,2572.0,26.0,42133.0,2015.0,78.34,1.2,-0.6,1257465600.0
2009-11-05,15.6,16.2,15.6,16.15,15.766129032258064,496.0,8.0,7820.0,348.0,70.16,0.6,0.55,1257379200.0
2009-11-04,17.15,17.15,15.75,16.0,16.0,107.0,4.0,1712.0,106.0,99.07,1.4,-1.15,1257292800.0
2009-11-03,15.95,15.95,15.9,15.9,15.9,20.0,5.0,318.0,18.0,90.0,0.05,-0.05,1257206400.0
2009-10-30,17.45,17.45,16.45,16.9,16.974603174603175,630.0,5.0,10694.0,610.0,96.83,1.0,-0.55,1256860800.0
2009-10-29,16.4,16.55,16.0,16.0,16.19298245614035,912.0,11.0,14768.0,912.0,100.0,0.55,-0.4,1256774400.0
2009-10-28,16.0,17.05,16.0,16.55,16.972164520149565,2407.0,16.0,40852.0,2300.0,95.55,1.05,0.55,1256688000.0
2009-10-27,16.15,16.85,16.15,16.8,16.636842105263156,190.0,6.0,3161.0,120.0,63.16,0.7,0.65,1256601600.0
2009-10-26,16.55,17.3,16.5,16.75,16.60915104740904,1814.0,22.0,30129.0,1400.0,77.18,0.8,0.2,1256515200.0
2009-10-23,17.25,17.5,16.5,16.7,16.96638375769679,12018.0,47.0,203902.0,11371.0,94.62,1.0,-0.55,1256256000.0
2009-10-22,17.3,19.4,16.15,16.7,16.573330823883687,21253.0,105.0,352233.0,13630.0,64.13,3.25,-0.6,1256169600.0
2009-10-21,18.85,19.0,17.75,17.9,18.37945945945945,2775.0,23.0,51003.0,2000.0,72.07,1.25,-0.95,1256083200.0
2009-10-20,18.9,19.1,17.95,18.45,18.895882912898617,8404.0,37.0,158801.0,6479.0,77.09,1.15,-0.45,1255996800.0
2009-10-17,18.0,18.45,18.0,18.05,18.036666666666665,1200.0,9.0,21644.0,1200.0,100.0,0.45,0.05,1255737600.0
2009-10-16,18.0,18.0,17.4,17.65,17.56314606741573,2225.0,27.0,39078.0,2086.0,93.75,0.6,-0.35,1255651200.0
2009-10-15,18.1,18.45,17.2,17.25,17.479735815070548,3331.0,22.0,58225.0,3141.0,94.3,1.25,-0.85,1255564800.0
2009-10-14,18.15,18.15,17.15,17.95,17.8615764415447,5671.0,24.0,101293.0,3376.0,59.53,1.0,-0.2,1255478400.0
2009-10-12,17.8,19.1,17.55,18.25,18.4243220642695,16742.0,24.0,308460.0,15926.0,95.13,1.55,0.45,1255305600.0
2009-10-09,18.85,18.85,17.55,17.8,18.16357273280584,6572.0,31.0,119371.0,4011.0,61.03,1.3,-1.05,1255046400.0
2009-10-08,19.1,19.6,18.55,18.55,19.24215933669791,11096.0,57.0,213511.0,7320.0,65.97,1.05,-0.55,1254960000.0
2009-10-07,19.5,20.5,19.0,19.3,19.908843136532724,27151.0,102.0,540545.0,15050.0,55.43,1.5,-0.2,1254873600.0
2009-10-06,19.5,20.25,18.6,19.45,19.42783440291934,15894.0,100.0,308786.0,12304.0,77.41,1.65,-0.05,1254787200.0
2009-10-05,22.5,22.5,19.85,19.9,20.398216353065404,78603.0,425.0,1603361.0,41818.0,53.2,2.65,-2.6,1254700800.0
2009-10-01,19.45,22.05,18.6,22.05,21.338433296253744,164511.0,654.0,3510407.0,52317.0,31.8,3.45,2.6,1254355200.0
2009-09-30,15.95,18.4,15.95,18.4,18.297747154912127,25834.0,129.0,472704.0,24482.0,94.77,2.45,2.45,1254268800.0
2009-09-29,15.45,15.45,15.35,15.35,15.396774193548389,310.0,4.0,4773.0,310.0,100.0,0.1,-0.1,1254182400.0
2009-09-25,14.95,15.15,14.65,14.65,14.8640807316304,3171.0,16.0,47134.0,2671.0,84.23,0.5,-0.3,1253836800.0
2009-09-24,14.35,15.75,14.35,15.75,15.55699150075678,17178.0,21.0,267238.0,17073.0,99.39,1.4,1.4,1253750400.0
2009-09-23,15.0,15.0,15.0,15.0,15.0,50.0,1.0,750.0,50.0,100.0,0.0,0.0,1253664000.0
2009-09-22,15.1,15.85,15.1,15.85,15.346666666666666,150.0,2.0,2302.0,150.0,100.0,0.75,0.75,1253577600.0
2009-09-18,15.3,16.05,15.3,15.3,15.41150442477876,452.0,6.0,6966.0,451.0,99.78,0.75,0.0,1253232000.0
2009-09-16,15.05,15.8,15.05,15.65,15.291666666666666,600.0,7.0,9175.0,400.0,66.67,0.75,0.6,1253059200.0
2009-09-15,15.9,15.9,15.3,15.8,15.792862684251356,1289.0,7.0,20357.0,1289.0,100.0,0.6,-0.1,1252972800.0
2009-09-14,15.45,15.95,15.05,15.5,15.50962586269524,2753.0,8.0,42698.0,2653.0,96.37,0.9,0.05,1252886400.0
2009-09-11,17.85,17.85,14.8,15.05,15.159750683060109,11712.0,28.0,177551.0,10986.0,93.8,3.05,-2.8,1252627200.0
2009-09-10,16.05,16.05,15.25,15.4,15.774607703281028,1402.0,9.0,22116.0,1200.0,85.59,0.8,-0.65,1252540800.0
2009-09-09,16.5,16.5,15.3,15.3,15.504398826979472,341.0,6.0,5287.0,337.0,98.83,1.2,-1.2,1252454400.0
2009-09-08,16.0,16.25,15.35,15.45,15.642264150943396,1325.0,9.0,20726.0,1235.0,93.21,0.9,-0.55,1252368000.0
2009-09-07,15.9,16.7,15.7,16.6,16.13285714285714,700.0,8.0,11293.0,508.0,72.57,1.0,0.7,1252281600.0
2009-09-04,16.95,17.0,15.75,16.4,16.471074380165287,1210.0,11.0,19930.0,1010.0,83.47,1.25,-0.55,1252022400.0
2009-09-03,15.2,17.0,15.15,16.65,15.98415107064576,11862.0,42.0,189604.0,2680.0,22.59,1.85,1.45,1251936000.0
2009-09-02,16.1,16.95,16.1,16.7,16.540298507462687,335.0,7.0,5541.0,321.0,95.82,0.85,0.6,1251849600.0
2009-09-01,17.45,17.75,16.5,16.55,16.974798739936997,2857.0,18.0,48497.0,2657.0,93.0,1.25,-0.9,1251763200.0
2009-08-31,15.0,16.55,14.05,16.15,15.738415545590431,11373.0,35.0,178993.0,3187.0,28.02,2.5,1.15,1251676800.0
2009-08-28,15.15,16.0,15.0,15.05,15.5599634467559,18603.0,15.0,289462.0,603.0,3.24,1.0,-0.1,1251417600.0
2009-08-27,15.55,16.0,15.5,16.0,15.635,400.0,4.0,6254.0,400.0,100.0,0.5,0.45,1251331200.0
2009-08-26,15.8,17.25,15.1,16.1,15.4696467770904,25055.0,33.0,387592.0,4356.0,17.39,2.15,0.3,1251244800.0
2009-08-25,15.8,15.8,15.0,15.7,15.029243937232524,2804.0,3.0,42142.0,2804.0,100.0,0.8,-0.1,1251158400.0
2009-08-24,15.0,15.85,14.6,15.85,15.1017094017094,1170.0,7.0,17669.0,1095.0,93.59,1.25,0.85,1251072000.0
2009-08-21,15.0,15.0,15.0,15.0,15.0,150.0,2.0,2250.0,150.0,100.0,0.0,0.0,1250812800.0
2009-08-20,15.0,16.15,15.0,15.0,15.003968253968251,252.0,5.0,3781.0,250.0,99.21,1.15,0.0,1250726400.0
2009-08-19,15.0,15.5,15.0,15.5,15.468062948391577,8642.0,11.0,133675.0,8642.0,100.0,0.5,0.5,1250640000.0
2009-08-18,14.8,14.8,14.8,14.8,14.8,700.0,2.0,10360.0,700.0,100.0,0.0,0.0,1250553600.0
2009-08-17,14.25,14.25,14.1,14.1,14.17,500.0,3.0,7085.0,500.0,100.0,0.15,-0.15,1250467200.0
2009-08-14,15.0,15.0,15.0,15.0,15.0,376.0,2.0,5640.0,376.0,100.0,0.0,0.0,1250208000.0
2009-08-13,15.0,15.0,14.0,15.0,14.7679012345679,1215.0,16.0,17943.0,937.0,77.12,1.0,0.0,1250121600.0
2009-08-12,13.55,14.9,13.55,14.55,13.584905660377355,53.0,5.0,720.0,50.0,94.34,1.35,1.0,1250035200.0
2009-08-11,14.0,14.0,14.0,14.0,14.0,465.0,2.0,6510.0,465.0,100.0,0.0,0.0,1249948800.0
2009-08-10,14.0,14.0,14.0,14.0,14.0,100.0,1.0,1400.0,100.0,100.0,0.0,0.0,1249862400.0
2009-08-07,15.0,15.35,14.3,14.45,14.587040087863812,1821.0,11.0,26563.0,1741.0,95.61,1.05,-0.55,1249603200.0
2009-08-06,15.0,15.0,14.05,15.0,14.903703703703703,945.0,5.0,14084.0,850.0,89.95,0.95,0.0,1249516800.0
2009-08-05,14.5,15.0,14.4,15.0,14.706112852664576,1276.0,9.0,18765.0,726.0,56.9,0.6,0.5,1249430400.0
2009-08-04,15.1,15.1,15.0,15.0,15.045573770491805,3050.0,8.0,45889.0,3050.0,100.0,0.1,-0.1,1249344000.0
2009-08-03,15.0,15.0,15.0,15.0,15.0,10.0,1.0,150.0,10.0,100.0,0.0,0.0,1249257600.0
2009-07-31,15.03,15.03,15.03,15.03,15.029090909090908,550.0,3.0,8266.0,550.0,100.0,0.0,0.0,1248998400.0
2009-07-30,15.0,15.45,14.84,14.85,14.974085365853655,656.0,9.0,9823.0,641.0,97.71,0.61,-0.15,1248912000.0
2009-07-29,15.4,15.4,14.64,14.64,15.02,800.0,6.0,12016.0,600.0,75.0,0.76,-0.76,1248825600.0
2009-07-28,14.9,15.0,14.9,15.0,14.966666666666669,300.0,2.0,4490.0,300.0,100.0,0.1,0.1,1248739200.0
2009-07-27,14.6,14.6,14.6,14.6,14.6,200.0,1.0,2920.0,200.0,100.0,0.0,0.0,1248652800.0
2009-07-24,15.73,15.73,14.63,14.63,14.641975308641976,162.0,6.0,2372.0,161.0,99.38,1.1,-1.1,1248393600.0
2009-07-23,15.0,15.0,15.0,15.0,15.0,1705.0,5.0,25575.0,1705.0,100.0,0.0,0.0,1248307200.0
2009-07-22,15.15,15.15,15.0,15.0,15.020427404148334,6364.0,11.0,95590.0,6107.0,95.96,0.15,-0.15,1248220800.0
2009-07-21,15.0,15.65,15.0,15.0,15.076112412177984,854.0,6.0,12875.0,854.0,100.0,0.65,0.0,1248134400.0
2009-07-20,16.0,16.0,15.01,15.35,15.320089955022487,1334.0,13.0,20437.0,886.0,66.42,0.99,-0.65,1248048000.0
2009-07-17,16.0,16.0,16.0,16.0,16.0,4790.0,6.0,76640.0,4790.0,100.0,0.0,0.0,1247788800.0
2009-07-16,15.45,15.6,15.45,15.5,15.509390746678882,2183.0,12.0,33857.0,2183.0,100.0,0.15,0.05,1247702400.0
2009-07-15,15.95,15.95,14.4,14.45,14.466019417475728,103.0,5.0,1490.0,100.0,97.09,1.55,-1.5,1247616000.0
2009-07-14,14.01,15.44,14.0,15.39,14.113861386138613,202.0,5.0,2851.0,200.0,99.01,1.44,1.38,1247529600.0
2009-07-10,15.45,15.5,15.45,15.5,15.48,50.0,2.0,774.0,50.0,100.0,0.05,0.05,1247184000.0
2009-07-09,14.9,15.1,14.9,15.1,14.901418439716313,1410.0,6.0,21011.0,1410.0,100.0,0.2,0.2,1247097600.0
2009-07-08,14.7,14.9,14.5,14.76,14.771225594912812,20129.0,37.0,297330.0,20129.0,100.0,0.4,0.06,1247011200.0
2009-07-07,14.01,14.01,13.63,14.0,13.825471698113208,212.0,4.0,2931.0,212.0,100.0,0.38,-0.01,1246924800.0
2009-07-06,15.49,15.49,14.21,15.12,14.643661971830984,710.0,7.0,10397.0,400.0,56.34,1.28,-0.37,1246838400.0
2009-07-03,15.49,15.49,14.9,14.9,14.90049751243781,201.0,2.0,2995.0,201.0,100.0,0.59,-0.59,1246579200.0
2009-07-02,14.85,14.85,14.85,14.85,14.828571428571427,35.0,2.0,519.0,35.0,100.0,0.0,0.0,1246492800.0
2009-07-01,15.55,15.55,14.9,14.9,14.900181488203266,551.0,3.0,8210.0,551.0,100.0,0.65,-0.65,1246406400.0
2009-06-30,14.5,14.9,14.2,14.9,14.406658878504672,8560.0,40.0,123321.0,7510.0,87.73,0.7,0.4,1246320000.0
2009-06-29,14.3,14.9,13.55,14.9,14.72992125984252,2540.0,18.0,37414.0,2215.0,87.2,1.35,0.6,1246233600.0
2009-06-26,14.2,14.2,14.2,14.2,14.2,200.0,1.0,2840.0,200.0,100.0,0.0,0.0,1245974400.0
2009-06-25,14.4,14.9,14.4,14.9,14.584752035529236,1351.0,4.0,19704.0,1351.0,100.0,0.5,0.5,1245888000.0
2009-06-23,14.0,14.45,14.0,14.45,14.26,500.0,3.0,7130.0,500.0,100.0,0.45,0.45,1245715200.0
2009-06-22,13.95,13.95,13.9,13.9,13.9088,625.0,5.0,8693.0,625.0,100.0,0.05,-0.05,1245628800.0
2009-06-19,14.6,15.0,14.6,14.6,14.609375,512.0,6.0,7480.0,500.0,97.66,0.4,0.0,1245369600.0
2009-06-18,14.55,15.7,14.55,15.05,14.830965909090908,1408.0,16.0,20882.0,1296.0,92.05,1.15,0.5,1245283200.0
2009-06-17,14.85,15.3,14.8,15.3,14.847908745247148,526.0,3.0,7810.0,525.0,99.81,0.5,0.45,1245196800.0
2009-06-16,14.3,15.65,14.3,15.55,14.40728476821192,302.0,5.0,4351.0,302.0,100.0,1.35,1.25,1245110400.0
2009-06-15,14.9,15.0,14.9,15.0,14.95,200.0,4.0,2990.0,200.0,100.0,0.1,0.1,1245024000.0
2009-06-12,15.1,15.25,14.8,14.8,15.116213683223991,3201.0,20.0,48387.0,3201.0,100.0,0.45,-0.3,1244764800.0
2009-06-11,14.8,15.45,14.75,15.45,14.983333333333333,600.0,6.0,8990.0,500.0,83.33,0.7,0.65,1244678400.0
2009-06-10,15.0,15.5,14.95,15.5,15.203426124197,934.0,5.0,14200.0,934.0,100.0,0.55,0.5,1244592000.0
2009-06-09,16.95,16.95,15.45,15.45,15.470588235294116,102.0,5.0,1578.0,101.0,99.02,1.5,-1.5,1244505600.0
2009-06-08,16.0,16.5,15.75,16.2,16.042675159235667,1570.0,10.0,25187.0,1570.0,100.0,0.75,0.2,1244419200.0
2009-06-05,17.5,17.5,16.55,16.55,16.599393530997304,2968.0,17.0,49267.0,2968.0,100.0,0.95,-0.95,1244160000.0
2009-06-04,16.2,17.4,16.2,17.4,17.161628306423907,5822.0,15.0,99915.0,5822.0,100.0,1.2,1.2,1244073600.0
2009-06-03,16.0,17.0,16.0,16.85,16.560682971850483,2167.0,19.0,35887.0,2167.0,100.0,1.0,0.85,1243987200.0
2009-06-02,15.8,16.25,15.55,16.25,16.050304474450623,7554.0,25.0,121244.0,6651.0,88.05,0.7,0.45,1243900800.0
2009-06-01,15.45,15.6,14.65,15.5,15.119108141477232,13769.0,50.0,208175.0,12018.0,87.28,0.95,0.05,1243814400.0
2009-05-29,15.1,15.5,14.68,15.4,15.110712684894668,2231.0,13.0,33712.0,2081.0,93.28,0.82,0.3,1243555200.0
2009-05-28,15.05,15.05,15.05,15.05,15.05,100.0,1.0,1505.0,100.0,100.0,0.0,0.0,1243468800.0
2009-05-27,16.0,16.18,15.0,15.0,15.37704081632653,1960.0,13.0,30139.0,1945.0,99.23,1.18,-1.0,1243382400.0
2009-05-26,14.55,15.41,14.55,15.41,15.263416014335563,10603.0,28.0,161838.0,10603.0,100.0,0.86,0.86,1243296000.0
2009-05-25,13.5,14.47,13.5,14.01,14.203883495145632,515.0,7.0,7315.0,515.0,100.0,0.97,0.51,1243209600.0
2009-05-22,12.86,13.16,12.86,13.16,13.002481389578165,403.0,4.0,5240.0,403.0,100.0,0.3,0.3,1242950400.0
2009-05-21,12.31,14.05,12.31,13.73,13.474956063268891,2276.0,24.0,30669.0,1903.0,83.61,1.74,1.42,1242864000.0
2009-05-20,11.75,13.0,11.7,12.82,12.384089496581728,1609.0,14.0,19926.0,970.0,60.29,1.3,1.07,1242777600.0
2009-05-19,11.31,12.43,11.31,12.43,11.78181818181818,660.0,4.0,7776.0,260.0,39.39,1.12,1.12,1242691200.0
2009-05-15,11.5,12.0,11.38,12.0,11.552,875.0,8.0,10108.0,800.0,91.43,0.62,0.5,1242345600.0
2009-05-14,11.81,11.81,11.8,11.8,11.80034722222222,576.0,3.0,6797.0,576.0,100.0,0.01,-0.01,1242259200.0
2009-05-13,11.8,11.8,11.8,11.8,11.8,1000.0,1.0,11800.0,1000.0,100.0,0.0,0.0,1242172800.0
2009-05-12,11.8,11.8,11.75,11.75,11.775,200.0,2.0,2355.0,200.0,100.0,0.05,-0.05,1242086400.0
2009-05-11,12.0,12.8,12.0,12.8,12.0,451.0,3.0,5412.0,450.0,99.78,0.8,0.8,1242000000.0
2009-05-06,12.2,12.2,11.64,11.64,12.149090909090908,1100.0,3.0,13364.0,1100.0,100.0,0.56,-0.56,1241568000.0
2009-05-05,12.33,12.33,11.66,11.66,12.09032258064516,155.0,4.0,1874.0,155.0,100.0,0.67,-0.67,1241481600.0
2009-05-04,11.8,12.44,11.75,11.75,12.190361445783132,415.0,10.0,5059.0,351.0,84.58,0.69,-0.05,1241395200.0
2009-04-29,11.85,11.85,11.85,11.85,11.85,1900.0,2.0,22515.0,1900.0,100.0,0.0,0.0,1240963200.0
2009-04-28,11.6,12.39,11.27,12.39,11.923349056603772,848.0,11.0,10111.0,697.0,82.19,1.12,0.79,1240876800.0
2009-04-24,11.8,11.8,11.8,11.8,11.7984496124031,387.0,4.0,4566.0,387.0,100.0,0.0,0.0,1240531200.0
2009-04-23,11.26,11.26,11.26,11.26,11.26,100.0,1.0,1126.0,100.0,100.0,0.0,0.0,1240444800.0
2009-04-22,12.29,12.33,11.6,11.6,11.849462365591396,930.0,6.0,11020.0,830.0,89.25,0.73,-0.69,1240358400.0
2009-04-21,11.7,12.45,11.7,11.75,12.253198653198652,1485.0,9.0,18196.0,1485.0,100.0,0.75,0.05,1240272000.0
2009-04-17,11.52,11.87,11.5,11.86,11.681154257214107,2807.0,12.0,32789.0,1707.0,60.81,0.37,0.34,1239926400.0
2009-04-15,12.35,12.39,12.01,12.01,12.34090909090909,836.0,7.0,10317.0,836.0,100.0,0.38,-0.34,1239753600.0
2009-04-13,12.0,12.44,12.0,12.41,12.168998109640832,2645.0,13.0,32187.0,1945.0,73.53,0.44,0.41,1239580800.0
2009-04-09,11.5,12.55,11.11,12.55,11.23441396508728,401.0,4.0,4505.0,400.0,99.75,1.44,1.05,1239235200.0
2009-04-08,11.98,12.12,11.23,11.6,11.870677128741644,3441.0,20.0,40847.0,3041.0,88.38,0.89,-0.38,1239148800.0
2009-04-06,10.99,11.2,10.99,11.02,11.0,90.0,4.0,990.0,50.0,55.56,0.21,0.03,1238976000.0
2009-04-02,11.56,11.6,10.22,10.22,10.8,5.0,5.0,54.0,1.0,20.0,1.38,-1.34,1238630400.0
2009-04-01,10.4,11.0,10.4,10.99,10.407766990291265,103.0,4.0,1072.0,101.0,98.06,0.6,0.59,1238544000.0
2009-03-31,10.58,11.56,10.0,10.0,10.483870967741936,1581.0,29.0,16575.0,1560.0,98.67,1.56,-0.58,1238457600.0
2009-03-30,10.95,10.95,9.55,10.6,9.65242718446602,1030.0,11.0,9942.0,1005.0,97.57,1.4,-0.35,1238371200.0
2009-03-27,10.12,11.15,10.0,10.16,10.175726927939316,791.0,12.0,8049.0,613.0,77.5,1.15,0.04,1238112000.0
2009-03-26,10.25,10.25,10.25,10.25,10.25,6412.0,1.0,65723.0,6412.0,100.0,0.0,0.0,1238025600.0
2009-03-24,10.12,10.15,10.12,10.15,10.135,200.0,2.0,2027.0,100.0,50.0,0.03,0.03,1237852800.0
2009-03-23,10.5,10.5,10.35,10.35,10.491428571428573,175.0,4.0,1836.0,175.0,100.0,0.15,-0.15,1237766400.0
2009-03-20,10.5,10.7,10.22,10.28,10.376733436055469,1298.0,23.0,13469.0,1044.0,80.43,0.48,-0.22,1237507200.0
2009-03-19,10.75,11.35,10.75,11.35,11.22222222222222,549.0,6.0,6161.0,549.0,100.0,0.6,0.6,1237420800.0
2009-03-18,10.82,11.1,10.13,10.64,10.945945945945944,1406.0,20.0,15390.0,1381.0,98.22,0.97,-0.18,1237334400.0
2009-03-17,10.4,10.5,10.05,10.3,10.232758620689657,812.0,17.0,8309.0,720.0,88.67,0.45,-0.1,1237248000.0
2009-03-16,10.71,10.71,9.85,10.19,10.14131668558456,1762.0,21.0,17869.0,1545.0,87.68,0.86,-0.52,1237161600.0
2009-03-13,10.8,11.58,9.8,9.91,10.019871615964275,17915.0,51.0,179506.0,17123.0,95.58,1.78,-0.89,1236902400.0
2009-03-12,10.5,11.29,9.8,10.65,10.004171934260429,15820.0,31.0,158266.0,15675.0,99.08,1.49,0.15,1236816000.0
2009-03-09,11.5,11.9,10.34,10.34,10.421633554083884,906.0,29.0,9442.0,849.0,93.71,1.56,-1.16,1236556800.0
2009-03-06,11.5,11.5,10.7,11.48,10.84153846153846,650.0,15.0,7047.0,470.0,72.31,0.8,-0.02,1236297600.0
2009-03-05,11.3,11.9,10.65,11.8,11.104763519240548,5899.0,41.0,65507.0,1770.0,30.01,1.25,0.5,1236211200.0
2009-03-04,11.35,11.35,10.28,11.25,11.146511627906976,430.0,13.0,4793.0,380.0,88.37,1.07,-0.1,1236124800.0
2009-03-03,12.0,12.0,11.0,11.3,11.106666666666666,675.0,13.0,7497.0,665.0,98.52,1.0,-0.7,1236038400.0
2009-03-02,12.48,12.49,12.1,12.11,12.266666666666666,120.0,6.0,1472.0,70.0,58.33,0.39,-0.37,1235952000.0
2009-02-27,11.4,12.25,11.4,11.49,11.466666666666669,510.0,16.0,5848.0,510.0,100.0,0.85,0.09,1235692800.0
2009-02-26,11.75,12.05,11.3,12.0,11.668141592920351,678.0,14.0,7911.0,510.0,75.22,0.75,0.25,1235606400.0
2009-02-25,12.2,12.2,11.17,11.2,11.637096774193548,124.0,14.0,1443.0,60.0,48.39,1.03,-1.0,1235520000.0
2009-02-24,12.3,12.3,11.4,11.7,11.74935177182368,2314.0,20.0,27188.0,2000.0,86.43,0.9,-0.6,1235433600.0
2009-02-20,12.25,12.5,11.7,11.76,12.01558752997602,834.0,19.0,10021.0,610.0,73.14,0.8,-0.49,1235088000.0
2009-02-19,12.5,12.5,12.5,12.5,12.5,10.0,1.0,125.0,10.0,100.0,0.0,0.0,1235001600.0
2009-02-18,12.2,12.5,11.75,12.19,12.168415792103948,2001.0,37.0,24349.0,801.0,40.03,0.75,-0.01,1234915200.0
2009-02-17,13.5,13.5,11.5,12.75,11.99099099099099,444.0,22.0,5324.0,302.0,68.02,2.0,-0.75,1234828800.0
2009-02-16,12.35,13.0,11.8,12.53,12.011194029850746,268.0,17.0,3219.0,265.0,98.88,1.2,0.18,1234742400.0
2009-02-13,12.5,12.99,12.0,12.02,12.087779038970869,2643.0,37.0,31948.0,2513.0,95.08,0.99,-0.48,1234483200.0
2009-02-12,12.11,12.4,12.11,12.19,12.201426024955436,561.0,9.0,6845.0,535.0,95.37,0.29,0.08,1234396800.0
2009-02-11,13.4,13.4,12.15,12.15,12.767151767151768,481.0,5.0,6141.0,281.0,58.42,1.25,-1.25,1234310400.0
2009-02-10,12.1,13.7,12.1,12.55,12.39899833055092,599.0,10.0,7427.0,598.0,99.83,1.6,0.45,1234224000.0
2009-02-09,12.95,13.0,12.15,12.95,12.92528735632184,348.0,5.0,4498.0,348.0,100.0,0.85,0.0,1234137600.0
2009-02-06,12.76,12.76,12.1,12.71,12.709333333333332,375.0,3.0,4766.0,375.0,100.0,0.66,-0.05,1233878400.0
2009-02-05,12.11,12.11,12.11,12.11,12.105882352941176,85.0,2.0,1029.0,85.0,100.0,0.0,0.0,1233792000.0
2009-02-04,12.0,12.5,12.0,12.5,12.093548387096774,310.0,4.0,3749.0,300.0,96.77,0.5,0.5,1233705600.0
2009-02-03,12.05,12.1,12.05,12.1,12.095495495495497,1110.0,3.0,13426.0,1110.0,100.0,0.05,0.05,1233619200.0
2009-02-02,13.9,13.9,12.21,12.26,12.343669250645997,387.0,10.0,4777.0,383.0,98.97,1.69,-1.64,1233532800.0
2009-01-30,13.0,13.0,12.8,12.85,12.812206572769952,213.0,4.0,2729.0,201.0,94.37,0.2,-0.15,1233273600.0
2009-01-29,14.0,14.0,11.15,12.1,12.046701799018717,5503.0,49.0,66293.0,3501.0,63.62,2.85,-1.9,1233187200.0
2009-01-28,15.0,15.0,12.85,13.5,13.504559270516715,329.0,10.0,4443.0,325.0,98.78,2.15,-1.5,1233100800.0
2009-01-27,14.45,14.45,13.75,13.75,13.76190476190476,21.0,2.0,289.0,20.0,95.24,0.7,-0.7,1233014400.0
2009-01-23,11.75,14.9,11.75,12.1,12.10030395136778,2632.0,26.0,31848.0,1725.0,65.54,3.15,0.35,1232668800.0
2009-01-22,12.75,12.75,12.55,12.7,12.685,1200.0,4.0,15222.0,1200.0,100.0,0.2,-0.05,1232582400.0
2009-01-21,13.9,14.0,13.9,14.0,13.994847574066124,4658.0,18.0,65188.0,4658.0,100.0,0.1,0.1,1232496000.0
2009-01-20,13.45,15.4,13.05,13.05,13.523109243697478,952.0,11.0,12874.0,892.0,93.7,2.35,-0.4,1232409600.0
2009-01-19,13.5,13.5,13.0,13.0,13.048,250.0,3.0,3262.0,200.0,80.0,0.5,-0.5,1232323200.0
2009-01-16,12.6,12.6,12.5,12.55,12.545307443365695,618.0,4.0,7753.0,618.0,100.0,0.1,-0.05,1232064000.0
2009-01-15,13.85,13.85,12.5,12.6,12.866985645933012,1045.0,8.0,13446.0,845.0,80.86,1.35,-1.25,1231977600.0
2009-01-14,12.1,13.75,12.1,13.05,13.01995012468828,802.0,6.0,10442.0,721.0,89.9,1.65,0.95,1231891200.0
2009-01-13,13.45,14.45,13.0,14.1,13.530408773678964,1003.0,10.0,13571.0,978.0,97.51,1.45,0.65,1231804800.0
2009-01-12,12.95,13.0,12.9,13.0,12.968421052631578,475.0,5.0,6160.0,475.0,100.0,0.1,0.05,1231718400.0
2009-01-09,12.85,13.05,12.8,12.85,12.897674418604652,1290.0,9.0,16638.0,1290.0,100.0,0.25,0.0,1231459200.0
2009-01-07,15.7,15.7,13.65,13.65,14.06,250.0,4.0,3515.0,245.0,98.0,2.05,-2.05,1231286400.0
2009-01-06,14.1,15.45,14.1,14.7,14.581542351453855,791.0,6.0,11534.0,791.0,100.0,1.35,0.6,1231200000.0
2009-01-05,15.9,15.9,15.75,15.75,15.76190476190476,21.0,4.0,331.0,10.0,47.62,0.15,-0.15,1231113600.0
2009-01-02,16.5,16.5,14.0,14.0,14.01980198019802,101.0,2.0,1416.0,101.0,100.0,2.5,-2.5,1230854400.0
2009-01-01,15.0,15.0,15.0,15.0,15.0,200.0,2.0,3000.0,200.0,100.0,0.0,0.0,1230768000.0
2008-12-31,13.7,15.2,13.56,15.01,13.845348270823184,4106.0,34.0,56849.0,3041.0,74.06,1.64,1.31,1230681600.0
2008-12-30,16.89,16.89,15.4,15.44,15.61982128350934,1231.0,9.0,19228.0,1150.0,93.42,1.49,-1.45,1230595200.0
2008-12-26,14.95,14.95,14.9,14.9,14.926630434782608,368.0,5.0,5493.0,368.0,100.0,0.05,-0.05,1230249600.0
2008-12-23,13.95,16.25,13.9,13.92,13.932692307692308,1144.0,12.0,15939.0,941.0,82.26,2.35,-0.03,1229990400.0
2008-12-22,15.4,16.4,13.2,15.94,15.191983122362869,1422.0,16.0,21603.0,924.0,64.98,3.2,0.54,1229904000.0
2008-12-19,17.3,17.3,14.6,15.45,15.282392026578073,301.0,6.0,4600.0,100.0,33.22,2.7,-1.85,1229644800.0
2008-12-18,15.15,16.8,14.95,15.73,15.494285714285716,350.0,7.0,5423.0,225.0,64.29,1.85,0.58,1229558400.0
2008-12-17,16.4,16.4,16.4,16.4,16.4,120.0,1.0,1968.0,120.0,100.0,0.0,0.0,1229472000.0
2008-12-16,15.75,17.7,15.75,16.4,16.275590551181104,127.0,4.0,2067.0,101.0,79.53,1.95,0.65,1229385600.0
2008-12-15,12.25,16.2,12.25,16.2,15.032080127739876,6889.0,33.0,103556.0,4794.0,69.59,3.95,3.95,1229299200.0
2008-12-12,12.6,13.7,12.6,13.5,13.4,1205.0,6.0,16147.0,1205.0,100.0,1.1,0.9,1229040000.0
2008-12-11,12.65,14.93,12.4,14.35,13.943661971830984,213.0,7.0,2970.0,105.0,49.3,2.53,1.7,1228953600.0
2008-12-04,12.52,12.52,12.52,12.52,12.0,1.0,1.0,12.0,0.0,0.0,0.0,0.0,1228348800.0
2008-12-03,12.11,14.4,12.11,13.5,12.336574824419232,1851.0,4.0,22835.0,1781.0,96.22,2.29,1.39,1228262400.0
2008-12-02,13.9,13.9,12.57,13.0,12.928870292887028,2390.0,8.0,30900.0,2371.0,99.21,1.33,-0.9,1228176000.0
2008-12-01,13.3,13.75,13.25,13.75,13.410869565217393,460.0,5.0,6169.0,200.0,43.48,0.5,0.45,1228089600.0
2008-11-26,13.8,13.95,13.7,13.95,13.877647058823529,1700.0,8.0,23592.0,1650.0,97.06,0.25,0.15,1227657600.0
2008-11-25,13.4,15.3,13.4,15.3,14.513623188405797,8625.0,7.0,125180.0,8500.0,98.55,1.9,1.9,1227571200.0
2008-11-24,15.5,15.65,15.3,15.35,15.40707334441016,8426.0,18.0,129820.0,8426.0,100.0,0.35,-0.15,1227484800.0
2008-11-21,15.3,15.65,15.3,15.65,15.571836152435296,4907.0,17.0,76411.0,4592.0,93.58,0.35,0.35,1227225600.0
2008-11-20,15.5,15.6,15.5,15.5,15.501778515532369,4217.0,13.0,65371.0,4217.0,100.0,0.1,0.0,1227139200.0
2008-11-19,15.55,15.6,15.5,15.6,15.55484167049105,2179.0,5.0,33894.0,2179.0,100.0,0.1,0.05,1227052800.0
2008-11-18,15.1,15.55,15.1,15.5,15.492271934921556,8605.0,16.0,133311.0,8605.0,100.0,0.45,0.4,1226966400.0
2008-11-17,15.2,15.8,15.2,15.55,15.588616578349736,21136.0,32.0,329481.0,21136.0,100.0,0.6,0.35,1226880000.0
2008-11-14,15.35,15.75,15.3,15.7,15.564088397790057,12670.0,22.0,197197.0,9670.0,76.32,0.45,0.35,1226620800.0
2008-11-12,15.65,15.75,15.6,15.7,15.686113393590796,6085.0,14.0,95450.0,6085.0,100.0,0.15,0.05,1226448000.0
2008-11-11,15.55,15.7,15.55,15.7,15.552118226600983,5075.0,4.0,78927.0,5075.0,100.0,0.15,0.15,1226361600.0
2008-11-10,15.8,15.9,15.6,15.6,15.814488636363636,17600.0,28.0,278335.0,17600.0,100.0,0.3,-0.2,1226275200.0
2008-11-07,15.5,15.7,15.5,15.65,15.63390476190476,13125.0,18.0,205195.0,13125.0,100.0,0.2,0.15,1226016000.0
2008-11-06,13.2,15.65,13.15,15.5,14.952301676410237,25829.0,11.0,386203.0,25629.0,99.23,2.5,2.3,1225929600.0
2008-11-05,15.6,15.65,15.6,15.65,15.601635514018692,21400.0,8.0,333875.0,21400.0,100.0,0.05,0.05,1225843200.0
2008-11-04,16.5,16.5,15.4,15.75,15.779531679239524,45866.0,44.0,723744.0,45266.0,98.69,1.1,-0.75,1225756800.0
2008-11-03,15.7,15.75,15.4,15.5,15.504214559386972,3915.0,14.0,60699.0,3895.0,99.49,0.35,-0.2,1225670400.0
2008-10-31,14.35,15.5,14.35,15.35,15.164375,8000.0,13.0,121315.0,8000.0,100.0,1.15,1.0,1225411200.0
2008-10-29,14.55,14.85,14.55,14.6,14.610200364298723,1647.0,5.0,24063.0,1647.0,100.0,0.3,0.05,1225238400.0
2008-10-28,13.2,14.85,13.2,14.85,14.025,2000.0,2.0,28050.0,1000.0,50.0,1.65,1.65,1225152000.0
2008-10-27,12.1,14.2,11.35,14.15,11.749680192396251,58629.0,19.0,688872.0,58609.0,99.97,2.85,2.05,1225065600.0
2008-10-24,14.05,14.65,14.0,14.15,14.19439189941026,8987.0,22.0,127565.0,7987.0,88.87,0.65,0.1,1224806400.0
2008-10-23,13.9,14.35,13.9,14.0,14.04567699836868,4291.0,13.0,60270.0,3791.0,88.35,0.45,0.1,1224720000.0
2008-10-22,14.5,14.9,13.7,14.0,14.428976424947775,6702.0,14.0,96703.0,1146.0,17.1,1.2,-0.5,1224633600.0
2008-10-21,13.95,14.0,13.95,14.0,13.966666666666669,150.0,2.0,2095.0,150.0,100.0,0.05,0.05,1224547200.0
2008-10-20,13.75,13.75,13.5,13.5,13.627272727272729,1100.0,4.0,14990.0,1100.0,100.0,0.25,-0.25,1224460800.0
2008-10-17,14.85,14.95,13.65,13.95,14.602186399851767,5397.0,33.0,78808.0,4895.0,90.7,1.3,-0.9,1224201600.0
2008-10-16,13.85,14.75,13.85,14.75,14.37921662669864,6255.0,22.0,89942.0,5656.0,90.42,0.9,0.9,1224115200.0
2008-10-15,14.4,14.4,13.8,13.8,14.362621534029527,2777.0,4.0,39885.0,2777.0,100.0,0.6,-0.6,1224028800.0
2008-10-14,13.55,14.65,13.55,14.35,14.308064516129033,3100.0,8.0,44355.0,3100.0,100.0,1.1,0.8,1223942400.0
2008-10-13,14.0,14.3,14.0,14.25,14.153115611977904,10319.0,13.0,146046.0,10319.0,100.0,0.3,0.25,1223856000.0
2008-10-10,14.55,15.4,12.5,13.85,14.240976423951595,14379.0,22.0,204771.0,14179.0,98.61,2.9,-0.7,1223596800.0
2008-10-08,14.4,14.55,12.3,14.55,13.746774193548388,2480.0,9.0,34092.0,2160.0,87.1,2.25,0.15,1223424000.0
2008-10-07,14.95,15.45,14.5,14.5,15.205920837422308,6114.0,17.0,92969.0,6064.0,99.18,0.95,-0.45,1223337600.0
2008-10-06,14.65,15.5,14.25,14.75,14.71063829787234,9165.0,21.0,134823.0,9061.0,98.87,1.25,0.1,1223251200.0
2008-10-03,15.3,16.0,15.3,15.3,15.687397708674304,6110.0,15.0,95850.0,6010.0,98.36,0.7,0.0,1222992000.0
2008-10-01,15.0,15.5,15.0,15.5,15.041065482796892,1802.0,6.0,27104.0,1802.0,100.0,0.5,0.5,1222819200.0
2008-09-30,15.2,15.4,15.0,15.05,15.083471074380164,6050.0,10.0,91255.0,5900.0,97.52,0.4,-0.15,1222732800.0
2008-09-29,15.4,15.5,15.0,15.2,15.294722307456274,6518.0,17.0,99691.0,6518.0,100.0,0.5,-0.2,1222646400.0
2008-09-26,15.8,15.8,15.25,15.25,15.440625,1600.0,6.0,24705.0,1600.0,100.0,0.55,-0.55,1222387200.0
2008-09-25,16.0,16.0,15.45,15.45,15.70841836734694,19600.0,26.0,307885.0,19050.0,97.19,0.55,-0.55,1222300800.0
2008-09-24,15.45,16.0,15.45,16.0,15.834137515078408,1658.0,7.0,26253.0,1658.0,100.0,0.55,0.55,1222214400.0
2008-09-23,15.25,16.0,15.25,16.0,15.668648648648649,1850.0,7.0,28987.0,1750.0,94.59,0.75,0.75,1222128000.0
2008-09-22,16.0,16.55,15.8,16.55,16.046666666666667,750.0,6.0,12035.0,750.0,100.0,0.75,0.55,1222041600.0
2008-09-19,16.0,16.0,16.0,16.0,16.0,2810.0,9.0,44960.0,2310.0,82.21,0.0,0.0,1221782400.0
2008-09-18,15.0,16.0,15.0,16.0,15.452258064516128,1550.0,7.0,23951.0,1550.0,100.0,1.0,1.0,1221696000.0
2008-09-17,16.05,16.25,16.0,16.25,16.125,2200.0,8.0,35475.0,2200.0,100.0,0.25,0.2,1221609600.0
2008-09-16,16.1,16.4,15.8,16.0,15.986931754719087,8953.0,11.0,143131.0,8942.0,99.88,0.6,-0.1,1221523200.0
2008-09-15,16.0,17.0,15.5,15.6,15.831702544031312,511.0,5.0,8090.0,511.0,100.0,1.5,-0.4,1221436800.0
2008-09-12,17.1,17.15,16.5,16.55,16.620055197792087,1087.0,13.0,18066.0,930.0,85.56,0.65,-0.55,1221177600.0
2008-09-11,16.6,16.6,16.1,16.5,16.381504524886875,3536.0,17.0,57925.0,3386.0,95.76,0.5,-0.1,1221091200.0
2008-09-10,15.85,17.0,15.85,16.5,16.720450281425894,3198.0,25.0,53472.0,2997.0,93.71,1.15,0.65,1221004800.0
2008-09-09,15.8,16.75,15.8,16.35,16.331867165163843,4547.0,35.0,74261.0,3135.0,68.95,0.95,0.55,1220918400.0
2008-09-08,16.15,17.0,16.15,16.5,16.42209807572936,1611.0,18.0,26456.0,1336.0,82.93,0.85,0.35,1220832000.0
2008-09-05,16.15,17.2,16.1,16.75,16.69059059059059,9990.0,32.0,166739.0,7700.0,77.08,1.1,0.6,1220572800.0
2008-09-04,16.35,17.3,15.8,17.3,16.458223394898855,4548.0,27.0,74852.0,3584.0,78.8,1.5,0.95,1220486400.0
2008-09-02,16.05,17.0,16.05,16.45,16.567559434246164,3323.0,23.0,55054.0,3223.0,96.99,0.95,0.4,1220313600.0
2008-09-01,17.5,18.0,16.6,17.1,17.35500899820036,8335.0,44.0,144654.0,7576.0,90.89,1.4,-0.4,1220227200.0
2008-08-29,17.0,17.4,16.5,16.75,16.953601414052144,9052.0,43.0,153464.0,6211.0,68.61,0.9,-0.25,1219968000.0
2008-08-28,17.0,17.6,16.0,16.55,16.56605229318474,11665.0,48.0,193243.0,9874.0,84.65,1.6,-0.45,1219881600.0
2008-08-27,16.0,18.0,15.9,16.9,16.025466045272967,720960.0,166.0,11553720.0,679310.0,94.22,2.1,0.9,1219795200.0
2008-08-26,15.9,16.0,15.7,16.0,15.891285591026747,4636.0,33.0,73672.0,4561.0,98.38,0.3,0.1,1219708800.0
2008-08-25,15.0,15.4,15.0,15.4,15.2,100.0,2.0,1520.0,100.0,100.0,0.4,0.4,1219622400.0
2008-08-22,14.95,15.0,14.95,15.0,14.998975934459803,9765.0,17.0,146465.0,9765.0,100.0,0.05,0.05,1219363200.0
2008-08-20,15.0,15.2,15.0,15.2,15.142450142450144,702.0,6.0,10630.0,701.0,99.86,0.2,0.2,1219190400.0
2008-08-18,14.5,14.75,14.35,14.6,14.595127610208817,862.0,11.0,12581.0,500.0,58.0,0.4,0.1,1219017600.0
2008-08-14,14.75,14.75,14.65,14.7,14.705,1200.0,12.0,17646.0,1050.0,87.5,0.1,-0.05,1218672000.0
2008-08-13,15.0,15.2,15.0,15.2,15.075614366729678,529.0,2.0,7975.0,529.0,100.0,0.2,0.2,1218585600.0
2008-08-12,14.9,15.7,14.9,15.6,15.55,600.0,3.0,9330.0,600.0,100.0,0.8,0.7,1218499200.0
2008-08-11,15.85,16.0,15.85,15.95,15.902649006622516,7550.0,22.0,120065.0,7550.0,100.0,0.15,0.1,1218412800.0
2008-08-08,14.7,14.75,14.7,14.75,14.733333333333333,150.0,3.0,2210.0,150.0,100.0,0.05,0.05,1218153600.0
2008-08-07,14.65,15.5,14.65,15.35,14.865671641791044,201.0,6.0,2988.0,100.0,49.75,0.85,0.7,1218067200.0
2008-08-06,15.2,15.9,14.6,14.65,14.960577791152572,3323.0,18.0,49714.0,2888.0,86.91,1.3,-0.55,1217980800.0
2008-08-05,15.15,15.8,15.0,15.0,15.107954545454543,352.0,6.0,5318.0,351.0,99.72,0.8,-0.15,1217894400.0
2008-08-04,16.55,16.55,14.4,15.45,15.4389721627409,1401.0,18.0,21630.0,1301.0,92.86,2.15,-1.1,1217808000.0
2008-08-01,16.1,16.1,15.0,15.0,15.278181818181816,1650.0,27.0,25209.0,1300.0,78.79,1.1,-1.1,1217548800.0
2008-07-31,15.5,16.5,15.4,16.11,15.97286973555338,10210.0,45.0,163083.0,9710.0,95.1,1.1,0.61,1217462400.0
2008-07-30,15.75,15.75,13.0,14.84,13.090549127465856,210880.0,62.0,2760535.0,202315.0,95.94,2.75,-0.91,1217376000.0
2008-07-29,13.65,14.4,13.65,14.3,14.157714285714285,1750.0,9.0,24776.0,1700.0,97.14,0.75,0.65,1217289600.0
2008-07-28,14.4,15.65,14.05,14.4,14.595396020288725,2563.0,25.0,37408.0,1828.0,71.32,1.6,0.0,1217203200.0
2008-07-25,13.1,14.0,13.1,14.0,13.6,1200.0,4.0,16320.0,1200.0,100.0,0.9,0.9,1216944000.0
2008-07-24,14.79,14.79,13.0,13.89,13.56078431372549,2550.0,10.0,34580.0,2500.0,98.04,1.79,-0.9,1216857600.0
2008-07-23,13.5,13.75,13.37,13.52,13.504108723135271,6328.0,19.0,85454.0,6276.0,99.18,0.38,0.02,1216771200.0
2008-07-22,14.38,14.38,13.18,13.18,14.14516129032258,248.0,3.0,3508.0,200.0,80.65,1.2,-1.2,1216684800.0
2008-07-18,12.56,13.0,12.56,13.0,12.75925925925926,4050.0,9.0,51675.0,3550.0,87.65,0.44,0.44,1216339200.0
2008-07-17,12.5,13.35,12.5,12.55,12.940439743946564,3593.0,17.0,46495.0,2993.0,83.3,0.85,0.05,1216252800.0
2008-07-16,12.51,13.75,12.5,12.5,12.932027649769584,868.0,11.0,11225.0,822.0,94.7,1.25,-0.01,1216166400.0
2008-07-15,13.49,13.49,13.0,13.0,13.227272727272728,1100.0,9.0,14550.0,600.0,54.55,0.49,-0.49,1216080000.0
2008-07-14,12.67,14.0,12.65,13.79,13.571266968325792,1768.0,7.0,23994.0,1568.0,88.69,1.35,1.12,1215993600.0
2008-07-11,13.8,13.8,13.05,13.1,13.128440366972477,1199.0,7.0,15741.0,900.0,75.06,0.75,-0.7,1215734400.0
2008-07-09,12.7,13.6,12.7,13.6,13.44153846153846,650.0,5.0,8737.0,650.0,100.0,0.9,0.9,1215561600.0
2008-07-08,13.9,13.9,12.75,13.18,13.156126482213438,506.0,7.0,6657.0,203.0,40.12,1.15,-0.72,1215475200.0
2008-07-07,12.8,13.6,12.8,13.6,13.524242424242424,3300.0,5.0,44630.0,3100.0,93.94,0.8,0.8,1215388800.0
2008-07-04,13.2,13.3,12.5,12.55,13.190625,1600.0,6.0,21105.0,1550.0,96.88,0.8,-0.65,1215129600.0
2008-07-03,12.9,13.0,11.7,11.7,12.224598930481283,1870.0,13.0,22860.0,1445.0,77.27,1.3,-1.2,1215043200.0
2008-07-02,12.8,13.68,11.8,12.74,12.307458073899012,22003.0,38.0,270801.0,21298.0,96.8,1.88,-0.06,1214956800.0
2008-07-01,13.5,13.5,12.6,12.8,13.015,3000.0,12.0,39045.0,2550.0,85.0,0.9,-0.7,1214870400.0
2008-06-30,13.5,13.5,13.1,13.12,13.415427187824282,2891.0,12.0,38784.0,2751.0,95.16,0.4,-0.38,1214784000.0
2008-06-27,13.0,13.5,12.01,12.59,12.828590463500523,10507.0,47.0,134790.0,9531.0,90.71,1.49,-0.41,1214524800.0
2008-06-26,12.97,13.5,12.97,13.49,13.451764705882352,1700.0,9.0,22868.0,1700.0,100.0,0.53,0.52,1214438400.0
2008-06-25,13.0,13.0,12.5,12.5,12.951,1000.0,3.0,12951.0,1000.0,100.0,0.5,-0.5,1214352000.0
2008-06-24,13.0,13.5,12.6,12.7,13.086134148115816,6873.0,27.0,89941.0,6823.0,99.27,0.9,-0.3,1214265600.0
2008-06-23,10.39,14.5,10.39,13.0,13.703578234173197,14169.0,28.0,194166.0,12298.0,86.8,4.11,2.61,1214179200.0
2008-06-20,12.85,14.5,12.8,12.87,14.070173187940988,7795.0,25.0,109677.0,7795.0,100.0,1.7,0.02,1213920000.0
2008-06-19,13.05,13.05,12.8,12.8,13.0,1266.0,5.0,16458.0,1266.0,100.0,0.25,-0.25,1213833600.0
2008-06-18,13.25,13.25,13.25,13.25,13.25,400.0,1.0,5300.0,400.0,100.0,0.0,0.0,1213747200.0
2008-06-17,13.0,13.0,13.0,13.0,13.0,722.0,1.0,9386.0,722.0,100.0,0.0,0.0,1213660800.0
2008-06-16,12.9,13.1,12.8,13.1,12.946788990825688,1090.0,6.0,14112.0,690.0,63.3,0.3,0.2,1213574400.0
2008-06-13,16.19,16.19,13.05,13.05,13.071428571428571,252.0,3.0,3294.0,251.0,99.6,3.14,-3.14,1213315200.0
2008-06-11,13.5,13.55,13.5,13.5,13.519870235198702,1233.0,14.0,16670.0,1233.0,100.0,0.05,0.0,1213142400.0
2008-06-10,12.15,13.5,12.0,13.49,13.02622950819672,1525.0,5.0,19865.0,1325.0,86.89,1.5,1.34,1213056000.0
2008-06-09,12.2,13.5,12.1,13.4,12.863295880149812,1068.0,14.0,13738.0,904.0,84.64,1.4,1.2,1212969600.0
2008-06-06,13.7,13.8,13.25,13.25,13.731388767958206,2297.0,5.0,31541.0,2297.0,100.0,0.55,-0.45,1212710400.0
2008-06-05,12.65,13.0,12.5,13.0,12.546948356807512,426.0,4.0,5345.0,426.0,100.0,0.5,0.35,1212624000.0
2008-06-04,15.0,15.0,13.0,13.0,13.683900523560208,1528.0,6.0,20909.0,1150.0,75.26,2.0,-2.0,1212537600.0
2008-06-03,12.5,13.65,12.5,13.21,13.255749469907029,6131.0,26.0,81271.0,6089.0,99.31,1.15,0.71,1212451200.0
2008-06-02,13.0,13.0,13.0,13.0,13.0,503.0,3.0,6539.0,503.0,100.0,0.0,0.0,1212364800.0
2008-05-30,13.0,13.58,13.0,13.01,13.084357356360012,3011.0,20.0,39397.0,2460.0,81.7,0.58,0.01,1212105600.0
2008-05-29,13.5,13.5,13.0,13.17,13.274210526315787,3800.0,14.0,50442.0,2800.0,73.68,0.5,-0.33,1212019200.0
2008-05-28,12.75,14.25,12.75,14.2,13.985620762216506,8554.0,17.0,119633.0,8544.0,99.88,1.5,1.45,1211932800.0
2008-05-27,13.2,13.2,13.0,13.01,13.0736,2500.0,9.0,32684.0,2500.0,100.0,0.2,-0.19,1211846400.0
2008-05-26,13.05,13.2,13.05,13.2,13.159287257019438,1852.0,4.0,24371.0,1852.0,100.0,0.15,0.15,1211760000.0
2008-05-23,13.82,15.0,13.75,13.79,13.925786163522012,795.0,10.0,11071.0,616.0,77.48,1.25,-0.03,1211500800.0
2008-05-22,14.0,14.11,14.0,14.1,14.0975,1200.0,6.0,16917.0,1200.0,100.0,0.11,0.1,1211414400.0
2008-05-21,13.95,14.9,13.95,14.0,14.238377007607776,3549.0,14.0,50532.0,3544.0,99.86,0.95,0.05,1211328000.0
2008-05-20,14.1,15.5,14.02,14.57,14.719579773724313,8662.0,67.0,127501.0,4674.0,53.96,1.48,0.47,1211241600.0
2008-05-16,13.2,13.3,13.15,13.3,13.21761658031088,579.0,3.0,7653.0,579.0,100.0,0.15,0.1,1210896000.0
2008-05-15,13.35,14.4,13.35,14.35,14.0234375,3200.0,9.0,44875.0,1000.0,31.25,1.05,1.0,1210809600.0
2008-05-14,13.5,14.1,13.5,14.08,13.874414976599065,2564.0,17.0,35574.0,2244.0,87.52,0.6,0.58,1210723200.0
2008-05-13,13.8,14.58,13.0,13.1,13.57728253055356,4173.0,28.0,56658.0,2614.0,62.64,1.58,-0.7,1210636800.0
2008-05-12,12.65,14.9,12.5,13.79,13.320967741935483,3100.0,17.0,41295.0,1500.0,48.39,2.4,1.14,1210550400.0
2008-05-09,12.61,13.8,12.61,13.8,13.507392996108948,1285.0,7.0,17357.0,1285.0,100.0,1.19,1.19,1210291200.0
2008-05-08,12.0,13.43,11.75,12.9,12.698181818181816,550.0,7.0,6984.0,300.0,54.55,1.68,0.9,1210204800.0
2008-05-07,13.99,13.99,13.0,13.05,13.02076677316294,1252.0,7.0,16302.0,1250.0,99.84,0.99,-0.94,1210118400.0
2008-05-06,13.1,13.8,13.05,13.46,13.272896327289631,2151.0,11.0,28550.0,2150.0,99.95,0.75,0.36,1210032000.0
2008-05-05,13.25,13.88,13.0,13.88,13.167874396135264,1656.0,13.0,21806.0,1318.0,79.59,0.88,0.63,1209945600.0
2008-05-02,12.85,13.5,12.75,13.09,13.263504611330696,3795.0,22.0,50335.0,3195.0,84.19,0.75,0.24,1209686400.0
2008-04-30,13.2,13.9,13.2,13.26,13.273284870513402,4402.0,9.0,58429.0,4402.0,100.0,0.7,0.06,1209513600.0
2008-04-28,14.0,14.0,13.27,13.8,13.651982378854624,227.0,4.0,3099.0,176.0,77.53,0.73,-0.2,1209340800.0
2008-04-25,14.5,15.0,13.46,14.58,14.168350730688935,11975.0,25.0,169666.0,3725.0,31.11,1.54,0.08,1209081600.0
2008-04-24,13.2,14.4,13.2,14.2,13.99140154772141,1163.0,14.0,16272.0,1062.0,91.32,1.2,1.0,1208995200.0
2008-04-23,13.2,14.0,12.75,13.11,13.391722099039171,1353.0,19.0,18119.0,1342.0,99.19,1.25,-0.09,1208908800.0
2008-04-22,12.5,13.4,12.5,13.08,12.841344537815123,2975.0,19.0,38203.0,2240.0,75.29,0.9,0.58,1208822400.0
2008-04-21,12.82,12.85,12.82,12.85,12.828685258964144,251.0,2.0,3220.0,251.0,100.0,0.03,0.03,1208736000.0
2008-04-17,12.2,13.53,12.2,12.45,12.818142548596112,2315.0,16.0,29674.0,2305.0,99.57,1.33,0.25,1208390400.0
2008-04-16,12.3,12.73,12.3,12.45,12.540932642487046,5790.0,25.0,72612.0,5540.0,95.68,0.43,0.15,1208304000.0
2008-04-15,11.98,12.2,11.56,11.58,11.841638225255972,2930.0,14.0,34696.0,2730.0,93.17,0.64,-0.4,1208217600.0
2008-04-11,10.82,11.95,10.82,11.95,11.48976109215017,3516.0,23.0,40398.0,3065.0,87.17,1.13,1.13,1207872000.0
2008-04-10,10.81,11.9,10.81,10.87,11.031354983202688,3572.0,28.0,39404.0,3000.0,83.99,1.09,0.06,1207785600.0
2008-04-09,10.56,12.2,10.56,11.52,11.474866717440976,2626.0,22.0,30133.0,2325.0,88.54,1.64,0.96,1207699200.0
2008-04-08,11.75,11.75,11.03,11.4,11.727347611202635,1214.0,3.0,14237.0,1189.0,97.94,0.72,-0.35,1207612800.0
2008-04-07,11.2,11.75,11.2,11.57,11.29818181818182,550.0,6.0,6214.0,550.0,100.0,0.55,0.37,1207526400.0
2008-04-04,11.98,12.0,11.16,11.99,11.791166214645486,2581.0,19.0,30433.0,1978.0,76.64,0.84,0.01,1207267200.0
2008-04-03,12.23,12.23,11.99,11.99,12.127906976744184,172.0,2.0,2086.0,172.0,100.0,0.24,-0.24,1207180800.0
2008-04-02,12.0,13.0,11.9,11.9,12.168181818181818,2200.0,16.0,26770.0,2200.0,100.0,1.1,-0.1,1207094400.0
2008-04-01,10.61,12.5,10.61,12.48,11.948543424993192,3673.0,28.0,43887.0,3450.0,93.93,1.89,1.87,1207008000.0
2008-03-31,10.7,11.5,10.5,11.5,10.63403041825095,1052.0,7.0,11187.0,1050.0,99.81,1.0,0.8,1206921600.0
2008-03-28,10.1,11.2,10.1,11.2,11.00811209439528,1356.0,6.0,14927.0,756.0,55.75,1.1,1.1,1206662400.0
2008-03-27,10.65,10.95,10.35,10.5,10.562081784386615,2690.0,13.0,28412.0,2690.0,100.0,0.6,-0.15,1206576000.0
2008-03-26,10.5,10.9,9.9,10.25,10.131128313394324,4263.0,29.0,43189.0,4113.0,96.48,1.0,-0.25,1206489600.0
2008-03-25,10.05,10.25,10.01,10.1,10.087220149253731,2144.0,12.0,21627.0,2044.0,95.34,0.24,0.05,1206403200.0
2008-03-24,10.27,10.79,10.25,10.48,10.411262798634812,5860.0,11.0,61010.0,5460.0,93.17,0.54,0.21,1206316800.0
2008-03-19,9.68,11.55,9.68,11.0,9.773246798001264,17411.0,16.0,170162.0,17351.0,99.66,1.87,1.32,1205884800.0
2008-03-18,11.98,11.99,10.7,10.7,11.28181818181818,1650.0,12.0,18615.0,1164.0,70.55,1.29,-1.28,1205798400.0
2008-03-17,10.53,11.4,10.53,11.4,11.309792284866468,3370.0,12.0,38114.0,3360.0,99.7,0.87,0.87,1205712000.0
2008-03-14,10.6,11.6,10.51,11.6,10.885416666666666,2400.0,11.0,26125.0,1445.0,60.21,1.09,1.0,1205452800.0
2008-03-13,11.6,11.6,11.0,11.4,11.450373532550692,937.0,7.0,10729.0,837.0,89.33,0.6,-0.2,1205366400.0
2008-03-12,12.98,12.98,11.05,11.52,11.541882876204596,5396.0,31.0,62280.0,4474.0,82.91,1.93,-1.46,1205280000.0
2008-03-11,12.92,12.92,11.6,11.8,11.772032902467684,851.0,18.0,10018.0,835.0,98.12,1.32,-1.12,1205193600.0
2008-03-10,12.05,12.05,11.75,11.75,11.928571428571429,1680.0,11.0,20040.0,1680.0,100.0,0.3,-0.3,1205107200.0
2008-03-07,12.2,12.7,11.65,12.7,12.249878522837706,8232.0,57.0,100841.0,6482.0,78.74,1.05,0.5,1204848000.0
2008-03-05,12.25,12.26,12.05,12.1,12.211482558139537,1376.0,9.0,16803.0,1376.0,100.0,0.21,-0.15,1204675200.0
2008-03-04,12.75,12.75,12.67,12.67,12.70017152658662,2915.0,19.0,37021.0,2915.0,100.0,0.08,-0.08,1204588800.0
2008-03-03,13.33,13.33,12.7,13.33,13.093421052631578,760.0,8.0,9951.0,650.0,85.53,0.63,0.0,1204502400.0
2008-02-29,13.48,13.55,12.7,12.7,13.490136570561456,2636.0,10.0,35560.0,2636.0,100.0,0.85,-0.78,1204243200.0
2008-02-28,12.91,12.91,12.91,12.91,12.901960784313724,51.0,1.0,658.0,51.0,100.0,0.0,0.0,1204156800.0
2008-02-27,13.45,13.45,13.15,13.2,13.306666666666668,2250.0,9.0,29940.0,2050.0,91.11,0.3,-0.25,1204070400.0
2008-02-26,13.11,13.5,13.11,13.5,13.36,175.0,3.0,2338.0,175.0,100.0,0.39,0.39,1203984000.0
2008-02-25,13.2,14.4,13.2,13.6,14.020559210526317,7296.0,33.0,102294.0,6625.0,90.8,1.2,0.4,1203897600.0
2008-02-22,13.35,13.75,13.28,13.75,13.395871281117184,1647.0,7.0,22063.0,1597.0,96.96,0.47,0.4,1203638400.0
2008-02-21,13.5,14.0,13.45,13.97,13.710846426761275,3946.0,19.0,54103.0,3851.0,97.59,0.55,0.47,1203552000.0
2008-02-20,14.14,14.14,13.5,13.85,13.787956438180652,1561.0,17.0,21523.0,1461.0,93.59,0.64,-0.29,1203465600.0
2008-02-19,12.65,13.59,12.65,13.54,13.280701754385964,5244.0,33.0,69644.0,3967.0,75.65,0.94,0.89,1203379200.0
2008-02-18,12.85,13.45,12.53,12.95,12.77253902516725,3139.0,16.0,40093.0,3131.0,99.75,0.92,0.1,1203292800.0
2008-02-15,12.05,13.0,12.0,13.0,12.486658993407971,9557.0,29.0,119335.0,7557.0,79.07,1.0,0.95,1203033600.0
2008-02-14,12.15,13.15,12.15,12.6,12.474226804123711,1940.0,20.0,24200.0,1250.0,64.43,1.0,0.45,1202947200.0
2008-02-13,12.98,13.2,11.96,12.56,12.060385567474308,13331.0,25.0,160777.0,12850.0,96.39,1.24,-0.42,1202860800.0
2008-02-12,12.35,13.0,12.35,12.58,12.411965811965812,3510.0,19.0,43566.0,3210.0,91.45,0.65,0.23,1202774400.0
2008-02-11,14.0,14.0,12.99,12.99,13.05951532430506,5612.0,26.0,73290.0,5585.0,99.52,1.01,-1.01,1202688000.0
2008-02-08,13.56,14.45,13.56,13.67,13.778830752802987,7492.0,30.0,103231.0,4025.0,53.72,0.89,0.11,1202428800.0
2008-02-07,14.84,14.94,14.15,14.27,14.784100246507808,4868.0,27.0,71969.0,4568.0,93.84,0.79,-0.57,1202342400.0
2008-02-06,13.95,14.25,13.6,14.23,13.995410504844468,3922.0,27.0,54890.0,3920.0,99.95,0.65,0.28,1202256000.0
2008-02-05,13.7,13.74,13.7,13.7,13.722898230088497,1808.0,11.0,24811.0,1808.0,100.0,0.04,0.0,1202169600.0
2008-02-04,13.75,13.75,13.0,13.09,13.260842237586424,6364.0,48.0,84392.0,5761.0,90.52,0.75,-0.66,1202083200.0
2008-02-01,14.4,14.4,13.1,13.14,13.355810256839288,11953.0,38.0,159642.0,11210.0,93.78,1.3,-1.26,1201824000.0
2008-01-31,14.0,14.4,13.7,13.75,13.82399299474606,3426.0,21.0,47361.0,3051.0,89.05,0.7,-0.25,1201737600.0
2008-01-30,14.2,14.4,13.9,14.4,14.27127819548872,3325.0,12.0,47452.0,3300.0,99.25,0.5,0.2,1201651200.0
2008-01-29,13.25,14.55,13.25,13.75,13.829059829059828,4095.0,19.0,56630.0,3300.0,80.59,1.3,0.5,1201564800.0
2008-01-28,15.3,15.3,13.9,13.9,14.236959761549924,1342.0,8.0,19106.0,1340.0,99.85,1.4,-1.4,1201478400.0
2008-01-25,14.3,15.1,14.25,14.6,14.353346635225828,5513.0,40.0,79130.0,5213.0,94.56,0.85,0.3,1201219200.0
2008-01-24,14.95,15.15,14.95,14.95,15.041877256317688,2770.0,15.0,41666.0,1980.0,71.48,0.2,0.0,1201132800.0
2008-01-23,15.7,16.45,15.7,15.7,15.805062882940986,6202.0,33.0,98023.0,6054.0,97.61,0.75,0.0,1201046400.0
2008-01-22,16.85,16.85,16.5,16.5,16.688432835820898,536.0,6.0,8945.0,536.0,100.0,0.35,-0.35,1200960000.0
2008-01-21,17.25,17.25,16.95,16.95,17.06853879105188,2101.0,13.0,35861.0,2001.0,95.24,0.3,-0.3,1200873600.0
2008-01-18,17.0,18.65,17.0,17.8,18.1830422480242,10249.0,57.0,186358.0,8775.0,85.62,1.65,0.8,1200614400.0
2008-01-17,17.85,18.05,16.5,17.8,17.653235410877333,5038.0,41.0,88937.0,3913.0,77.67,1.55,-0.05,1200528000.0
2008-01-16,17.4,18.2,17.2,17.2,17.437547642382665,9183.0,36.0,160129.0,8025.0,87.39,1.0,-0.2,1200441600.0
2008-01-15,19.1,19.1,17.55,18.1,18.59434369602764,4632.0,34.0,86129.0,4068.0,87.82,1.55,-1.0,1200355200.0
2008-01-14,17.0,18.7,17.0,18.25,17.756756756756754,5809.0,48.0,103149.0,5173.0,89.05,1.7,1.25,1200268800.0
2008-01-11,17.85,18.75,17.85,17.85,17.997300424219052,7779.0,55.0,140001.0,6355.0,81.69,0.9,0.0,1200009600.0
2008-01-10,19.8,19.9,18.5,18.75,19.11225045372051,11020.0,61.0,210617.0,8722.0,79.15,1.4,-1.05,1199923200.0
2008-01-09,19.45,19.95,19.4,19.45,19.464817267980983,12833.0,71.0,249792.0,11735.0,91.44,0.55,0.0,1199836800.0
2008-01-08,21.25,21.95,20.4,20.4,20.936526431988224,16306.0,78.0,341391.0,15832.0,97.09,1.55,-0.85,1199750400.0
2008-01-07,20.55,22.4,20.5,21.45,21.72789663369373,26082.0,108.0,566707.0,22731.0,87.15,1.9,0.9,1199664000.0
2008-01-04,23.0,23.05,21.35,21.35,21.70185016681832,23079.0,110.0,500857.0,20474.0,88.71,1.7,-1.65,1199404800.0
2008-01-03,23.5,24.0,22.45,22.45,22.760397796591366,27049.0,137.0,615646.0,23014.0,85.08,1.55,-1.05,1199318400.0
2008-01-02,25.0,25.0,22.9,23.6,23.553788851785253,38930.0,123.0,916949.0,33547.0,86.17,2.1,-1.4,1199232000.0
2008-01-01,25.0,25.6,23.8,24.05,24.39808828863428,46869.0,218.0,1143514.0,33473.0,71.42,1.8,-0.95,1199145600.0
2007-12-31,22.03,25.25,22.03,25.01,24.26403112490153,62201.0,263.0,1509247.0,49502.0,79.58,3.22,2.98,1199059200.0
2007-12-28,23.2,24.0,22.58,23.15,23.23675174013921,43100.0,187.0,1001504.0,34143.0,79.22,1.42,-0.05,1198800000.0
2007-12-27,21.55,22.58,20.85,22.58,22.29458368248648,39381.0,122.0,877983.0,36861.0,93.6,1.73,1.03,1198713600.0
2007-12-26,19.24,20.53,18.86,20.53,20.13333570058945,28162.0,72.0,566995.0,25362.0,90.06,1.67,1.29,1198627200.0
2007-12-24,19.15,19.5,18.55,18.67,19.03426892950392,9192.0,37.0,174963.0,6119.0,66.57,0.95,-0.48,1198454400.0
2007-12-20,20.0,20.0,19.1,19.18,19.562771472607537,14274.0,74.0,279239.0,10604.0,74.29,0.9,-0.82,1198108800.0
2007-12-19,18.75,20.9,18.75,20.11,20.228349219343897,17101.0,83.0,345925.0,13900.0,81.28,2.15,1.36,1198022400.0
2007-12-18,21.0,21.0,18.82,19.35,19.36594351207532,17101.0,101.0,331177.0,10879.0,63.62,2.18,-1.65,1197936000.0
2007-12-17,20.0,21.6,20.0,20.82,21.144337802979248,43031.0,182.0,909862.0,33690.0,78.29,1.6,0.82,1197849600.0
2007-12-14,22.35,22.35,19.55,20.2,20.605075972616465,29945.0,156.0,617019.0,26104.0,87.17,2.8,-2.15,1197590400.0
2007-12-13,23.0,23.0,20.5,21.52,21.491569056506627,54383.0,308.0,1168776.0,39670.0,72.95,2.5,-1.48,1197504000.0
2007-12-12,22.55,23.5,19.8,22.55,22.737558300874305,59819.0,252.0,1360138.0,42276.0,70.67,3.7,0.0,1197417600.0
2007-12-11,22.74,25.0,21.4,21.99,24.018353265869365,152180.0,642.0,3655113.0,105214.0,69.14,3.6,-0.75,1197331200.0
2007-12-10,22.45,22.91,21.0,22.91,22.17361401330165,167498.0,570.0,3714036.0,102960.0,61.47,1.91,0.46,1197244800.0
2007-12-07,18.9,20.83,18.4,20.83,20.102194555437887,224738.0,689.0,4517727.0,137136.0,61.02,2.43,1.93,1196985600.0
2007-12-06,14.6,17.36,14.21,17.36,16.967611577222858,100715.0,295.0,1708893.0,62043.0,61.6,3.15,2.76,1196899200.0
2007-12-05,14.0,14.55,13.85,14.47,14.26270207852194,6928.0,36.0,98812.0,6700.0,96.71,0.7,0.47,1196812800.0
2007-12-04,13.37,14.3,13.37,13.93,14.071390910049562,9483.0,39.0,133439.0,8280.0,87.31,0.93,0.56,1196726400.0
2007-12-03,14.0,14.45,13.55,14.4,14.11992768179992,4978.0,34.0,70289.0,4806.0,96.54,0.9,0.4,1196640000.0
2007-11-30,14.75,15.5,13.2,13.91,13.905451866404716,4072.0,19.0,56623.0,3672.0,90.18,2.3,-0.84,1196380800.0
2007-11-29,14.0,14.0,12.8,13.6,13.50093574547723,4809.0,38.0,64926.0,3188.0,66.29,1.2,-0.4,1196294400.0
2007-11-28,13.25,14.7,13.2,13.99,13.939353099730456,3710.0,33.0,51715.0,3209.0,86.5,1.5,0.74,1196208000.0
2007-11-27,12.95,13.65,12.9,13.24,13.130965593784683,901.0,10.0,11831.0,700.0,77.69,0.75,0.29,1196121600.0
2007-11-26,13.28,14.0,13.01,13.45,13.5998877140451,10687.0,37.0,145342.0,10031.0,93.86,0.99,0.17,1196035200.0
2007-11-23,13.8,14.0,13.11,13.46,13.710643015521065,3608.0,33.0,49468.0,3535.0,97.98,0.89,-0.34,1195776000.0
2007-11-22,13.11,13.67,13.11,13.47,13.288119440914866,3148.0,17.0,41831.0,2283.0,72.52,0.56,0.36,1195689600.0
2007-11-21,14.94,14.94,13.3,13.58,14.109484739087629,15235.0,71.0,214958.0,13232.0,86.85,1.64,-1.36,1195603200.0
2007-11-20,14.5,15.4,14.0,14.49,14.617077145961607,22088.0,80.0,322862.0,21000.0,95.07,1.4,-0.01,1195516800.0
2007-11-19,13.56,16.5,13.55,14.3,14.780914024369432,58598.0,196.0,866132.0,46912.0,80.06,2.95,0.74,1195430400.0
2007-11-16,13.5,15.49,13.5,14.06,14.361727945637664,41205.0,126.0,591775.0,32461.0,78.78,1.99,0.56,1195171200.0
2007-11-15,12.84,13.59,12.84,13.04,13.103529875764147,5071.0,25.0,66448.0,4871.0,96.06,0.75,0.2,1195084800.0
2007-11-14,13.0,13.54,12.8,12.91,13.047437185929647,9950.0,39.0,129822.0,9550.0,95.98,0.74,-0.09,1194998400.0
2007-11-13,13.75,13.8,12.7,12.99,13.305314895034988,12004.0,43.0,159717.0,10501.0,87.48,1.1,-0.76,1194912000.0
2007-11-12,13.56,14.0,13.0,13.21,13.568641794684224,4101.0,26.0,55645.0,3551.0,86.59,1.0,-0.35,1194825600.0
2007-11-09,13.25,13.25,13.25,13.25,13.25,300.0,5.0,3975.0,300.0,100.0,0.0,0.0,1194566400.0
2007-11-08,12.61,13.9,12.5,13.0,13.458759783263094,3322.0,23.0,44710.0,3301.0,99.37,1.4,0.39,1194480000.0
2007-11-07,14.35,14.35,12.0,12.86,12.780331418103088,12009.0,31.0,153479.0,10909.0,90.84,2.35,-1.49,1194393600.0
2007-11-06,14.15,14.2,12.55,12.8,13.772899098575168,10317.0,53.0,142095.0,8649.0,83.83,1.65,-1.35,1194307200.0
2007-11-05,14.0,14.5,13.2,13.71,13.9271551867773,30009.0,141.0,417940.0,24243.0,80.79,1.3,-0.29,1194220800.0
2007-11-02,12.65,12.83,11.72,12.27,12.534434989115375,10106.0,53.0,126673.0,9466.0,93.67,1.11,-0.38,1193961600.0
2007-11-01,12.41,13.45,12.41,13.0,12.931142606296248,7973.0,40.0,103100.0,6850.0,85.91,1.04,0.59,1193875200.0
2007-10-31,12.1,13.1,12.0,12.76,12.757653405259608,7415.0,51.0,94598.0,6361.0,85.79,1.1,0.66,1193788800.0
2007-10-30,12.72,13.5,12.72,12.8,13.07381313678734,18452.0,68.0,241238.0,17871.0,96.85,0.78,0.08,1193702400.0
2007-10-29,13.48,13.48,12.65,12.72,12.874045432576125,10345.0,50.0,133182.0,9717.0,93.93,0.83,-0.76,1193616000.0
2007-10-26,13.98,13.98,12.8,12.83,13.129142999812744,16021.0,56.0,210342.0,11423.0,71.3,1.18,-1.15,1193356800.0
2007-10-25,15.5,15.5,13.25,13.35,13.766972612515072,40639.0,128.0,559476.0,36461.0,89.72,2.25,-2.15,1193270400.0
2007-10-24,11.6,14.67,11.3,14.46,14.026984407936022,124294.0,198.0,1743470.0,44764.0,36.01,3.37,2.86,1193184000.0
2007-10-23,12.01,12.5,12.0,12.23,12.024539877300612,11410.0,15.0,137200.0,11385.0,99.78,0.5,0.22,1193097600.0
2007-10-22,12.4,12.4,11.6,11.77,11.825688073394495,981.0,16.0,11601.0,866.0,88.28,0.8,-0.63,1193011200.0
2007-10-19,12.0,12.0,11.6,11.63,11.81003777657852,5559.0,26.0,65652.0,5559.0,100.0,0.4,-0.37,1192752000.0
2007-10-18,12.27,12.75,12.27,12.34,12.49839527901439,9659.0,30.0,120722.0,9639.0,99.79,0.48,0.07,1192665600.0
2007-10-17,12.5,13.0,11.85,12.16,12.30238997376858,13724.0,32.0,168838.0,13724.0,100.0,1.15,-0.34,1192579200.0
2007-10-16,12.45,13.0,12.42,13.0,12.747142857142856,7700.0,17.0,98153.0,7200.0,93.51,0.58,0.55,1192492800.0
2007-10-15,12.77,13.2,12.65,13.2,13.016846789574062,3146.0,19.0,40951.0,3146.0,100.0,0.55,0.43,1192406400.0
2007-10-12,12.5,13.25,12.5,12.88,13.088592233009708,2472.0,15.0,32355.0,2277.0,92.11,0.75,0.38,1192147200.0
2007-10-11,12.7,12.72,12.7,12.7,12.704361873990306,1238.0,7.0,15728.0,1238.0,100.0,0.02,0.0,1192060800.0
2007-10-10,12.5,13.35,12.5,12.83,12.989829022358617,11405.0,53.0,148149.0,10415.0,91.32,0.85,0.33,1191974400.0
2007-10-09,13.0,13.5,12.3,13.1,12.980398355991149,6326.0,22.0,82114.0,4626.0,73.13,1.2,0.1,1191888000.0
2007-10-08,10.5,14.25,10.5,13.46,13.43437345220406,10095.0,40.0,135620.0,9689.0,95.98,3.75,2.96,1191801600.0
2007-10-05,13.5,13.93,13.0,13.07,13.17677001388246,12966.0,39.0,170850.0,12716.0,98.07,0.93,-0.43,1191542400.0
2007-10-04,12.9,13.65,12.75,13.3,12.99870036101083,6925.0,23.0,90016.0,4600.0,66.43,0.9,0.4,1191456000.0
2007-10-03,13.2,13.49,13.0,13.0,13.162090221350518,21414.0,61.0,281853.0,16300.0,76.12,0.49,-0.2,1191369600.0
2007-10-01,13.85,14.0,13.11,13.3,13.666203887346292,15126.0,56.0,206715.0,13280.0,87.8,0.89,-0.55,1191196800.0
2007-09-28,12.95,13.49,12.95,13.03,13.094049520766772,5008.0,21.0,65575.0,4983.0,99.5,0.54,0.08,1190937600.0
2007-09-27,13.05,13.5,13.01,13.07,13.12864,3125.0,23.0,41027.0,3000.0,96.0,0.49,0.02,1190851200.0
2007-09-26,13.7,13.7,12.85,13.5,13.364984863773964,9910.0,34.0,132447.0,6585.0,66.45,0.85,-0.2,1190764800.0
2007-09-25,13.05,13.5,13.05,13.1,13.268748331998932,3747.0,17.0,49718.0,3247.0,86.66,0.45,0.05,1190678400.0
2007-09-24,12.9,13.85,12.9,13.29,13.293224932249322,12915.0,47.0,171682.0,12890.0,99.81,0.95,0.39,1190592000.0
2007-09-21,13.5,14.75,13.3,13.96,13.8209329393858,11169.0,52.0,154366.0,9199.0,82.36,1.45,0.46,1190332800.0
2007-09-20,14.0,14.0,13.55,13.6,13.808112472689276,10527.0,37.0,145358.0,9652.0,91.69,0.45,-0.4,1190246400.0
2007-09-19,14.8,14.8,13.8,13.95,14.023800528900642,10588.0,44.0,148484.0,10136.0,95.73,1.0,-0.85,1190160000.0
2007-09-18,13.65,14.89,13.6,14.5,14.377956436384032,10697.0,51.0,153801.0,6917.0,64.66,1.29,0.85,1190073600.0
2007-09-17,13.55,14.25,13.55,14.21,13.754431314623336,2708.0,20.0,37247.0,2383.0,88.0,0.7,0.66,1189987200.0
2007-09-14,13.51,15.4,13.51,14.21,14.65869096473534,14377.0,70.0,210748.0,11704.0,81.41,1.89,0.7,1189728000.0
2007-09-13,13.81,15.0,13.8,14.26,14.558138025060051,15403.0,87.0,224239.0,12021.0,78.04,1.2,0.45,1189641600.0
2007-09-12,13.75,14.9,13.41,13.62,14.127866856099049,24635.0,87.0,348040.0,12161.0,49.36,1.49,-0.13,1189555200.0
2007-09-11,13.7,13.84,13.2,13.28,13.509966618979494,10485.0,56.0,141652.0,7750.0,73.92,0.64,-0.42,1189468800.0
2007-09-10,13.4,13.85,13.0,13.59,13.400064845108616,33927.0,118.0,454624.0,31827.0,93.81,0.85,0.19,1189382400.0
2007-09-07,13.7,14.23,13.43,13.55,13.767259786476869,14050.0,72.0,193430.0,11265.0,80.18,0.8,-0.15,1189123200.0
2007-09-06,14.5,14.5,13.55,13.89,14.025116638866727,41367.0,100.0,580177.0,19257.0,46.55,0.95,-0.61,1189036800.0
2007-09-05,13.9,15.19,13.82,14.01,14.6764621549608,142991.0,297.0,2098602.0,50467.0,35.29,1.37,0.11,1188950400.0
2007-09-04,13.1,14.5,13.1,13.81,13.659458443023691,5318.0,34.0,72641.0,4593.0,86.37,1.4,0.71,1188864000.0
2007-09-03,12.75,14.0,12.7,13.84,13.75329794335484,31459.0,73.0,432665.0,15372.0,48.86,1.3,1.09,1188777600.0
2007-08-31,13.06,13.6,13.02,13.43,13.302185380557647,6635.0,41.0,88260.0,5110.0,77.02,0.58,0.37,1188518400.0
2007-08-30,13.05,13.45,13.0,13.16,13.129325220234312,11011.0,46.0,144567.0,7177.0,65.18,0.45,0.11,1188432000.0
2007-08-29,13.29,13.34,12.72,13.32,13.227970557308096,4755.0,28.0,62899.0,3890.0,81.81,0.62,0.03,1188345600.0
2007-08-28,12.6,13.47,12.5,13.04,13.080025073129962,9572.0,66.0,125202.0,5036.0,52.61,0.97,0.44,1188259200.0
2007-08-27,14.0,14.28,12.81,13.15,13.259413957074926,15562.0,70.0,206343.0,14060.0,90.35,1.47,-0.85,1188172800.0
2007-08-24,12.7,13.57,12.63,13.47,13.119209607761936,16903.0,104.0,221754.0,9425.0,55.76,0.94,0.77,1187913600.0
2007-08-23,15.2,15.2,13.05,13.11,13.752914776330552,20499.0,111.0,281921.0,13123.0,64.02,2.15,-2.09,1187827200.0
2007-08-22,15.25,16.45,14.2,14.49,15.463443140989568,23101.0,181.0,357221.0,19065.0,82.53,2.25,-0.76,1187740800.0
2007-08-21,17.57,17.58,15.37,15.71,17.24848467722565,353885.0,901.0,6103980.0,171783.0,48.54,2.21,-1.86,1187654400.0
2007-08-20,14.5,15.99,13.5,15.99,15.74448949350676,48589.0,144.0,765009.0,46483.0,95.67,2.49,1.49,1187568000.0
2007-08-17,14.7,15.2,12.59,13.33,13.916590850570763,116510.0,347.0,1621422.0,52714.0,45.24,2.61,-1.37,1187308800.0
2007-08-16,11.85,13.25,11.3,12.82,12.472967041006694,54674.0,163.0,681947.0,33978.0,62.15,1.95,0.97,1187222400.0
2007-08-14,11.06,11.57,11.06,11.25,11.36322463768116,4416.0,25.0,50180.0,3882.0,87.91,0.51,0.19,1187049600.0
2007-08-13,11.4,12.0,11.2,11.48,11.701280935207064,8041.0,32.0,94090.0,7056.0,87.75,0.8,0.08,1186963200.0
2007-08-10,11.0,11.55,11.0,11.39,11.03497555471982,2659.0,13.0,29342.0,2449.0,92.1,0.55,0.39,1186704000.0
2007-08-09,12.5,12.51,11.25,11.4,11.382222222222222,1800.0,16.0,20488.0,1710.0,95.0,1.26,-1.1,1186617600.0
2007-08-08,11.15,11.64,11.15,11.39,11.265333333333333,750.0,4.0,8449.0,750.0,100.0,0.49,0.24,1186531200.0
2007-08-07,11.0,11.28,11.0,11.05,11.012957746478872,3550.0,16.0,39096.0,2550.0,71.83,0.28,0.05,1186444800.0
2007-08-06,11.0,11.01,11.0,11.0,11.0,1550.0,8.0,17050.0,1550.0,100.0,0.01,0.0,1186358400.0
2007-08-03,11.26,11.49,11.01,11.22,11.19004837595024,4341.0,22.0,48576.0,4241.0,97.7,0.48,-0.04,1186099200.0
2007-08-02,12.55,12.55,11.05,11.06,11.667318026380068,2047.0,24.0,23883.0,1106.0,54.03,1.5,-1.49,1186012800.0
