Date,Open Price,High Price,Low Price,Close Price,WAP,No.of Shares,No. of Trades,Total Turnover (Rs.),Deliverable Quantity,% Deli. Qty to Traded Qty,Spread High-Low,Spread Close-Open,Unix Date
2021-05-06,4.09,4.09,4.09,4.09,4.089403973509934,302.0,3.0,1235.0,302.0,100.0,0.0,0.0,1620259200.0
2021-05-05,4.46,4.46,4.04,4.3,4.21541033858158,7177.0,16.0,30254.0,7177.0,100.0,0.4199999999999999,-0.1600000000000001,1620153000.0
2021-05-04,4.11,4.25,4.11,4.25,4.18,400.0,3.0,1672.0,400.0,100.0,0.1399999999999996,0.1399999999999996,1620086400.0
2021-05-03,4.05,4.05,4.05,4.05,4.05,100.0,1.0,405.0,100.0,100.0,0.0,0.0,1620000000.0
2021-04-30,4.11,4.11,3.74,3.86,3.947068403908794,6140.0,23.0,24235.0,6140.0,100.0,0.37,-0.25,1619740800.0
2021-04-28,3.92,3.92,3.92,3.92,3.92,200.0,1.0,784.0,200.0,100.0,0.0,0.0,1619568000.0
2021-04-27,3.86,3.86,3.86,3.86,3.86,100.0,1.0,386.0,100.0,100.0,0.0,0.0,1619481600.0
2021-04-26,3.84,3.84,3.84,3.84,3.84,300.0,2.0,1152.0,300.0,100.0,0.0,0.0,1619395200.0
2021-04-23,3.82,3.82,3.7,3.82,3.7257142857142855,1400.0,8.0,5216.0,1400.0,100.0,0.12,0.0,1619136000.0
2021-04-22,3.65,3.65,3.64,3.64,3.645,1000.0,2.0,3645.0,1000.0,100.0,0.01,-0.01,1619049600.0
2021-04-15,3.72,3.72,3.72,3.72,3.72,200.0,1.0,744.0,200.0,100.0,0.0,0.0,1618444800.0
2021-04-13,3.75,3.77,3.75,3.77,3.74,50.0,2.0,187.0,50.0,100.0,0.02,0.02,1618272000.0
2021-04-12,3.86,3.86,3.86,3.86,3.5,2.0,1.0,7.0,2.0,100.0,0.0,0.0,1618185600.0
2021-04-09,3.87,3.87,3.86,3.86,3.856410256410256,195.0,3.0,752.0,195.0,100.0,0.01,-0.01,1617926400.0
2021-04-08,4.24,4.24,3.93,3.93,4.132231404958677,2299.0,6.0,9500.0,2299.0,100.0,0.31,-0.31,1617840000.0
2021-04-06,4.22,4.22,4.04,4.04,4.21978021978022,1001.0,6.0,4224.0,1001.0,100.0,0.18,-0.18,1617667200.0
2021-04-05,4.02,4.02,4.02,4.02,4.02,1700.0,3.0,6834.0,1700.0,100.0,0.0,0.0,1617580800.0
2021-04-01,3.9,3.9,3.9,3.9,3.9,40.0,2.0,156.0,40.0,100.0,0.0,0.0,1617235200.0
2021-03-31,3.9,3.9,3.9,3.9,3.897560975609756,205.0,3.0,799.0,205.0,100.0,0.0,0.0,1617148800.0
2021-03-30,4.22,4.22,4.02,4.02,4.093023255813954,172.0,4.0,704.0,172.0,100.0,0.2,-0.2,1617062400.0
2021-03-26,4.22,4.22,4.22,4.22,4.21981981981982,1110.0,10.0,4684.0,1110.0,100.0,0.0,0.0,1616716800.0
2021-03-25,4.2,4.44,4.02,4.44,4.048980548394657,4267.0,18.0,17277.0,4267.0,100.0,0.42,0.24,1616630400.0
2021-03-24,4.22,4.23,4.22,4.23,4.229235880398671,301.0,4.0,1273.0,301.0,100.0,0.01,0.01,1616544000.0
2021-03-23,4.4,4.43,4.02,4.43,4.412710007304602,1369.0,8.0,6041.0,1369.0,100.0,0.41,0.03,1616457600.0
2021-03-22,3.9,4.22,3.82,4.22,4.046394984326018,1595.0,8.0,6454.0,1595.0,100.0,0.4,0.32,1616371200.0
2021-03-19,4.12,4.12,4.02,4.02,4.048160535117057,2990.0,15.0,12104.0,2990.0,100.0,0.1,-0.1,1616112000.0
2021-03-18,4.62,4.62,4.23,4.23,4.551324503311258,604.0,9.0,2749.0,604.0,100.0,0.39,-0.39,1616025600.0
2021-03-17,4.5,4.83,4.39,4.4,4.436221643733729,2689.0,17.0,11929.0,2689.0,100.0,0.44,-0.1,1615939200.0
2021-03-16,4.53,4.6,4.45,4.6,4.519806471121863,3307.0,15.0,14947.0,3307.0,100.0,0.15,0.07,1615852800.0
2021-03-15,4.7,4.7,4.53,4.53,4.698315467075038,653.0,4.0,3068.0,653.0,100.0,0.17,-0.17,1615766400.0
2021-03-12,4.71,4.86,4.71,4.73,4.723035952063914,1502.0,4.0,7094.0,1502.0,100.0,0.15,0.02,1615507200.0
2021-03-09,5.25,5.25,4.75,4.83,4.833657587548639,2056.0,11.0,9938.0,2056.0,100.0,0.5,-0.42,1615248000.0
2021-03-08,5.35,5.38,4.95,5.0,5.258810964756141,5618.0,16.0,29544.0,5618.0,100.0,0.43,-0.35,1615161600.0
2021-03-05,5.6,5.6,5.13,5.13,5.140724946695096,469.0,5.0,2411.0,469.0,100.0,0.47,-0.47,1614902400.0
2021-03-04,5.6,5.6,5.15,5.4,5.21787450798796,4319.0,24.0,22536.0,4319.0,100.0,0.45,-0.2,1614816000.0
2021-03-03,5.1,5.62,5.1,5.42,5.304347826086957,874.0,12.0,4636.0,874.0,100.0,0.52,0.32,1614729600.0
2021-03-02,5.92,5.92,5.36,5.36,5.456730769230769,624.0,5.0,3405.0,624.0,100.0,0.56,-0.56,1614643200.0
2021-03-01,5.64,5.64,5.64,5.64,5.639976958525345,5208.0,6.0,29373.0,5208.0,100.0,0.0,0.0,1614556800.0
2021-02-26,5.93,5.93,5.93,5.93,5.928338762214984,307.0,3.0,1820.0,307.0,100.0,0.0,0.0,1614297600.0
2021-02-25,6.85,6.85,6.24,6.24,6.264705882352941,2108.0,9.0,13206.0,2108.0,100.0,0.61,-0.61,1614211200.0
2021-02-24,7.2,7.2,6.56,6.56,6.641287034087289,3139.0,16.0,20847.0,3139.0,100.0,0.64,-0.64,1614124800.0
2021-02-23,6.95,6.95,6.29,6.9,6.939785238548321,7357.0,15.0,51056.0,7357.0,100.0,0.66,-0.05,1614038400.0
2021-02-22,6.62,6.62,6.62,6.62,6.619681714842481,3079.0,13.0,20382.0,3079.0,100.0,0.0,0.0,1613952000.0
2021-02-19,6.31,6.31,6.31,6.31,6.309623430962343,1434.0,13.0,9048.0,1434.0,100.0,0.0,0.0,1613692800.0
2021-02-18,6.0,6.01,6.0,6.01,6.009899314662831,11819.0,15.0,71031.0,11819.0,100.0,0.01,0.01,1613606400.0
2021-02-17,5.73,5.73,5.73,5.73,5.729948066935949,3466.0,15.0,19860.0,3466.0,100.0,0.0,0.0,1613520000.0
2021-02-16,5.45,5.46,5.45,5.46,5.4590266222961725,4808.0,9.0,26247.0,4808.0,100.0,0.01,0.01,1613433600.0
2021-02-15,4.72,5.2,4.72,5.2,5.014177839420557,6489.0,17.0,32537.0,6489.0,100.0,0.48,0.48,1613347200.0
2021-02-12,5.2,5.2,4.75,4.96,4.843478260869565,2300.0,8.0,11140.0,2300.0,100.0,0.45,-0.24,1613088000.0
2021-02-11,5.05,5.09,4.99,4.99,5.030674846625767,326.0,5.0,1640.0,326.0,100.0,0.1,-0.06,1613001600.0
2021-02-10,5.2,5.2,4.86,4.86,4.991758241758242,1456.0,12.0,7268.0,1456.0,100.0,0.34,-0.34,1612915200.0
2021-02-09,5.12,5.13,4.75,5.11,4.960736196319018,1630.0,14.0,8086.0,1630.0,100.0,0.38,-0.01,1612828800.0
2021-02-08,4.91,4.91,4.45,4.89,4.68836778771984,3241.0,13.0,15195.0,3241.0,100.0,0.46,-0.02,1612742400.0
2021-02-05,4.69,4.69,4.27,4.68,4.634247284014485,3866.0,13.0,17916.0,3866.0,100.0,0.42,-0.01,1612483200.0
2021-02-04,4.68,4.68,4.46,4.47,4.513271604938272,3240.0,12.0,14623.0,3240.0,100.0,0.22,-0.21,1612396800.0
2021-02-03,4.46,4.46,4.46,4.46,4.459701492537314,670.0,5.0,2988.0,670.0,100.0,0.0,0.0,1612310400.0
2021-02-02,4.25,4.25,4.25,4.25,4.25,768.0,5.0,3264.0,768.0,100.0,0.0,0.0,1612224000.0
2021-02-01,4.05,4.05,4.05,4.05,4.048780487804878,738.0,5.0,2988.0,738.0,100.0,0.0,0.0,1612137600.0
2021-01-29,3.86,3.86,3.86,3.86,3.86,2500.0,5.0,9650.0,2500.0,100.0,0.0,0.0,1611878400.0
2021-01-28,4.01,4.01,3.68,3.68,3.752109704641352,948.0,5.0,3557.0,948.0,100.0,0.33,-0.33,1611792000.0
2021-01-27,4.18,4.18,3.81,3.82,4.0,491.0,4.0,1964.0,491.0,100.0,0.37,-0.36,1611705600.0
2021-01-25,4.25,4.41,3.99,3.99,4.036585365853658,6724.0,23.0,27142.0,6724.0,100.0,0.42,-0.26,1611532800.0
2021-01-22,4.38,4.59,4.18,4.2,4.344347826086957,1150.0,14.0,4996.0,1150.0,100.0,0.41,-0.18,1611273600.0
2021-01-21,4.38,4.38,4.38,4.38,4.38,2700.0,5.0,11826.0,2700.0,100.0,0.0,0.0,1611187200.0
2021-01-20,4.6,4.6,4.18,4.18,4.52,775.0,3.0,3503.0,775.0,100.0,0.42,-0.42,1611100800.0
2021-01-19,4.4,4.41,3.99,4.4,4.353328938694792,1517.0,12.0,6604.0,1517.0,100.0,0.42,0.0,1611014400.0
2021-01-18,3.98,4.2,3.83,4.2,4.056,1000.0,5.0,4056.0,1000.0,100.0,0.37,0.22,1610928000.0
2021-01-15,4.0,4.0,4.0,4.0,4.0,2380.0,6.0,9520.0,2380.0,100.0,0.0,0.0,1610668800.0
2021-01-14,3.83,4.08,3.83,4.08,4.03621938599517,2899.0,10.0,11701.0,2899.0,100.0,0.25,0.25,1610582400.0
2021-01-12,4.0,4.0,3.89,3.89,3.974838709677419,4650.0,14.0,18483.0,4650.0,100.0,0.11,-0.11,1610409600.0
2021-01-11,4.05,4.05,4.03,4.03,4.047409040793825,1814.0,11.0,7342.0,1814.0,100.0,0.02,-0.02,1610323200.0
2021-01-08,4.0,4.2,4.0,4.03,4.037749814951888,1351.0,7.0,5455.0,1351.0,100.0,0.2,0.03,1610064000.0
2021-01-07,3.96,4.0,3.96,4.0,3.98,1400.0,3.0,5572.0,1400.0,100.0,0.04,0.04,1609977600.0
2021-01-06,3.96,4.1,3.96,4.1,4.086538461538462,104.0,2.0,425.0,104.0,100.0,0.14,0.14,1609891200.0
2021-01-05,4.11,4.16,4.11,4.16,4.122699386503067,326.0,2.0,1344.0,326.0,100.0,0.05,0.05,1609804800.0
2021-01-04,4.16,4.3,4.1,4.3,4.268051599932988,5969.0,7.0,25476.0,5969.0,100.0,0.2,0.14,1609718400.0
2021-01-01,4.1,4.1,4.1,4.1,4.1,50.0,2.0,205.0,50.0,100.0,0.0,0.0,1609459200.0
2020-12-31,4.1,4.1,4.1,4.1,4.099660249150623,2649.0,2.0,10860.0,2649.0,100.0,0.0,0.0,1609372800.0
2020-12-29,4.0,4.0,3.95,4.0,3.9952024563423527,5211.0,8.0,20819.0,5211.0,100.0,0.05,0.0,1609200000.0
2020-12-28,4.04,4.04,3.85,3.85,3.888348202216815,3699.0,7.0,14383.0,3699.0,100.0,0.19,-0.19,1609113600.0
2020-12-24,4.1,4.1,3.9,4.04,4.094217024041585,3078.0,13.0,12602.0,3078.0,100.0,0.2,-0.06,1608768000.0
2020-12-23,4.09,4.1,4.09,4.1,4.097330179114565,2959.0,6.0,12124.0,2959.0,100.0,0.01,0.01,1608681600.0
2020-12-22,4.3,4.3,4.09,4.09,4.156686626746507,1002.0,6.0,4165.0,1002.0,100.0,0.21,-0.21,1608595200.0
2020-12-21,4.7,4.72,4.3,4.3,4.693046075085324,4688.0,15.0,22001.0,4688.0,100.0,0.42,-0.4,1608508800.0
2020-12-18,4.5,4.5,4.5,4.5,4.499092558983666,551.0,2.0,2479.0,551.0,100.0,0.0,0.0,1608249600.0
2020-12-17,4.18,4.38,4.0,4.36,4.192,750.0,6.0,3144.0,750.0,100.0,0.38,0.18,1608163200.0
2020-12-16,4.38,4.4,4.18,4.18,4.310727496917385,1622.0,10.0,6992.0,1622.0,100.0,0.22,-0.2,1608076800.0
2020-12-15,4.4,4.4,4.4,4.4,4.396648044692737,179.0,5.0,787.0,179.0,100.0,0.0,0.0,1607990400.0
2020-12-14,4.2,4.2,4.2,4.2,4.2,200.0,4.0,840.0,200.0,100.0,0.0,0.0,1607904000.0
2020-12-11,4.14,4.14,3.76,4.0,4.029900332225914,3010.0,12.0,12130.0,3010.0,100.0,0.38,-0.14,1607644800.0
2020-12-09,3.95,3.95,3.95,3.95,3.949579831932773,119.0,10.0,470.0,119.0,100.0,0.0,0.0,1607472000.0
2020-12-08,4.14,4.14,4.14,4.14,4.138211382113821,246.0,4.0,1018.0,246.0,100.0,0.0,0.0,1607385600.0
2020-12-07,4.35,4.35,3.95,3.95,3.9561451001624257,1847.0,9.0,7307.0,1847.0,100.0,0.4,-0.4,1607299200.0
2020-12-04,4.15,4.15,4.15,4.15,4.12,25.0,1.0,103.0,25.0,100.0,0.0,0.0,1607040000.0
2020-12-02,3.67,4.03,3.66,3.96,3.7659685863874346,1910.0,13.0,7193.0,1910.0,100.0,0.37,0.29,1606867200.0
2020-12-01,3.85,3.85,3.85,3.85,3.85,500.0,3.0,1925.0,500.0,100.0,0.0,0.0,1606780800.0
2020-11-27,3.99,4.0,3.99,3.99,3.992592592592593,540.0,6.0,2156.0,540.0,100.0,0.01,0.0,1606435200.0
2020-11-26,4.19,4.19,4.19,4.19,4.19,300.0,3.0,1257.0,300.0,100.0,0.0,0.0,1606348800.0
2020-11-25,4.52,4.52,4.3,4.41,4.4527777777777775,2160.0,5.0,9618.0,2160.0,100.0,0.22,-0.11,1606262400.0
2020-11-24,4.52,4.52,4.52,4.52,4.518518518518519,540.0,2.0,2440.0,540.0,100.0,0.0,0.0,1606176000.0
2020-11-23,4.75,4.75,4.75,4.75,4.74983839689722,3094.0,6.0,14696.0,3094.0,100.0,0.0,0.0,1606089600.0
2020-11-20,4.7,5.17,4.7,5.0,4.973048327137546,1076.0,12.0,5351.0,1076.0,100.0,0.47,0.3,1605830400.0
2020-11-19,4.7,4.93,4.7,4.93,4.85021398002853,701.0,7.0,3400.0,701.0,100.0,0.23,0.23,1605744000.0
2020-11-18,4.69,4.7,4.69,4.7,4.683168316831683,101.0,2.0,473.0,101.0,100.0,0.01,0.01,1605657600.0
2020-11-17,4.28,4.7,4.28,4.7,4.493,1000.0,4.0,4493.0,1000.0,100.0,0.42,0.42,1605571200.0
2020-11-13,4.43,4.66,4.43,4.5,4.462555066079295,2043.0,7.0,9117.0,2043.0,100.0,0.23,0.07,1605225600.0
2020-11-10,4.66,4.66,4.66,4.66,4.0,1.0,1.0,4.0,1.0,100.0,0.0,0.0,1604966400.0
2020-11-03,4.9,4.9,4.9,4.9,4.866666666666666,15.0,1.0,73.0,15.0,100.0,0.0,0.0,1604361600.0
2020-11-02,5.14,5.14,4.9,4.9,5.052941176470588,1700.0,10.0,8590.0,1700.0,100.0,0.24,-0.24,1604275200.0
2020-10-28,5.14,5.14,5.14,5.14,5.14,50.0,1.0,257.0,50.0,100.0,0.0,0.0,1603843200.0
2020-10-13,5.14,5.14,5.14,5.14,5.0,1.0,1.0,5.0,1.0,100.0,0.0,0.0,1602547200.0
2020-10-06,5.41,5.41,5.41,5.41,5.41,200.0,2.0,1082.0,200.0,100.0,0.0,0.0,1601942400.0
2020-09-25,5.68,5.68,5.68,5.68,5.679640718562873,1002.0,3.0,5691.0,1002.0,100.0,0.0,0.0,1600992000.0
2020-09-23,5.97,5.97,5.97,5.97,5.959183673469388,49.0,5.0,292.0,49.0,100.0,0.0,0.0,1600819200.0
2020-09-22,6.0,6.0,5.95,5.97,5.967910447761193,1340.0,13.0,7997.0,1340.0,100.0,0.05,-0.03,1600732800.0
2020-09-21,5.75,5.75,5.74,5.74,5.74,150.0,2.0,861.0,150.0,100.0,0.01,-0.01,1600646400.0
2020-09-18,5.71,5.99,5.45,5.5,5.489117983963345,873.0,13.0,4792.0,873.0,100.0,0.54,-0.21,1600387200.0
2020-09-17,5.73,5.73,5.71,5.71,5.7253086419753085,648.0,5.0,3710.0,648.0,100.0,0.02,-0.02,1600300800.0
2020-09-16,5.46,5.46,5.46,5.46,5.46,1100.0,7.0,6006.0,1100.0,100.0,0.0,0.0,1600214400.0
2020-09-15,5.2,5.2,4.75,5.2,5.188524590163935,122.0,3.0,633.0,122.0,100.0,0.45,0.0,1600128000.0
2020-09-14,5.0,5.0,5.0,5.0,5.0,100.0,1.0,500.0,100.0,100.0,0.0,0.0,1600041600.0
2020-09-11,4.9,5.34,4.9,5.05,5.119760479041916,167.0,8.0,855.0,167.0,100.0,0.44,0.15,1599782400.0
2020-09-09,5.1,5.1,5.1,5.1,5.0997150997151,1053.0,5.0,5370.0,1053.0,100.0,0.0,0.0,1599609600.0
2020-09-04,5.11,5.36,5.11,5.36,5.280503144654088,795.0,3.0,4198.0,795.0,100.0,0.25,0.25,1599177600.0
2020-09-03,5.11,5.11,5.11,5.11,5.071428571428571,14.0,2.0,71.0,14.0,100.0,0.0,0.0,1599091200.0
2020-09-02,5.12,5.37,4.87,5.11,5.107619047619048,1050.0,4.0,5363.0,1050.0,100.0,0.5,-0.01,1599004800.0
2020-08-31,5.25,5.49,5.01,5.12,5.084045191512812,3629.0,13.0,18450.0,3629.0,100.0,0.48,-0.13,1598832000.0
2020-08-28,5.79,5.79,5.25,5.25,5.624294046847513,10801.0,17.0,60748.0,10801.0,100.0,0.54,-0.54,1598572800.0
2020-08-27,5.26,5.52,5.26,5.52,5.495235094904308,12697.0,8.0,69773.0,12697.0,100.0,0.26,0.26,1598486400.0
2020-08-26,5.27,5.27,4.77,5.26,5.118369237896688,4317.0,14.0,22096.0,4317.0,100.0,0.5,-0.01,1598400000.0
2020-08-25,5.02,5.02,4.7,5.02,5.014678899082568,1090.0,15.0,5466.0,1090.0,100.0,0.32,0.0,1598313600.0
2020-08-24,4.57,4.79,4.57,4.79,4.69,400.0,4.0,1876.0,400.0,100.0,0.22,0.22,1598227200.0
2020-08-21,4.57,4.57,4.57,4.57,4.568595041322314,605.0,3.0,2764.0,605.0,100.0,0.0,0.0,1597968000.0
2020-08-20,4.2,4.36,4.2,4.36,4.268,250.0,9.0,1067.0,250.0,100.0,0.16,0.16,1597881600.0
2020-08-19,3.78,4.16,3.78,4.16,4.123374063854946,2537.0,5.0,10461.0,2537.0,100.0,0.38,0.38,1597795200.0
2020-08-18,4.0,4.0,3.8,3.97,3.9263773768893215,2051.0,12.0,8053.0,2051.0,100.0,0.2,-0.03,1597708800.0
2020-08-17,3.97,3.97,3.97,3.97,3.9695945945945934,1480.0,7.0,5875.0,1480.0,100.0,0.0,0.0,1597622400.0
2020-08-14,3.44,3.79,3.44,3.79,3.699248120300752,133.0,2.0,492.0,133.0,100.0,0.35,0.35,1597363200.0
2020-08-13,3.61,3.61,3.61,3.61,3.607655502392344,418.0,1.0,1508.0,418.0,100.0,0.0,0.0,1597276800.0
2020-08-12,3.78,3.78,3.78,3.78,3.779220779220779,1001.0,2.0,3783.0,1001.0,100.0,0.0,0.0,1597190400.0
2020-08-11,3.51,3.78,3.51,3.78,3.7125,400.0,3.0,1485.0,400.0,100.0,0.27,0.27,1597104000.0
2020-08-10,3.58,3.75,3.43,3.6,3.5238709677419355,2325.0,10.0,8193.0,2325.0,100.0,0.32,0.02,1597017600.0
2020-08-05,3.41,3.58,3.41,3.58,3.508100147275405,679.0,7.0,2382.0,679.0,100.0,0.17,0.17,1596585600.0
2020-08-04,3.09,3.41,3.09,3.41,3.103752131893121,7036.0,17.0,21838.0,7036.0,100.0,0.32,0.32,1596499200.0
2020-08-03,3.51,3.51,3.25,3.25,3.489415749364945,1181.0,10.0,4121.0,1181.0,100.0,0.26,-0.26,1596412800.0
2020-07-31,3.35,3.35,3.35,3.35,3.3,10.0,2.0,33.0,10.0,100.0,0.0,0.0,1596153600.0
2020-07-30,3.53,3.53,3.21,3.35,3.4758672699849167,1326.0,19.0,4609.0,1326.0,100.0,0.32,-0.18,1596067200.0
2020-07-29,3.37,3.39,3.37,3.37,3.380204241948153,1273.0,11.0,4303.0,1273.0,100.0,0.02,0.0,1595980800.0
2020-07-28,3.71,3.71,3.53,3.54,3.536666666666666,300.0,4.0,1061.0,300.0,100.0,0.18,-0.17,1595894400.0
2020-07-27,3.71,3.71,3.71,3.71,3.7,10.0,2.0,37.0,10.0,100.0,0.0,0.0,1595808000.0
2020-07-24,3.95,3.95,3.71,3.71,3.8219633943427618,601.0,10.0,2297.0,601.0,100.0,0.24,-0.24,1595548800.0
2020-07-23,4.29,4.29,3.89,3.9,4.1649159663865545,952.0,8.0,3965.0,952.0,100.0,0.4,-0.39,1595462400.0
2020-07-22,4.09,4.09,4.09,4.09,4.08695652173913,230.0,3.0,940.0,230.0,100.0,0.0,0.0,1595376000.0
2020-07-21,3.8,3.97,3.8,3.9,3.894080996884736,1605.0,4.0,6250.0,1605.0,100.0,0.17,0.1,1595289600.0
2020-07-20,3.61,3.79,3.61,3.79,3.789210789210789,1001.0,5.0,3793.0,1001.0,100.0,0.18,0.18,1595203200.0
2020-07-17,3.8,3.8,3.61,3.61,3.6162310866574967,727.0,8.0,2629.0,727.0,100.0,0.19,-0.19,1594944000.0
2020-07-16,4.0,4.0,3.8,3.8,3.9000416493127856,2401.0,14.0,9364.0,2401.0,100.0,0.2,-0.2,1594857600.0
2020-07-15,4.0,4.0,4.0,4.0,4.0,100.0,3.0,400.0,100.0,100.0,0.0,0.0,1594771200.0
2020-07-14,4.21,4.21,4.0,4.0,4.0,101.0,6.0,404.0,101.0,100.0,0.21,-0.21,1594684800.0
2020-07-13,4.28,4.28,4.01,4.21,4.217498459642637,3246.0,9.0,13690.0,3246.0,100.0,0.27,-0.07,1594598400.0
2020-07-10,4.42,4.42,4.21,4.21,4.335555555555556,450.0,7.0,1951.0,450.0,100.0,0.21,-0.21,1594339200.0
2020-07-09,4.66,4.66,4.43,4.43,4.51984126984127,252.0,5.0,1139.0,252.0,100.0,0.23,-0.23,1594252800.0
2020-07-08,5.14,5.14,4.66,4.66,5.0588235294117645,17.0,2.0,86.0,17.0,100.0,0.48,-0.48,1594166400.0
2020-07-07,4.9,4.9,4.9,4.9,4.899239543726236,526.0,3.0,2577.0,526.0,100.0,0.0,0.0,1594080000.0
2020-07-06,5.25,5.25,5.15,5.15,5.161290322580645,372.0,8.0,1920.0,372.0,100.0,0.1,-0.1,1593993600.0
2020-07-03,5.25,5.25,5.25,5.25,5.24985835694051,1765.0,6.0,9266.0,1765.0,100.0,0.0,0.0,1593734400.0
2020-07-02,5.45,5.72,5.22,5.22,5.526791478373144,3098.0,20.0,17122.0,3098.0,100.0,0.5,-0.23,1593648000.0
2020-07-01,5.2,5.46,4.95,5.45,5.131363922061597,1591.0,13.0,8164.0,1591.0,100.0,0.51,0.25,1593561600.0
2020-06-30,5.25,5.25,5.0,5.2,5.194933145672062,1421.0,7.0,7382.0,1421.0,100.0,0.25,-0.05,1593475200.0
2020-06-29,5.11,5.34,5.1,5.2,5.135483870967741,620.0,8.0,3184.0,620.0,100.0,0.24,0.09,1593388800.0
2020-06-26,5.11,5.34,5.11,5.11,5.197247706422018,1308.0,6.0,6798.0,1308.0,100.0,0.23,0.0,1593129600.0
2020-06-25,5.37,5.37,5.11,5.36,5.129001883239171,1062.0,9.0,5447.0,1062.0,100.0,0.26,-0.01,1593043200.0
2020-06-24,5.36,5.37,5.36,5.37,5.367474802506129,3671.0,16.0,19704.0,3671.0,100.0,0.01,0.01,1592956800.0
2020-06-23,5.25,5.51,5.0,5.12,5.128930817610064,636.0,11.0,3262.0,636.0,100.0,0.51,-0.13,1592870400.0
2020-06-22,5.0,5.25,5.0,5.25,5.029580152671756,2096.0,13.0,10542.0,2096.0,100.0,0.25,0.25,1592784000.0
2020-06-19,5.23,5.23,4.97,5.0,4.976,1000.0,5.0,4976.0,1000.0,100.0,0.26,-0.23,1592524800.0
2020-06-18,5.5,5.6,5.23,5.23,5.408657664813344,2518.0,14.0,13619.0,2518.0,100.0,0.37,-0.27,1592438400.0
2020-06-17,5.42,5.5,5.42,5.5,5.451189898008742,2059.0,11.0,11224.0,2059.0,100.0,0.08,0.08,1592352000.0
2020-06-16,5.7,5.7,5.7,5.7,5.696078431372549,102.0,3.0,581.0,102.0,100.0,0.0,0.0,1592265600.0
2020-06-15,6.3,6.31,5.99,5.99,6.236363636363636,1595.0,11.0,9947.0,1595.0,100.0,0.32,-0.31,1592179200.0
2020-06-12,6.3,6.3,6.3,6.3,6.3,300.0,1.0,1890.0,300.0,100.0,0.0,0.0,1591920000.0
2020-06-11,6.55,6.55,6.5,6.5,6.50554528650647,1082.0,6.0,7039.0,1082.0,100.0,0.05,-0.05,1591833600.0
2020-06-10,6.5,6.78,6.5,6.78,6.757990867579909,657.0,6.0,4440.0,657.0,100.0,0.28,0.28,1591747200.0
2020-06-09,6.5,6.51,6.3,6.5,6.497969384567322,3201.0,13.0,20800.0,3201.0,100.0,0.21,0.0,1591660800.0
2020-06-08,6.3,6.3,6.0,6.2,6.199735449735449,756.0,4.0,4687.0,756.0,100.0,0.3,-0.1,1591574400.0
2020-06-05,5.5,6.0,5.5,6.0,5.509803921568627,102.0,2.0,562.0,102.0,100.0,0.5,0.5,1591315200.0
2020-06-04,6.03,6.03,5.75,5.75,5.972929936305733,1256.0,2.0,7502.0,1256.0,100.0,0.28,-0.28,1591228800.0
2020-06-03,5.92,5.92,5.75,5.75,5.757177033492823,836.0,5.0,4813.0,836.0,100.0,0.17,-0.17,1591142400.0
2020-06-02,5.55,5.64,5.55,5.64,5.551829268292682,656.0,6.0,3642.0,656.0,100.0,0.09,0.09,1591056000.0
2020-06-01,5.38,5.38,5.38,5.38,5.378378378378377,37.0,2.0,199.0,37.0,100.0,0.0,0.0,1590969600.0
2020-05-29,5.4,5.4,5.13,5.13,5.19840919133893,2263.0,5.0,11764.0,2263.0,100.0,0.27,-0.27,1590710400.0
2020-05-28,5.4,5.4,5.4,5.4,5.4,500.0,2.0,2700.0,500.0,100.0,0.0,0.0,1590624000.0
2020-05-27,5.3,5.35,5.3,5.35,5.326047358834244,549.0,5.0,2924.0,549.0,100.0,0.05,0.05,1590537600.0
2020-05-22,5.4,5.4,5.4,5.4,5.4,1250.0,3.0,6750.0,1250.0,100.0,0.0,0.0,1590105600.0
2020-05-21,5.6,5.6,5.41,5.56,5.561917443408788,1502.0,5.0,8354.0,1502.0,100.0,0.19,-0.04,1590019200.0
2020-05-20,5.6,5.6,5.6,5.6,5.596491228070176,114.0,1.0,638.0,114.0,100.0,0.0,0.0,1589932800.0
2020-05-19,5.41,5.61,5.41,5.61,5.411764705882352,102.0,2.0,552.0,102.0,100.0,0.2,0.2,1589846400.0
2020-05-18,5.41,5.41,5.41,5.41,5.403846153846153,104.0,2.0,562.0,104.0,100.0,0.0,0.0,1589760000.0
2020-05-15,5.61,5.61,5.61,5.61,5.61,3600.0,3.0,20196.0,3600.0,100.0,0.0,0.0,1589500800.0
2020-05-13,5.9,5.9,5.9,5.9,5.8181818181818175,11.0,1.0,64.0,11.0,100.0,0.0,0.0,1589328000.0
2020-05-12,5.8,5.9,5.6,5.9,5.668312249305769,3241.0,9.0,18371.0,3241.0,100.0,0.3,0.1,1589241600.0
2020-05-11,6.0,6.0,5.85,5.86,5.921857923497268,1830.0,7.0,10837.0,1830.0,100.0,0.15,-0.14,1589155200.0
2020-05-08,6.1,6.1,6.1,6.1,6.1,1110.0,7.0,6771.0,1110.0,100.0,0.0,0.0,1588896000.0
2020-05-07,6.42,7.0,6.42,6.42,6.451346120007039,5683.0,15.0,36663.0,5683.0,100.0,0.58,0.0,1588809600.0
2020-05-06,6.75,7.1,6.75,6.75,6.829583150153871,25021.0,23.0,170883.0,25021.0,100.0,0.35,0.0,1588723200.0
2020-05-05,7.0,7.13,6.8,7.1,7.043243243243243,1110.0,5.0,7818.0,1110.0,100.0,0.33,0.1,1588636800.0
2020-05-04,7.13,7.13,7.13,7.13,7.129955947136564,454.0,6.0,3237.0,454.0,100.0,0.0,0.0,1588550400.0
2020-04-30,7.2,7.75,7.05,7.5,7.323389830508473,5900.0,26.0,43208.0,5900.0,100.0,0.7,0.3,1588204800.0
2020-04-29,7.4,7.4,7.05,7.39,7.378403141361256,7640.0,36.0,56371.0,7640.0,100.0,0.35,-0.01,1588118400.0
2020-04-28,7.0,7.05,7.0,7.05,7.024122807017544,6384.0,28.0,44842.0,6384.0,100.0,0.05,0.05,1588032000.0
2020-04-27,6.72,6.72,6.08,6.72,6.610601193207893,8716.0,22.0,57618.0,8716.0,100.0,0.64,0.0,1587945600.0
2020-04-24,6.45,6.45,5.95,6.4,6.232699619771863,2630.0,24.0,16392.0,2630.0,100.0,0.5,-0.05,1587686400.0
2020-04-23,5.83,6.43,5.83,6.26,6.13830897703549,7664.0,42.0,47044.0,7664.0,100.0,0.6,0.43,1587600000.0
2020-04-22,6.18,6.18,5.6,6.13,6.175204722909921,10502.0,19.0,64852.0,10502.0,100.0,0.58,-0.05,1587513600.0
2020-04-21,5.89,5.89,5.89,5.89,5.89,900.0,7.0,5301.0,900.0,100.0,0.0,0.0,1587427200.0
2020-04-20,5.61,5.61,5.61,5.61,5.60997891777934,1423.0,5.0,7983.0,1423.0,100.0,0.0,0.0,1587340800.0
2020-04-17,5.1,5.35,5.1,5.35,5.313725490196078,714.0,16.0,3794.0,714.0,100.0,0.25,0.25,1587081600.0
2020-04-16,4.86,5.1,4.86,5.1,5.057813911472448,1107.0,13.0,5599.0,1107.0,100.0,0.24,0.24,1586995200.0
2020-04-15,4.86,4.86,4.86,4.86,4.859572400388728,2058.0,4.0,10001.0,2058.0,100.0,0.0,0.0,1586908800.0
2020-04-13,4.41,4.63,4.41,4.63,4.615819209039548,531.0,4.0,2451.0,531.0,100.0,0.22,0.22,1586736000.0
2020-04-09,4.2,4.41,4.2,4.41,4.403351955307263,2685.0,8.0,11823.0,2685.0,100.0,0.21,0.21,1586390400.0
2020-04-08,4.2,4.2,4.2,4.2,4.199899799599199,1996.0,5.0,8383.0,1996.0,100.0,0.0,0.0,1586304000.0
2020-04-07,4.2,4.2,4.2,4.2,4.1875,16.0,2.0,67.0,16.0,100.0,0.0,0.0,1586217600.0
2020-04-03,4.0,4.2,4.0,4.2,4.195058517555267,1538.0,8.0,6452.0,1538.0,100.0,0.2,0.2,1585872000.0
2020-03-31,4.0,4.0,4.0,4.0,4.0,1038.0,2.0,4152.0,1038.0,100.0,0.0,0.0,1585612800.0
2020-03-30,4.0,4.0,4.0,4.0,4.0,1.0,1.0,4.0,1.0,100.0,0.0,0.0,1585526400.0
2020-03-25,4.0,4.0,4.0,4.0,4.0,2.0,2.0,8.0,2.0,100.0,0.0,0.0,1585094400.0
2020-03-24,4.0,4.0,4.0,4.0,4.0,1.0,1.0,4.0,1.0,100.0,0.0,0.0,1585008000.0
2020-03-20,4.0,4.0,4.0,4.0,4.0,1.0,1.0,4.0,1.0,100.0,0.0,0.0,1584662400.0
2020-03-19,4.0,4.0,4.0,4.0,4.0,100.0,1.0,400.0,100.0,100.0,0.0,0.0,1584576000.0
2020-03-17,4.09,4.09,4.09,4.09,4.088669950738916,203.0,6.0,830.0,203.0,100.0,0.0,0.0,1584403200.0
2020-03-16,4.52,4.52,4.3,4.3,4.484375,64.0,5.0,287.0,64.0,100.0,0.22,-0.22,1584316800.0
2020-03-13,4.52,4.52,4.52,4.52,4.51304347826087,115.0,3.0,519.0,115.0,100.0,0.0,0.0,1584057600.0
2020-03-12,4.52,4.52,4.52,4.52,4.0,1.0,1.0,4.0,1.0,100.0,0.0,0.0,1583971200.0
2020-03-11,4.8,4.8,4.75,4.75,4.79047619047619,105.0,3.0,503.0,105.0,100.0,0.05,-0.05,1583884800.0
2020-03-09,4.9,4.9,4.9,4.9,4.893805309734513,113.0,3.0,553.0,113.0,100.0,0.0,0.0,1583712000.0
2020-03-04,4.97,4.97,4.9,4.9,4.898203592814372,501.0,2.0,2454.0,501.0,100.0,0.07,-0.07,1583280000.0
2020-03-03,4.97,4.97,4.97,4.97,4.666666666666666,3.0,1.0,14.0,3.0,100.0,0.0,0.0,1583193600.0
2020-03-02,4.97,4.97,4.97,4.97,4.8,5.0,1.0,24.0,5.0,100.0,0.0,0.0,1583107200.0
2020-02-28,4.74,4.74,4.74,4.74,4.735294117647058,136.0,1.0,644.0,136.0,100.0,0.0,0.0,1582848000.0
2020-02-27,4.74,4.74,4.74,4.74,4.5,4.0,1.0,18.0,4.0,100.0,0.0,0.0,1582761600.0
2020-02-25,4.52,4.86,4.52,4.52,4.526912181303116,353.0,5.0,1598.0,353.0,100.0,0.34,0.0,1582588800.0
2020-02-24,4.98,4.98,4.52,4.63,4.590045592705168,2632.0,22.0,12081.0,2632.0,100.0,0.46,-0.35,1582502400.0
2020-02-20,4.56,5.04,4.56,4.75,4.609472743521001,1119.0,21.0,5158.0,1119.0,100.0,0.48,0.19,1582156800.0
2020-02-19,4.8,4.8,4.8,4.8,4.799207397622193,757.0,6.0,3633.0,757.0,100.0,0.0,0.0,1582070400.0
2020-02-18,5.08,5.08,5.05,5.05,5.066287878787879,528.0,7.0,2675.0,528.0,100.0,0.03,-0.03,1581984000.0
2020-02-17,5.58,5.58,5.31,5.31,5.3105612998522895,2708.0,7.0,14381.0,2708.0,100.0,0.27,-0.27,1581897600.0
2020-02-14,5.58,5.58,5.58,5.58,5.579365079365079,1260.0,7.0,7030.0,1260.0,100.0,0.0,0.0,1581638400.0
2020-02-13,5.61,5.99,5.61,5.87,5.660958904109589,292.0,11.0,1653.0,292.0,100.0,0.38,0.26,1581552000.0
2020-02-12,6.19,6.19,5.89,5.9,5.899653979238754,578.0,17.0,3410.0,578.0,100.0,0.3,-0.29,1581465600.0
2020-02-11,5.85,6.2,5.67,6.19,5.703009259259259,4320.0,22.0,24637.0,4320.0,100.0,0.53,0.34,1581379200.0
2020-02-10,5.91,5.91,5.85,5.91,5.873721881390593,1956.0,20.0,11489.0,1956.0,100.0,0.06,0.0,1581292800.0
2020-02-07,5.4,5.89,5.4,5.63,5.744698897370653,1179.0,17.0,6773.0,1179.0,100.0,0.49,0.23,1581033600.0
2020-02-06,6.18,6.19,5.61,5.61,5.614772727272727,6160.0,15.0,34587.0,6160.0,100.0,0.58,-0.57,1580947200.0
2020-02-05,5.96,5.96,5.85,5.9,5.898995535714286,3584.0,12.0,21142.0,3584.0,100.0,0.11,-0.06,1580860800.0
2020-02-04,5.74,5.96,5.74,5.96,5.8146331738437,25080.0,15.0,145831.0,25080.0,100.0,0.22,0.22,1580774400.0
2020-02-03,5.85,5.85,5.85,5.85,5.85,200.0,1.0,1170.0,200.0,100.0,0.0,0.0,1580688000.0
2020-02-01,5.96,5.96,5.96,5.96,5.96,250.0,2.0,1490.0,250.0,100.0,0.0,0.0,1580515200.0
2020-01-31,6.08,6.08,6.08,6.08,6.076190476190476,210.0,2.0,1276.0,210.0,100.0,0.0,0.0,1580428800.0
2020-01-30,6.2,6.2,6.2,6.2,6.193548387096774,31.0,2.0,192.0,31.0,100.0,0.0,0.0,1580342400.0
2020-01-29,6.32,6.32,6.32,6.32,6.319643740722415,2021.0,4.0,12772.0,2021.0,100.0,0.0,0.0,1580256000.0
2020-01-28,6.44,6.44,6.44,6.44,6.439121756487026,501.0,3.0,3226.0,501.0,100.0,0.0,0.0,1580169600.0
2020-01-27,6.57,6.57,6.57,6.57,6.5699558173784975,2716.0,6.0,17844.0,2716.0,100.0,0.0,0.0,1580083200.0
2020-01-24,6.7,6.7,6.7,6.7,6.699481865284975,193.0,5.0,1293.0,193.0,100.0,0.0,0.0,1579824000.0
2020-01-23,6.83,6.83,6.83,6.83,6.829747427502339,1069.0,4.0,7301.0,1069.0,100.0,0.0,0.0,1579737600.0
2020-01-22,6.96,6.96,6.96,6.96,6.956175298804781,251.0,4.0,1746.0,251.0,100.0,0.0,0.0,1579651200.0
2020-01-21,7.3,7.3,7.1,7.1,7.135172037138176,3662.0,24.0,26129.0,3662.0,100.0,0.2,-0.2,1579564800.0
2020-01-20,7.45,7.45,7.17,7.24,7.383201489064682,8596.0,41.0,63466.0,8596.0,100.0,0.28,-0.21,1579478400.0
2020-01-17,7.31,7.31,7.05,7.31,7.21,2600.0,31.0,18746.0,2600.0,100.0,0.26,0.0,1579219200.0
2020-01-16,7.17,7.17,6.9,7.17,7.084914182475158,4428.0,42.0,31372.0,4428.0,100.0,0.27,0.0,1579132800.0
2020-01-15,7.06,7.06,6.81,7.03,7.004501245880556,12441.0,42.0,87143.0,12441.0,100.0,0.25,-0.03,1579046400.0
2020-01-14,6.93,6.93,6.93,6.93,6.929854710201531,6401.0,21.0,44358.0,6401.0,100.0,0.0,0.0,1578960000.0
2020-01-13,6.54,6.8,6.54,6.8,6.731051906293064,13062.0,17.0,87921.0,13062.0,100.0,0.26,0.26,1578873600.0
2020-01-10,6.66,6.67,6.46,6.67,6.664736931721436,5873.0,11.0,39142.0,5873.0,100.0,0.21,0.01,1578614400.0
2020-01-09,6.39,6.54,5.93,6.54,6.261053125366482,8527.0,38.0,53388.0,8527.0,100.0,0.61,0.15,1578528000.0
2020-01-08,6.33,6.33,5.73,6.23,6.193194962087135,31124.0,99.0,192757.0,31124.0,100.0,0.6,-0.1,1578441600.0
2020-01-07,6.0,6.03,6.0,6.03,6.027129679869778,1843.0,5.0,11108.0,1843.0,100.0,0.03,0.03,1578355200.0
2020-01-06,5.75,5.75,5.75,5.75,5.749562171628722,1713.0,5.0,9849.0,1713.0,100.0,0.0,0.0,1578268800.0
2020-01-03,5.46,5.48,5.46,5.48,5.471457905544148,2435.0,12.0,13323.0,2435.0,100.0,0.02,0.02,1578009600.0
2020-01-02,5.22,5.22,4.98,5.22,5.130282809024468,6294.0,22.0,32290.0,6294.0,100.0,0.24,0.0,1577923200.0
2020-01-01,4.97,4.98,4.97,4.98,4.9688888888888885,225.0,3.0,1118.0,225.0,100.0,0.01,0.01,1577836800.0
2019-12-31,4.75,4.75,4.53,4.75,4.747511312217195,4420.0,18.0,20984.0,4420.0,100.0,0.22,0.0,1577750400.0
2019-12-30,4.53,4.53,4.53,4.53,4.529779258642232,2401.0,5.0,10876.0,2401.0,100.0,0.0,0.0,1577664000.0
2019-12-27,4.32,4.32,4.15,4.32,4.311248634874408,2747.0,15.0,11843.0,2747.0,100.0,0.17,0.0,1577404800.0
2019-12-26,4.12,4.12,4.11,4.12,4.11863811863812,2849.0,11.0,11734.0,2849.0,100.0,0.01,0.0,1577318400.0
2019-12-24,3.92,3.93,3.7,3.93,3.890675241157556,2488.0,13.0,9680.0,2488.0,100.0,0.23,0.01,1577145600.0
2019-12-23,3.58,3.75,3.41,3.75,3.6900429360049065,14673.0,28.0,54144.0,14673.0,100.0,0.34,0.17,1577059200.0
2019-12-20,3.59,3.59,3.58,3.58,3.582504970178926,1006.0,5.0,3604.0,1006.0,100.0,0.01,-0.01,1576800000.0
2019-12-19,3.42,3.42,3.42,3.42,3.42,600.0,1.0,2052.0,600.0,100.0,0.0,0.0,1576713600.0
2019-12-18,3.68,3.68,3.6,3.6,3.61881188118812,404.0,4.0,1462.0,404.0,100.0,0.08,-0.08,1576627200.0
2019-12-17,3.68,3.68,3.68,3.68,3.0,1.0,1.0,3.0,1.0,100.0,0.0,0.0,1576540800.0
2019-12-16,3.65,3.65,3.64,3.65,3.648509763617677,1946.0,8.0,7100.0,1946.0,100.0,0.01,0.0,1576454400.0
2019-12-13,3.54,3.65,3.54,3.55,3.5402298850574714,174.0,5.0,616.0,174.0,100.0,0.11,0.01,1576195200.0
2019-12-12,3.54,3.54,3.54,3.54,3.533333333333333,30.0,1.0,106.0,30.0,100.0,0.0,0.0,1576108800.0
2019-12-10,3.54,3.89,3.54,3.54,3.540138031238649,5506.0,18.0,19492.0,5506.0,100.0,0.35,0.0,1575936000.0
2019-12-09,3.55,3.72,3.55,3.72,3.712121212121212,1320.0,6.0,4900.0,1320.0,100.0,0.17,0.17,1575849600.0
2019-12-06,3.54,3.7,3.54,3.55,3.6293995859213246,1449.0,7.0,5259.0,1449.0,100.0,0.16,0.01,1575590400.0
2019-12-05,3.54,3.54,3.41,3.54,3.537082601054481,2845.0,13.0,10063.0,2845.0,100.0,0.13,0.0,1575504000.0
2019-12-04,3.3,3.39,3.09,3.38,3.295382850587897,3487.0,30.0,11491.0,3487.0,100.0,0.3,0.08,1575417600.0
2019-12-03,3.23,3.23,3.09,3.23,3.200512491992313,1561.0,13.0,4996.0,1561.0,100.0,0.14,0.0,1575331200.0
2019-12-02,3.08,3.08,2.8,3.08,3.053326293558606,1894.0,17.0,5783.0,1894.0,100.0,0.28,0.0,1575244800.0
2019-11-29,2.7,2.94,2.7,2.94,2.828215767634855,1205.0,8.0,3408.0,1205.0,100.0,0.24,0.24,1574985600.0
2019-11-28,2.8,2.8,2.8,2.8,2.798264642082429,461.0,6.0,1290.0,461.0,100.0,0.0,0.0,1574899200.0
2019-11-27,2.8,2.8,2.8,2.8,2.7619047619047614,21.0,1.0,58.0,21.0,100.0,0.0,0.0,1574812800.0
2019-11-26,2.95,2.95,2.81,2.81,2.8571428571428568,14.0,2.0,40.0,14.0,100.0,0.14,-0.14,1574726400.0
2019-11-25,3.08,3.08,2.81,2.81,2.9662576687116564,326.0,5.0,967.0,326.0,100.0,0.27,-0.27,1574640000.0
2019-11-22,2.94,2.94,2.94,2.94,2.94,300.0,3.0,882.0,300.0,100.0,0.0,0.0,1574380800.0
2019-11-21,2.8,2.8,2.8,2.8,2.7998872604284104,1774.0,9.0,4967.0,1774.0,100.0,0.0,0.0,1574294400.0
2019-11-20,2.86,2.86,2.71,2.71,2.7862969004893965,613.0,6.0,1708.0,613.0,100.0,0.15,-0.15,1574208000.0
2019-11-19,2.6,2.73,2.6,2.73,2.72,300.0,3.0,816.0,300.0,100.0,0.13,0.13,1574121600.0
2019-11-18,2.6,2.6,2.47,2.6,2.473684210526316,209.0,8.0,517.0,209.0,100.0,0.13,0.0,1574035200.0
2019-11-13,2.6,2.6,2.6,2.6,2.595505617977528,89.0,2.0,231.0,89.0,100.0,0.0,0.0,1573603200.0
2019-11-11,2.6,2.73,2.47,2.73,2.6798347107438016,6050.0,9.0,16213.0,6050.0,100.0,0.26,0.13,1573430400.0
2019-11-08,2.78,2.78,2.6,2.6,2.588235294117647,51.0,2.0,132.0,51.0,100.0,0.18,-0.18,1573171200.0
2019-11-05,2.65,2.65,2.65,2.65,2.645161290322581,62.0,1.0,164.0,62.0,100.0,0.0,0.0,1572912000.0
2019-11-04,3.02,3.02,2.74,2.74,2.978014184397164,1410.0,3.0,4199.0,1410.0,100.0,0.28,-0.28,1572825600.0
2019-11-01,2.88,2.88,2.88,2.88,2.879443585780525,647.0,5.0,1863.0,647.0,100.0,0.0,0.0,1572566400.0
2019-10-31,2.86,2.86,2.75,2.75,2.75,56.0,2.0,154.0,56.0,100.0,0.11,-0.11,1572480000.0
2019-10-29,2.73,2.73,2.73,2.73,2.7297297297297294,1221.0,7.0,3333.0,1221.0,100.0,0.0,0.0,1572307200.0
2019-10-24,2.47,2.6,2.47,2.6,2.597609561752988,251.0,4.0,652.0,251.0,100.0,0.13,0.13,1571875200.0
2019-10-22,2.59,2.59,2.56,2.56,2.5597609561752988,502.0,3.0,1285.0,502.0,100.0,0.03,-0.03,1571702400.0
2019-10-18,2.72,2.72,2.59,2.59,2.7136150234741785,1065.0,2.0,2890.0,1065.0,100.0,0.13,-0.13,1571356800.0
2019-10-17,2.7,2.73,2.7,2.72,2.7097643097643096,1485.0,6.0,4024.0,1485.0,100.0,0.03,0.02,1571270400.0
2019-10-16,2.6,2.6,2.6,2.6,2.6,250.0,1.0,650.0,250.0,100.0,0.0,0.0,1571184000.0
2019-10-15,2.47,2.6,2.47,2.6,2.4723095051060486,5092.0,5.0,12589.0,5092.0,100.0,0.13,0.13,1571097600.0
2019-10-14,2.6,2.6,2.6,2.6,2.6,500.0,1.0,1300.0,500.0,100.0,0.0,0.0,1571011200.0
2019-10-11,2.8,2.8,2.66,2.66,2.677419354838709,62.0,2.0,166.0,62.0,100.0,0.14,-0.14,1570752000.0
2019-10-09,2.8,2.8,2.8,2.8,2.8,250.0,3.0,700.0,250.0,100.0,0.0,0.0,1570579200.0
2019-10-07,2.75,2.85,2.75,2.85,2.78,200.0,8.0,556.0,200.0,100.0,0.1,0.1,1570406400.0
2019-10-04,2.89,2.89,2.89,2.89,2.8875,80.0,1.0,231.0,80.0,100.0,0.0,0.0,1570147200.0
2019-10-03,3.04,3.04,3.04,3.04,3.04,100.0,1.0,304.0,100.0,100.0,0.0,0.0,1570060800.0
2019-10-01,3.04,3.04,3.04,3.04,3.0,2.0,2.0,6.0,2.0,100.0,0.0,0.0,1569888000.0
2019-09-27,2.89,3.04,2.89,3.04,2.907928388746804,391.0,10.0,1137.0,391.0,100.0,0.15,0.15,1569542400.0
2019-09-26,3.04,3.04,3.04,3.04,3.03960396039604,101.0,3.0,307.0,101.0,100.0,0.0,0.0,1569456000.0
2019-09-25,3.19,3.19,3.19,3.19,3.183333333333333,60.0,1.0,191.0,60.0,100.0,0.0,0.0,1569369600.0
2019-09-23,3.35,3.35,3.35,3.35,3.341463414634146,41.0,2.0,137.0,41.0,100.0,0.0,0.0,1569196800.0
2019-09-20,3.69,3.69,3.52,3.52,3.5352941176470587,170.0,4.0,601.0,170.0,100.0,0.17,-0.17,1568937600.0
2019-09-19,3.75,3.75,3.44,3.7,3.439960139511709,2007.0,5.0,6904.0,2007.0,100.0,0.31,-0.05,1568851200.0
2019-09-18,3.61,3.98,3.61,3.62,3.613770491803279,1525.0,11.0,5511.0,1525.0,100.0,0.37,0.01,1568764800.0
2019-09-13,3.8,3.8,3.8,3.8,3.6666666666666665,3.0,1.0,11.0,3.0,100.0,0.0,0.0,1568332800.0
2019-09-04,3.83,3.9,3.83,3.9,3.8780487804878048,41.0,4.0,159.0,41.0,100.0,0.07,0.07,1567555200.0
2019-09-03,3.85,3.85,3.83,3.83,3.8285714285714287,175.0,5.0,670.0,175.0,100.0,0.02,-0.02,1567468800.0
2019-08-30,3.86,3.86,3.82,3.82,3.840319361277445,501.0,4.0,1924.0,501.0,100.0,0.04,-0.04,1567123200.0
2019-08-29,3.87,3.87,3.86,3.86,3.854545454545456,55.0,2.0,212.0,55.0,100.0,0.01,-0.01,1567036800.0
2019-08-28,3.98,3.98,3.8,3.8,3.954615384615385,1300.0,7.0,5141.0,1300.0,100.0,0.18,-0.18,1566950400.0
2019-08-27,3.8,3.89,3.8,3.89,3.8181818181818175,11.0,2.0,42.0,11.0,100.0,0.09,0.09,1566864000.0
2019-08-26,3.87,3.87,3.84,3.84,3.8125,16.0,4.0,61.0,16.0,100.0,0.03,-0.03,1566777600.0
2019-08-23,3.82,3.82,3.6,3.79,3.7177914110429446,326.0,6.0,1212.0,326.0,100.0,0.22,-0.03,1566518400.0
2019-08-22,3.92,3.92,3.64,3.67,3.821212121212121,330.0,5.0,1261.0,330.0,100.0,0.28,-0.25,1566432000.0
2019-08-21,3.85,3.85,3.83,3.83,3.848372093023256,1075.0,4.0,4137.0,1075.0,100.0,0.02,-0.02,1566345600.0
2019-08-20,3.67,3.67,3.67,3.67,3.669306930693069,1010.0,3.0,3706.0,1010.0,100.0,0.0,0.0,1566259200.0
2019-08-16,3.5,3.5,3.5,3.5,3.5,500.0,2.0,1750.0,500.0,100.0,0.0,0.0,1565913600.0
2019-08-08,3.6,3.6,3.6,3.6,3.5981308411214954,107.0,2.0,385.0,107.0,100.0,0.0,0.0,1565222400.0
2019-08-07,3.75,3.75,3.7,3.7,3.70625,320.0,8.0,1186.0,320.0,100.0,0.05,-0.05,1565136000.0
2019-08-06,3.58,3.58,3.58,3.58,3.5,10.0,1.0,35.0,10.0,100.0,0.0,0.0,1565049600.0
2019-08-02,3.41,3.41,3.41,3.41,3.4,60.0,1.0,204.0,60.0,100.0,0.0,0.0,1564704000.0
2019-07-31,3.57,3.58,3.56,3.58,3.571649484536082,1940.0,6.0,6929.0,1940.0,100.0,0.02,0.01,1564531200.0
2019-07-24,3.24,3.41,3.24,3.41,3.3857142857142857,490.0,3.0,1659.0,490.0,100.0,0.17,0.17,1563926400.0
2019-07-22,3.29,3.29,3.25,3.25,3.2863070539419086,2410.0,9.0,7920.0,2410.0,100.0,0.04,-0.04,1563753600.0
2019-07-18,3.0,3.14,3.0,3.14,3.084,500.0,5.0,1542.0,500.0,100.0,0.14,0.14,1563408000.0
2019-07-17,3.0,3.0,3.0,3.0,3.0,100.0,1.0,300.0,100.0,100.0,0.0,0.0,1563321600.0
2019-07-16,3.19,3.19,3.04,3.04,3.04,100.0,2.0,304.0,100.0,100.0,0.15,-0.15,1563235200.0
2019-07-15,2.93,3.2,2.93,3.2,2.984,125.0,2.0,373.0,125.0,100.0,0.27,0.27,1563148800.0
2019-07-12,3.08,3.08,3.08,3.08,3.08,500.0,3.0,1540.0,500.0,100.0,0.0,0.0,1562889600.0
2019-07-11,2.94,2.94,2.94,2.94,2.9396338446313703,2021.0,13.0,5941.0,2021.0,100.0,0.0,0.0,1562803200.0
2019-07-10,2.82,2.82,2.62,2.8,2.736572890025576,391.0,11.0,1070.0,391.0,100.0,0.2,-0.02,1562716800.0
2019-07-03,2.69,2.82,2.69,2.69,2.691693290734824,626.0,8.0,1685.0,626.0,100.0,0.13,0.0,1562112000.0
2019-07-02,2.69,2.69,2.69,2.69,2.6875,64.0,2.0,172.0,64.0,100.0,0.0,0.0,1562025600.0
2019-06-26,2.57,2.57,2.57,2.57,2.569620253164557,79.0,1.0,203.0,79.0,100.0,0.0,0.0,1561507200.0
2019-06-25,2.7,2.7,2.7,2.7,2.685714285714285,35.0,1.0,94.0,35.0,100.0,0.0,0.0,1561420800.0
2019-06-24,2.79,2.79,2.78,2.78,2.7891450528338138,2082.0,3.0,5807.0,2082.0,100.0,0.01,-0.01,1561334400.0
2019-06-20,2.79,2.79,2.79,2.79,2.789575289575289,518.0,4.0,1445.0,518.0,100.0,0.0,0.0,1560988800.0
2019-06-19,2.54,2.66,2.54,2.66,2.603157894736842,950.0,3.0,2473.0,950.0,100.0,0.12,0.12,1560902400.0
2019-06-18,2.8,2.8,2.54,2.54,2.677419354838709,186.0,3.0,498.0,186.0,100.0,0.26,-0.26,1560816000.0
2019-06-11,2.67,2.67,2.67,2.67,2.668439716312057,564.0,2.0,1505.0,564.0,100.0,0.0,0.0,1560211200.0
2019-06-10,2.69,2.96,2.69,2.81,2.790732436472347,2676.0,18.0,7468.0,2676.0,100.0,0.27,0.12,1560124800.0
2019-06-07,2.56,2.82,2.56,2.82,2.62625,800.0,3.0,2101.0,800.0,100.0,0.26,0.26,1559865600.0
2019-06-04,2.69,2.69,2.69,2.69,2.69,1000.0,1.0,2690.0,1000.0,100.0,0.0,0.0,1559606400.0
2019-06-03,2.69,2.69,2.69,2.69,2.69,1000.0,1.0,2690.0,1000.0,100.0,0.0,0.0,1559520000.0
2019-05-31,2.57,2.57,2.57,2.57,2.57,100.0,1.0,257.0,100.0,100.0,0.0,0.0,1559260800.0
2019-05-27,2.45,2.45,2.45,2.45,2.45,1000.0,2.0,2450.0,1000.0,100.0,0.0,0.0,1558915200.0
2019-05-24,2.45,2.45,2.45,2.45,2.4466019417475726,103.0,3.0,252.0,103.0,100.0,0.0,0.0,1558656000.0
2019-05-23,2.45,2.45,2.45,2.45,2.45,100.0,1.0,245.0,100.0,100.0,0.0,0.0,1558569600.0
2019-05-22,2.42,2.42,2.42,2.42,2.42,100.0,1.0,242.0,100.0,100.0,0.0,0.0,1558483200.0
2019-05-21,2.42,2.42,2.42,2.42,2.417910447761194,201.0,2.0,486.0,201.0,100.0,0.0,0.0,1558396800.0
2019-05-09,2.4,2.4,2.4,2.4,2.2857142857142856,7.0,1.0,16.0,7.0,100.0,0.0,0.0,1557360000.0
2019-05-08,2.4,2.4,2.4,2.4,2.4,300.0,1.0,720.0,300.0,100.0,0.0,0.0,1557273600.0
2019-05-07,2.4,2.4,2.4,2.4,2.4,100.0,1.0,240.0,100.0,100.0,0.0,0.0,1557187200.0
2019-05-02,2.4,2.4,2.4,2.4,2.4,1200.0,2.0,2880.0,1200.0,100.0,0.0,0.0,1556755200.0
2019-04-26,2.4,2.4,2.4,2.4,2.4,300.0,1.0,720.0,300.0,100.0,0.0,0.0,1556236800.0
2019-04-23,2.4,2.4,2.4,2.4,2.0,1.0,1.0,2.0,1.0,100.0,0.0,0.0,1555977600.0
2019-04-22,2.5,2.5,2.5,2.5,2.5,406.0,4.0,1015.0,406.0,100.0,0.0,0.0,1555891200.0
2019-04-18,2.5,2.5,2.5,2.5,2.5,1076.0,3.0,2690.0,1076.0,100.0,0.0,0.0,1555545600.0
2019-04-09,2.5,2.5,2.5,2.5,2.49874686716792,399.0,3.0,997.0,399.0,100.0,0.0,0.0,1554768000.0
2019-04-08,2.45,2.45,2.45,2.45,2.45,2000.0,2.0,4900.0,2000.0,100.0,0.0,0.0,1554681600.0
2019-04-05,2.45,2.45,2.45,2.45,2.45,700.0,2.0,1715.0,700.0,100.0,0.0,0.0,1554422400.0
2019-04-03,2.46,2.46,2.46,2.46,2.45771144278607,201.0,5.0,494.0,201.0,100.0,0.0,0.0,1554249600.0
2019-04-01,2.35,2.35,2.35,2.35,2.333333333333333,45.0,1.0,105.0,45.0,100.0,0.0,0.0,1554076800.0
2019-03-26,2.35,2.35,2.35,2.35,2.3499946415175224,93310.0,1.0,219278.0,93310.0,100.0,0.0,0.0,1553558400.0
2019-03-25,2.47,2.47,2.47,2.47,2.47,100.0,1.0,247.0,100.0,100.0,0.0,0.0,1553472000.0
2019-03-18,2.6,2.6,2.6,2.6,2.6,10.0,1.0,26.0,10.0,100.0,0.0,0.0,1552867200.0
2019-03-15,2.66,2.66,2.66,2.66,2.66,300.0,3.0,798.0,300.0,100.0,0.0,0.0,1552608000.0
2019-03-14,2.66,2.66,2.66,2.66,2.66,300.0,1.0,798.0,300.0,100.0,0.0,0.0,1552521600.0
2019-03-08,2.79,2.79,2.79,2.79,2.79,500.0,1.0,1395.0,500.0,100.0,0.0,0.0,1552003200.0
2019-03-07,2.66,2.66,2.66,2.66,2.66,200.0,1.0,532.0,200.0,100.0,0.0,0.0,1551916800.0
2019-03-06,2.8,2.8,2.8,2.8,2.8,30.0,2.0,84.0,30.0,100.0,0.0,0.0,1551830400.0
2019-03-05,2.8,2.8,2.75,2.77,2.7671009771986967,614.0,7.0,1699.0,614.0,100.0,0.05,-0.03,1551744000.0
2019-03-01,2.8,2.8,2.8,2.8,2.8,490.0,5.0,1372.0,490.0,100.0,0.0,0.0,1551398400.0
2019-02-28,2.8,2.8,2.8,2.8,2.8,25.0,2.0,70.0,25.0,100.0,0.0,0.0,1551312000.0
2019-02-27,2.9,2.9,2.8,2.8,2.821881838074398,2285.0,6.0,6448.0,2285.0,100.0,0.1,-0.1,1551225600.0
2019-02-26,2.9,2.9,2.9,2.9,2.9,600.0,3.0,1740.0,600.0,100.0,0.0,0.0,1551139200.0
2019-02-22,3.1,3.1,3.0,3.05,3.011055276381909,995.0,4.0,2996.0,995.0,100.0,0.1,-0.05,1550793600.0
2019-02-19,3.1,3.1,3.1,3.1,3.1,1000.0,1.0,3100.0,1000.0,100.0,0.0,0.0,1550534400.0
2019-02-18,3.1,3.33,3.1,3.25,3.204313280363224,881.0,6.0,2823.0,881.0,100.0,0.23,0.15,1550448000.0
2019-02-15,3.18,3.18,3.18,3.18,3.18,500.0,1.0,1590.0,500.0,100.0,0.0,0.0,1550188800.0
2019-02-14,3.04,3.04,3.04,3.04,3.04,1000.0,3.0,3040.0,1000.0,100.0,0.0,0.0,1550102400.0
2019-02-07,3.04,3.04,3.04,3.04,3.0390390390390394,999.0,1.0,3036.0,999.0,100.0,0.0,0.0,1549497600.0
2019-02-04,3.04,3.04,3.04,3.04,3.0396946564885496,1310.0,4.0,3982.0,1310.0,100.0,0.0,0.0,1549238400.0
2019-02-01,2.9,2.9,2.9,2.9,2.9,1500.0,3.0,4350.0,1500.0,100.0,0.0,0.0,1548979200.0
2019-01-31,2.77,2.77,2.77,2.77,2.77,600.0,3.0,1662.0,600.0,100.0,0.0,0.0,1548892800.0
2019-01-30,2.64,2.64,2.64,2.64,2.633663366336634,101.0,1.0,266.0,101.0,100.0,0.0,0.0,1548806400.0
2019-01-29,2.52,2.52,2.52,2.52,2.52,600.0,2.0,1512.0,600.0,100.0,0.0,0.0,1548720000.0
2019-01-28,2.43,2.43,2.43,2.43,2.4295652173913043,1150.0,3.0,2794.0,1150.0,100.0,0.0,0.0,1548633600.0
2019-01-25,2.33,2.33,2.33,2.33,2.33,100.0,1.0,233.0,100.0,100.0,0.0,0.0,1548374400.0
2019-01-24,2.22,2.22,2.22,2.22,2.22,100.0,1.0,222.0,100.0,100.0,0.0,0.0,1548288000.0
2019-01-23,2.12,2.12,2.12,2.12,2.1,40.0,1.0,84.0,40.0,100.0,0.0,0.0,1548201600.0
2019-01-22,2.02,2.02,2.02,2.02,2.02,1750.0,4.0,3535.0,1750.0,100.0,0.0,0.0,1548115200.0
2019-01-21,1.93,1.93,1.93,1.93,1.9297900262467191,1524.0,2.0,2941.0,1524.0,100.0,0.0,0.0,1548028800.0
2019-01-18,1.84,1.84,1.84,1.84,1.84,300.0,1.0,552.0,300.0,100.0,0.0,0.0,1547769600.0
2019-01-11,1.84,1.84,1.76,1.76,1.8,200.0,4.0,360.0,200.0,100.0,0.08,-0.08,1547164800.0
2019-01-10,1.84,1.84,1.77,1.84,1.838292682926829,4100.0,4.0,7537.0,4100.0,100.0,0.07,0.0,1547078400.0
2019-01-08,1.85,1.85,1.76,1.76,1.825,200.0,2.0,365.0,200.0,100.0,0.09,-0.09,1546905600.0
2019-01-02,1.85,1.85,1.85,1.85,1.85,100.0,1.0,185.0,100.0,100.0,0.0,0.0,1546387200.0
2018-12-27,1.77,1.77,1.77,1.77,1.7689768976897688,303.0,1.0,536.0,303.0,100.0,0.0,0.0,1545868800.0
2018-12-26,1.69,1.69,1.69,1.69,1.69,100.0,1.0,169.0,100.0,100.0,0.0,0.0,1545782400.0
2018-12-24,1.55,1.61,1.55,1.61,1.6072692183981987,3109.0,4.0,4997.0,3109.0,100.0,0.06,0.06,1545609600.0
2018-12-21,1.6,1.61,1.6,1.61,1.6038251366120218,366.0,3.0,587.0,366.0,100.0,0.01,0.01,1545350400.0
2018-12-20,1.64,1.64,1.64,1.64,1.64,200.0,1.0,328.0,200.0,100.0,0.0,0.0,1545264000.0
2018-12-19,1.72,1.72,1.72,1.72,1.72,300.0,2.0,516.0,300.0,100.0,0.0,0.0,1545177600.0
2018-12-18,1.81,1.81,1.81,1.81,1.8085106382978724,282.0,1.0,510.0,282.0,100.0,0.0,0.0,1545091200.0
2018-12-17,1.81,1.81,1.81,1.81,1.8099808061420344,521.0,4.0,943.0,521.0,100.0,0.0,0.0,1545004800.0
2018-12-14,1.81,1.81,1.81,1.81,1.81,300.0,1.0,543.0,300.0,100.0,0.0,0.0,1544745600.0
2018-12-07,1.9,1.9,1.9,1.9,1.8995983935742968,498.0,1.0,946.0,498.0,100.0,0.0,0.0,1544140800.0
2018-12-06,1.89,1.89,1.89,1.89,1.8894736842105264,760.0,2.0,1436.0,760.0,100.0,0.0,0.0,1544054400.0
2018-12-05,1.98,1.98,1.98,1.98,1.9790849673202613,765.0,3.0,1514.0,765.0,100.0,0.0,0.0,1543968000.0
2018-12-04,1.98,1.98,1.98,1.98,1.0,1.0,1.0,1.0,1.0,100.0,0.0,0.0,1543881600.0
2018-12-03,2.18,2.18,2.08,2.08,2.088989931796037,3079.0,3.0,6432.0,3079.0,100.0,0.1,-0.1,1543795200.0
2018-11-30,2.08,2.18,2.08,2.18,2.138333333333333,1200.0,3.0,2566.0,1200.0,100.0,0.1,0.1,1543536000.0
2018-11-28,2.08,2.08,2.08,2.08,2.07957957957958,666.0,2.0,1385.0,666.0,100.0,0.0,0.0,1543363200.0
2018-11-22,2.18,2.18,2.18,2.18,2.18,550.0,2.0,1199.0,550.0,100.0,0.0,0.0,1542844800.0
2018-11-21,2.18,2.18,2.18,2.18,2.18,1500.0,1.0,3270.0,1500.0,100.0,0.0,0.0,1542758400.0
2018-11-16,2.08,2.08,2.08,2.08,2.08,1000.0,3.0,2080.0,1000.0,100.0,0.0,0.0,1542326400.0
2018-11-15,1.99,1.99,1.99,1.99,1.99,700.0,3.0,1393.0,700.0,100.0,0.0,0.0,1542240000.0
2018-11-07,1.9,1.9,1.9,1.9,1.8965517241379315,145.0,1.0,275.0,145.0,100.0,0.0,0.0,1541548800.0
2018-11-06,1.81,1.81,1.81,1.81,1.81,100.0,1.0,181.0,100.0,100.0,0.0,0.0,1541462400.0
2018-11-05,1.73,1.73,1.73,1.73,1.73,100.0,1.0,173.0,100.0,100.0,0.0,0.0,1541376000.0
2018-11-01,1.65,1.65,1.65,1.65,1.64,50.0,1.0,82.0,50.0,100.0,0.0,0.0,1541030400.0
2018-10-30,1.91,1.91,1.73,1.73,1.7465,6000.0,4.0,10479.0,6000.0,100.0,0.18,-0.18,1540857600.0
2018-10-29,1.82,1.82,1.82,1.82,1.818181818181818,220.0,2.0,400.0,220.0,100.0,0.0,0.0,1540771200.0
2018-10-26,1.9,1.9,1.82,1.82,1.835686274509804,5100.0,6.0,9362.0,5100.0,100.0,0.08,-0.08,1540512000.0
2018-10-25,1.91,1.91,1.91,1.91,1.91,100.0,1.0,191.0,100.0,100.0,0.0,0.0,1540425600.0
2018-10-24,2.01,2.01,2.01,2.01,2.01,100.0,1.0,201.0,100.0,100.0,0.0,0.0,1540339200.0
2018-10-22,2.1,2.11,2.1,2.11,2.1017488076311603,629.0,3.0,1322.0,629.0,100.0,0.01,0.01,1540166400.0
2018-10-17,2.01,2.01,2.01,2.01,2.01,1000.0,1.0,2010.0,1000.0,100.0,0.0,0.0,1539734400.0
2018-10-12,2.01,2.01,2.01,2.01,2.00796812749004,251.0,1.0,504.0,251.0,100.0,0.0,0.0,1539302400.0
2018-10-10,2.08,2.08,2.08,2.08,2.08,2150.0,2.0,4472.0,2150.0,100.0,0.0,0.0,1539129600.0
2018-10-08,2.39,2.39,2.18,2.18,2.33,700.0,3.0,1631.0,700.0,100.0,0.21,-0.21,1538956800.0
2018-10-05,2.28,2.28,2.28,2.28,2.28,1000.0,1.0,2280.0,1000.0,100.0,0.0,0.0,1538697600.0
2018-10-03,2.39,2.39,2.39,2.39,2.39,200.0,1.0,478.0,200.0,100.0,0.0,0.0,1538524800.0
2018-09-28,2.51,2.51,2.51,2.51,2.5,14.0,1.0,35.0,14.0,100.0,0.0,0.0,1538092800.0
2018-09-27,2.64,2.64,2.64,2.64,2.64,100.0,1.0,264.0,100.0,100.0,0.0,0.0,1538006400.0
2018-09-26,2.64,2.64,2.64,2.64,2.6399858956276443,5672.0,5.0,14974.0,5672.0,100.0,0.0,0.0,1537920000.0
2018-09-24,2.77,2.77,2.77,2.77,2.77,2000.0,9.0,5540.0,2000.0,100.0,0.0,0.0,1537747200.0
2018-09-21,2.91,2.91,2.91,2.91,2.909969257795345,2277.0,4.0,6626.0,2277.0,100.0,0.0,0.0,1537488000.0
2018-09-18,3.14,3.29,2.99,2.99,3.06713532513181,2845.0,11.0,8726.0,2845.0,100.0,0.3,-0.15,1537228800.0
2018-09-17,3.14,3.14,3.14,3.14,3.14,1200.0,5.0,3768.0,1200.0,100.0,0.0,0.0,1537142400.0
2018-09-14,3.3,3.3,3.3,3.3,3.3,4140.0,7.0,13662.0,4140.0,100.0,0.0,0.0,1536883200.0
2018-09-12,3.15,3.15,3.15,3.15,3.15,900.0,4.0,2835.0,900.0,100.0,0.0,0.0,1536710400.0
2018-09-11,3.15,3.15,3.15,3.15,3.149833887043189,3010.0,4.0,9481.0,3010.0,100.0,0.0,0.0,1536624000.0
2018-09-10,3.31,3.31,3.31,3.31,3.3098484848484846,1320.0,5.0,4369.0,1320.0,100.0,0.0,0.0,1536537600.0
2018-09-07,3.5,3.5,3.33,3.33,3.455686853766617,1354.0,5.0,4679.0,1354.0,100.0,0.17,-0.17,1536278400.0
2018-09-04,3.5,3.5,3.5,3.5,3.5,1110.0,3.0,3885.0,1110.0,100.0,0.0,0.0,1536019200.0
2018-09-03,3.52,3.52,3.35,3.52,3.388540734109221,3351.0,10.0,11355.0,3351.0,100.0,0.17,0.0,1535932800.0
2018-08-31,3.55,3.55,3.52,3.52,3.532710280373832,214.0,4.0,756.0,214.0,100.0,0.03,-0.03,1535673600.0
2018-08-30,3.7,3.7,3.7,3.7,3.699905033238368,1053.0,5.0,3896.0,1053.0,100.0,0.0,0.0,1535587200.0
2018-08-28,3.85,3.85,3.85,3.85,3.846666666666666,150.0,1.0,577.0,150.0,100.0,0.0,0.0,1535414400.0
2018-08-27,4.05,4.05,4.05,4.05,4.049812030075188,1064.0,3.0,4309.0,1064.0,100.0,0.0,0.0,1535328000.0
2018-08-24,4.15,4.26,4.05,4.26,4.142755174875089,1401.0,3.0,5804.0,1401.0,100.0,0.21,0.11,1535068800.0
2018-08-21,4.63,4.63,4.19,4.26,4.455026455026455,189.0,4.0,842.0,189.0,100.0,0.44,-0.37,1534809600.0
2018-08-20,4.2,4.41,4.2,4.41,4.38,100.0,3.0,438.0,100.0,100.0,0.21,0.21,1534723200.0
2018-08-17,4.2,4.2,4.2,4.2,4.2,100.0,2.0,420.0,100.0,100.0,0.0,0.0,1534464000.0
2018-08-16,4.05,4.05,4.05,4.05,4.0285714285714285,35.0,1.0,141.0,35.0,100.0,0.0,0.0,1534377600.0
2018-08-14,4.09,4.09,4.09,4.09,4.09,200.0,2.0,818.0,200.0,100.0,0.0,0.0,1534204800.0
2018-08-08,4.09,4.09,4.09,4.09,4.0,1.0,1.0,4.0,1.0,100.0,0.0,0.0,1533686400.0
2018-08-07,4.09,4.09,4.09,4.09,4.08695652173913,138.0,2.0,564.0,138.0,100.0,0.0,0.0,1533600000.0
2018-07-25,3.9,3.9,3.9,3.9,3.9,100.0,1.0,390.0,100.0,100.0,0.0,0.0,1532476800.0
2018-07-17,3.9,3.9,3.9,3.9,3.9,1000.0,1.0,3900.0,1000.0,100.0,0.0,0.0,1531785600.0
2018-07-04,3.9,3.9,3.9,3.9,3.8,5.0,1.0,19.0,5.0,100.0,0.0,0.0,1530662400.0
2018-07-03,4.1,4.1,4.1,4.1,4.1,2000.0,1.0,8200.0,2000.0,100.0,0.0,0.0,1530576000.0
2018-07-02,4.05,4.05,4.05,4.05,4.05,100.0,1.0,405.0,100.0,100.0,0.0,0.0,1530489600.0
2018-06-29,3.6,3.9,3.6,3.9,3.85,1200.0,4.0,4620.0,1200.0,100.0,0.3,0.3,1530230400.0
2018-06-20,3.78,3.78,3.78,3.78,3.0,1.0,1.0,3.0,1.0,100.0,0.0,0.0,1529452800.0
2018-06-18,3.78,3.78,3.78,3.78,3.78,900.0,2.0,3402.0,900.0,100.0,0.0,0.0,1529280000.0
2018-06-15,3.97,3.97,3.97,3.97,3.97,1500.0,2.0,5955.0,1500.0,100.0,0.0,0.0,1529020800.0
2018-06-14,4.17,4.17,4.17,4.17,4.17,2200.0,2.0,9174.0,2200.0,100.0,0.0,0.0,1528934400.0
2018-06-08,4.17,4.17,4.17,4.17,4.17,1400.0,3.0,5838.0,1400.0,100.0,0.0,0.0,1528416000.0
2018-06-07,4.37,4.4,4.37,4.38,4.374285714285714,7000.0,5.0,30620.0,7000.0,100.0,0.03,0.01,1528329600.0
2018-06-01,4.57,4.6,4.57,4.6,4.597333333333332,750.0,3.0,3448.0,750.0,100.0,0.03,0.03,1527811200.0
2018-05-28,4.51,4.6,4.51,4.57,4.566666666666666,150.0,2.0,685.0,150.0,100.0,0.09,0.06,1527465600.0
2018-05-25,4.51,4.51,4.51,4.51,4.4,5.0,1.0,22.0,5.0,100.0,0.0,0.0,1527206400.0
2018-05-18,4.09,4.51,4.09,4.51,4.104679208876025,8292.0,2.0,34036.0,8292.0,100.0,0.42,0.42,1526601600.0
2018-05-17,4.3,4.3,4.3,4.3,4.3,300.0,1.0,1290.0,300.0,100.0,0.0,0.0,1526515200.0
2018-05-16,4.35,4.35,4.35,4.35,4.34983922829582,3110.0,5.0,13528.0,3110.0,100.0,0.0,0.0,1526428800.0
2018-05-15,4.6,5.04,4.56,4.56,4.901199040767386,8340.0,12.0,40876.0,8340.0,100.0,0.48,-0.04,1526342400.0
2018-05-11,4.8,4.8,4.8,4.8,4.8,200.0,2.0,960.0,200.0,100.0,0.0,0.0,1525996800.0
2018-04-30,4.8,4.8,4.8,4.8,4.8,100.0,1.0,480.0,100.0,100.0,0.0,0.0,1525046400.0
2018-04-27,5.25,5.25,4.8,4.8,5.170205237084217,2826.0,5.0,14611.0,2826.0,100.0,0.45,-0.45,1524787200.0
2018-04-26,4.78,5.01,4.78,5.0,4.984545454545455,1100.0,3.0,5483.0,1100.0,100.0,0.23,0.22,1524700800.0
2018-04-25,4.78,4.78,4.78,4.78,4.78,12400.0,8.0,59272.0,12400.0,100.0,0.0,0.0,1524614400.0
2018-04-24,4.35,4.56,4.35,4.56,4.434876989869753,76010.0,11.0,337095.0,76010.0,100.0,0.21,0.21,1524528000.0
2018-04-23,4.35,4.35,4.35,4.35,4.347222222222222,216.0,3.0,939.0,216.0,100.0,0.0,0.0,1524441600.0
2018-04-20,4.35,4.35,4.35,4.35,4.35,120.0,4.0,522.0,120.0,100.0,0.0,0.0,1524182400.0
2018-04-18,4.49,4.5,4.49,4.5,4.49,100.0,2.0,449.0,100.0,100.0,0.01,0.01,1524009600.0
2018-04-17,4.7,4.7,4.48,4.49,4.530275229357798,1090.0,12.0,4938.0,1090.0,100.0,0.22,-0.21,1523923200.0
2018-04-16,4.7,4.7,4.7,4.7,4.7,300.0,3.0,1410.0,300.0,100.0,0.0,0.0,1523836800.0
2018-04-12,4.9,4.9,4.9,4.9,4.0,1.0,1.0,4.0,1.0,100.0,0.0,0.0,1523491200.0
2018-04-11,4.97,5.0,4.9,4.9,4.934782608695652,1012.0,9.0,4994.0,1012.0,100.0,0.1,-0.07,1523404800.0
2018-04-10,5.23,5.23,4.97,4.97,5.22890365448505,3010.0,4.0,15739.0,3010.0,100.0,0.26,-0.26,1523318400.0
2018-04-09,5.23,5.23,5.23,5.23,5.2,10.0,1.0,52.0,10.0,100.0,0.0,0.0,1523232000.0
2018-04-06,5.4,5.4,5.23,5.23,5.24,25.0,2.0,131.0,25.0,100.0,0.17,-0.17,1522972800.0
2018-04-05,5.55,5.55,5.5,5.5,5.549950544015825,1011.0,3.0,5611.0,1011.0,100.0,0.05,-0.05,1522886400.0
2018-04-02,5.55,5.78,5.55,5.55,5.54726368159204,201.0,4.0,1115.0,201.0,100.0,0.23,0.0,1522627200.0
2018-03-27,5.51,5.51,5.51,5.51,5.504132231404959,121.0,1.0,666.0,121.0,100.0,0.0,0.0,1522108800.0
2018-03-26,5.8,5.8,5.51,5.51,5.637777777777778,450.0,4.0,2537.0,450.0,100.0,0.29,-0.29,1522022400.0
2018-03-23,5.8,5.8,5.8,5.8,5.8,10000.0,3.0,58000.0,10000.0,100.0,0.0,0.0,1521763200.0
2018-03-22,5.8,5.8,5.8,5.8,5.8,30.0,1.0,174.0,30.0,100.0,0.0,0.0,1521676800.0
2018-03-20,6.39,6.39,6.09,6.09,6.07843137254902,51.0,2.0,310.0,51.0,100.0,0.3,-0.3,1521504000.0
2018-03-19,6.14,6.14,6.09,6.09,6.047619047619048,21.0,2.0,127.0,21.0,100.0,0.05,-0.05,1521417600.0
2018-03-16,5.85,5.85,5.85,5.85,5.85,1040.0,5.0,6084.0,1040.0,100.0,0.0,0.0,1521158400.0
2018-03-15,6.13,6.15,6.0,6.13,6.123809523809524,945.0,8.0,5787.0,945.0,100.0,0.15,0.0,1521072000.0
2018-03-14,5.4,5.86,5.4,5.86,5.399742101869761,1551.0,8.0,8375.0,1551.0,100.0,0.46,0.46,1520985600.0
2018-03-13,5.6,5.6,5.6,5.6,5.6,1500.0,8.0,8400.0,1500.0,100.0,0.0,0.0,1520899200.0
2018-03-12,5.4,5.6,5.4,5.6,5.396825396825397,63.0,4.0,340.0,63.0,100.0,0.2,0.2,1520812800.0
2018-03-09,5.68,5.68,5.68,5.68,5.65,20.0,2.0,113.0,20.0,100.0,0.0,0.0,1520553600.0
2018-03-08,5.98,5.98,5.5,5.97,5.874007936507937,1008.0,14.0,5921.0,1008.0,100.0,0.48,-0.01,1520467200.0
2018-03-07,5.7,5.7,5.7,5.7,5.7,200.0,4.0,1140.0,200.0,100.0,0.0,0.0,1520380800.0
2018-03-06,6.32,6.33,6.0,6.0,6.315492957746479,355.0,4.0,2242.0,355.0,100.0,0.33,-0.32,1520294400.0
2018-03-05,5.47,6.03,5.47,6.03,5.897872340425532,470.0,7.0,2772.0,470.0,100.0,0.56,0.56,1520208000.0
2018-03-01,6.0,6.0,5.7,5.75,5.744614648157013,4178.0,15.0,24001.0,4178.0,100.0,0.3,-0.25,1519862400.0
2018-02-27,6.0,6.0,6.0,6.0,6.0,160.0,5.0,960.0,160.0,100.0,0.0,0.0,1519689600.0
2018-02-26,6.18,6.18,6.18,6.18,6.18,150.0,1.0,927.0,150.0,100.0,0.0,0.0,1519603200.0
2018-02-23,6.58,6.58,6.5,6.5,6.5,14.0,2.0,91.0,14.0,100.0,0.08,-0.08,1519344000.0
2018-02-22,6.9,6.9,6.6,6.6,6.61904761904762,21.0,3.0,139.0,21.0,100.0,0.3,-0.3,1519257600.0
2018-02-21,6.9,6.9,6.9,6.9,6.878048780487805,41.0,3.0,282.0,41.0,100.0,0.0,0.0,1519171200.0
2018-02-20,7.28,7.28,6.92,6.92,6.948905109489052,137.0,10.0,952.0,137.0,100.0,0.36,-0.36,1519084800.0
2018-02-19,6.8,7.13,6.46,6.95,6.640547263681592,804.0,8.0,5339.0,804.0,100.0,0.67,0.15,1518998400.0
2018-02-16,6.8,6.8,6.8,6.8,6.8,200.0,1.0,1360.0,200.0,100.0,0.0,0.0,1518739200.0
2018-02-14,7.0,7.0,7.0,7.0,7.0,300.0,2.0,2100.0,300.0,100.0,0.0,0.0,1518566400.0
2018-02-12,7.1,7.1,6.7,7.0,6.724593716143012,4615.0,12.0,31034.0,4615.0,100.0,0.4,-0.1,1518393600.0
2018-02-09,7.0,7.53,6.83,6.83,7.385992217898832,1285.0,8.0,9491.0,1285.0,100.0,0.7,-0.17,1518134400.0
2018-02-07,7.22,7.22,6.55,7.18,6.853312302839117,1902.0,6.0,13035.0,1902.0,100.0,0.67,-0.04,1517961600.0
2018-02-02,6.89,6.89,6.89,6.89,6.872727272727273,55.0,2.0,378.0,55.0,100.0,0.0,0.0,1517529600.0
2018-02-01,6.89,6.89,6.89,6.89,6.8,5.0,1.0,34.0,5.0,100.0,0.0,0.0,1517443200.0
2018-01-31,7.2,7.2,6.89,6.89,7.027272727272727,220.0,3.0,1546.0,220.0,100.0,0.31,-0.31,1517356800.0
2018-01-30,7.4,7.4,7.2,7.25,7.297560975609756,205.0,4.0,1496.0,205.0,100.0,0.2,-0.15,1517270400.0
2018-01-29,7.8,7.8,7.41,7.41,7.571353620146904,1906.0,8.0,14431.0,1906.0,100.0,0.39,-0.39,1517184000.0
2018-01-25,7.9,7.9,7.8,7.8,7.864661654135338,665.0,4.0,5230.0,665.0,100.0,0.1,-0.1,1516838400.0
2018-01-24,8.0,8.2,8.0,8.01,8.006451612903225,310.0,2.0,2482.0,310.0,100.0,0.2,0.01,1516752000.0
2018-01-23,7.9,8.28,7.9,8.28,7.9,200.0,2.0,1580.0,200.0,100.0,0.38,0.38,1516665600.0
2018-01-22,8.63,8.63,7.82,7.9,7.8830049261083746,1624.0,10.0,12802.0,1624.0,100.0,0.81,-0.73,1516579200.0
2018-01-19,8.38,8.38,7.9,8.23,7.931404958677686,2420.0,15.0,19194.0,2420.0,100.0,0.48,-0.15,1516320000.0
2018-01-18,8.28,8.32,7.57,8.0,8.113125859522233,19633.0,45.0,159285.0,19633.0,100.0,0.75,-0.28,1516233600.0
2018-01-17,8.08,8.45,7.75,7.95,8.017277429294595,18174.0,46.0,145706.0,18174.0,100.0,0.7,-0.13,1516147200.0
2018-01-16,8.09,8.09,7.33,8.08,7.970519467317271,9837.0,49.0,78406.0,9837.0,100.0,0.76,-0.01,1516060800.0
2018-01-15,7.7,7.71,7.7,7.71,7.7048,2500.0,11.0,19262.0,2500.0,100.0,0.01,0.01,1515974400.0
2018-01-12,7.35,7.35,7.35,7.35,7.349833610648918,4808.0,20.0,35338.0,4808.0,100.0,0.0,0.0,1515715200.0
2018-01-11,6.67,7.0,6.67,7.0,6.9261415874961685,6526.0,22.0,45200.0,6526.0,100.0,0.33,0.33,1515628800.0
2018-01-10,6.67,6.67,6.67,6.67,6.66956049918611,1843.0,10.0,12292.0,1843.0,100.0,0.0,0.0,1515542400.0
2018-01-09,6.36,6.36,5.8,6.36,6.209645492172035,22228.0,36.0,138028.0,22228.0,100.0,0.56,0.0,1515456000.0
2018-01-08,6.06,6.06,6.06,6.06,6.059684684684685,1776.0,6.0,10762.0,1776.0,100.0,0.0,0.0,1515369600.0
2018-01-05,5.78,5.78,5.78,5.78,5.779715465810005,2179.0,5.0,12594.0,2179.0,100.0,0.0,0.0,1515110400.0
2018-01-04,5.51,5.51,5.25,5.51,5.374558303886926,1415.0,8.0,7605.0,1415.0,100.0,0.26,0.0,1515024000.0
2018-01-03,5.5,5.5,5.23,5.25,5.2892,2500.0,10.0,13223.0,2500.0,100.0,0.27,-0.25,1514937600.0
2018-01-01,5.5,5.5,5.5,5.5,5.499375780274657,801.0,10.0,4405.0,801.0,100.0,0.0,0.0,1514764800.0
2017-12-29,6.2,6.27,5.7,5.7,5.999318104330038,2933.0,10.0,17596.0,2933.0,100.0,0.57,-0.5,1514505600.0
2017-12-28,5.5,5.98,5.5,5.98,5.979452054794521,1022.0,5.0,6111.0,1022.0,100.0,0.48,0.48,1514419200.0
2017-12-27,5.7,5.7,5.7,5.7,5.699959818609724,17421.0,14.0,99299.0,17421.0,100.0,0.0,0.0,1514332800.0
2017-12-26,6.0,6.0,6.0,6.0,6.0,280.0,2.0,1680.0,280.0,100.0,0.0,0.0,1514246400.0
2017-12-22,6.05,6.32,6.05,6.31,6.107142857142857,896.0,5.0,5472.0,896.0,100.0,0.27,0.26,1513900800.0
2017-12-21,6.64,6.64,6.02,6.02,6.244839857651246,1405.0,5.0,8774.0,1405.0,100.0,0.62,-0.62,1513814400.0
2017-12-20,6.05,6.33,6.05,6.33,6.147286821705426,516.0,5.0,3172.0,516.0,100.0,0.28,0.28,1513728000.0
2017-12-19,6.05,6.33,6.05,6.33,6.054545454545456,1045.0,11.0,6327.0,1045.0,100.0,0.28,0.28,1513641600.0
2017-12-15,6.33,6.33,6.33,6.33,6.285714285714286,21.0,1.0,132.0,21.0,100.0,0.0,0.0,1513296000.0
2017-12-14,6.33,6.33,6.33,6.33,6.329923273657289,1173.0,4.0,7425.0,1173.0,100.0,0.0,0.0,1513209600.0
2017-12-13,6.03,6.03,6.03,6.03,6.0285714285714285,210.0,2.0,1266.0,210.0,100.0,0.0,0.0,1513123200.0
2017-12-12,5.75,5.75,5.75,5.75,5.75,200.0,2.0,1150.0,200.0,100.0,0.0,0.0,1513036800.0
2017-12-11,5.53,5.82,5.53,5.82,5.817330210772834,5551.0,9.0,32292.0,5551.0,100.0,0.29,0.29,1512950400.0
2017-12-08,6.0,6.0,5.82,5.82,5.847201210287444,3305.0,8.0,19325.0,3305.0,100.0,0.18,-0.18,1512691200.0
2017-12-07,6.12,6.12,6.12,6.12,6.12,800.0,3.0,4896.0,800.0,100.0,0.0,0.0,1512604800.0
2017-12-06,6.12,6.12,6.12,6.12,6.12,100.0,1.0,612.0,100.0,100.0,0.0,0.0,1512518400.0
2017-12-05,6.44,6.44,6.44,6.44,6.438095238095238,105.0,2.0,676.0,105.0,100.0,0.0,0.0,1512432000.0
2017-12-04,6.44,6.44,6.44,6.44,6.439900630613416,5233.0,4.0,33700.0,5233.0,100.0,0.0,0.0,1512345600.0
2017-11-29,6.77,6.77,6.77,6.77,6.7,10.0,1.0,67.0,10.0,100.0,0.0,0.0,1511913600.0
2017-11-28,6.8,6.8,6.77,6.77,6.7733333333333325,2925.0,9.0,19812.0,2925.0,100.0,0.03,-0.03,1511827200.0
2017-11-23,6.77,6.77,6.77,6.77,6.767313019390581,361.0,4.0,2443.0,361.0,100.0,0.0,0.0,1511395200.0
2017-11-22,7.12,7.12,6.77,6.77,6.781538461538462,325.0,4.0,2204.0,325.0,100.0,0.35,-0.35,1511308800.0
2017-11-21,7.0,7.25,6.8,6.8,7.067737733391229,2303.0,10.0,16277.0,2303.0,100.0,0.45,-0.2,1511222400.0
2017-11-20,6.86,7.0,6.86,6.91,6.874846625766871,9780.0,13.0,67236.0,9780.0,100.0,0.14,0.05,1511136000.0
2017-11-17,7.22,7.22,7.22,7.22,7.22,500.0,4.0,3610.0,500.0,100.0,0.0,0.0,1510876800.0
2017-11-16,7.22,7.22,7.22,7.22,7.219816138917262,4895.0,8.0,35341.0,4895.0,100.0,0.0,0.0,1510790400.0
2017-11-15,7.6,7.6,7.6,7.6,7.6,10000.0,3.0,76000.0,10000.0,100.0,0.0,0.0,1510704000.0
2017-11-14,8.0,8.0,8.0,8.0,8.0,2107.0,7.0,16856.0,2107.0,100.0,0.0,0.0,1510617600.0
2017-11-13,8.1,8.65,8.0,8.0,8.135,2000.0,7.0,16270.0,2000.0,100.0,0.65,-0.1,1510531200.0
2017-11-09,7.51,8.29,7.51,8.25,7.697489539748955,2390.0,7.0,18397.0,2390.0,100.0,0.78,0.74,1510185600.0
2017-11-08,8.3,8.3,7.9,7.9,8.062698833510074,7544.0,24.0,60825.0,7544.0,100.0,0.4,-0.4,1510099200.0
2017-11-07,7.69,8.47,7.68,8.3,7.730863417331542,12659.0,26.0,97865.0,12659.0,100.0,0.79,0.61,1510012800.0
2017-11-06,8.47,8.47,8.05,8.08,8.309576837416481,1796.0,14.0,14924.0,1796.0,100.0,0.42,-0.39,1509926400.0
2017-11-03,8.47,9.32,8.47,8.47,8.638709034764418,10039.0,40.0,86724.0,10039.0,100.0,0.85,0.0,1509667200.0
2017-11-02,8.8,9.64,8.74,8.91,9.146624343791968,8191.0,38.0,74920.0,8191.0,100.0,0.9,0.11,1509580800.0
2017-11-01,9.67,9.67,9.19,9.19,9.332254267216008,10194.0,37.0,95133.0,10194.0,100.0,0.48,-0.48,1509494400.0
2017-10-31,9.68,9.68,9.2,9.67,9.652261100879883,24435.0,33.0,235853.0,24435.0,100.0,0.48,-0.01,1509408000.0
2017-10-30,9.68,9.68,9.65,9.68,9.677133979162855,27355.0,24.0,264718.0,27355.0,100.0,0.03,0.0,1509321600.0
2017-10-27,9.68,9.68,9.2,9.45,9.629287266542786,63502.0,80.0,611479.0,63502.0,100.0,0.48,-0.23,1509062400.0
2017-10-26,9.68,9.68,9.68,9.68,9.679947416321166,9889.0,13.0,95725.0,9889.0,100.0,0.0,0.0,1508976000.0
2017-10-25,9.62,9.62,9.62,9.62,9.61989269500619,7269.0,11.0,69927.0,7269.0,100.0,0.0,0.0,1508889600.0
2017-10-24,9.17,9.17,9.17,9.17,9.169891458235016,6357.0,15.0,58293.0,6357.0,100.0,0.0,0.0,1508803200.0
2017-10-23,8.74,8.74,8.45,8.74,8.667703795892969,9642.0,24.0,83574.0,9642.0,100.0,0.29,0.0,1508716800.0
2017-10-19,8.33,8.33,8.33,8.33,8.329849012775842,861.0,4.0,7172.0,861.0,100.0,0.0,0.0,1508371200.0
2017-10-18,7.94,7.94,7.94,7.94,7.94,1200.0,2.0,9528.0,1200.0,100.0,0.0,0.0,1508284800.0
2017-10-17,7.57,7.57,7.57,7.57,7.569988801791713,893.0,6.0,6760.0,893.0,100.0,0.0,0.0,1508198400.0
2017-10-16,7.21,7.21,7.21,7.21,7.209508015478163,1809.0,7.0,13042.0,1809.0,100.0,0.0,0.0,1508112000.0
2017-10-13,6.55,6.87,6.55,6.87,6.752851711026616,2630.0,10.0,17760.0,2630.0,100.0,0.32,0.32,1507852800.0
2017-10-12,6.88,6.88,6.55,6.55,6.845,1800.0,8.0,12321.0,1800.0,100.0,0.33,-0.33,1507766400.0
2017-10-11,6.56,6.56,6.5,6.56,6.548445595854922,7720.0,13.0,50554.0,7720.0,100.0,0.06,0.0,1507680000.0
2017-10-10,6.01,6.45,5.9,6.25,6.056671762393536,9158.0,29.0,55467.0,9158.0,100.0,0.55,0.24,1507593600.0
2017-10-09,6.55,6.56,6.08,6.15,6.168900417927655,6939.0,32.0,42806.0,6939.0,100.0,0.48,-0.4,1507507200.0
2017-10-06,6.66,6.66,6.04,6.25,6.439132359451085,6777.0,22.0,43638.0,6777.0,100.0,0.62,-0.41,1507248000.0
2017-10-05,6.65,6.98,6.33,6.35,6.474511627906977,21500.0,27.0,139202.0,21500.0,100.0,0.65,-0.3,1507161600.0
2017-10-04,6.66,6.66,6.45,6.66,6.6591404238463054,5049.0,20.0,33622.0,5049.0,100.0,0.21,0.0,1507075200.0
2017-10-03,6.35,6.35,6.35,6.35,6.346666666666667,150.0,2.0,952.0,150.0,100.0,0.0,0.0,1506988800.0
2017-09-29,6.0,6.05,6.0,6.05,6.046428571428571,1400.0,5.0,8465.0,1400.0,100.0,0.05,0.05,1506643200.0
2017-09-28,5.8,6.05,5.8,6.0,5.977050670302204,4401.0,18.0,26305.0,4401.0,100.0,0.25,0.2,1506556800.0
2017-09-27,6.05,6.05,6.05,6.05,6.049411764705882,850.0,9.0,5142.0,850.0,100.0,0.0,0.0,1506470400.0
2017-09-26,6.05,6.05,6.05,6.05,6.04992125984252,6350.0,12.0,38417.0,6350.0,100.0,0.0,0.0,1506384000.0
2017-09-25,6.05,6.05,5.75,6.0,5.8917098445595855,1930.0,20.0,11371.0,1930.0,100.0,0.3,-0.05,1506297600.0
2017-09-21,6.05,6.05,6.05,6.05,6.05,3520.0,6.0,21296.0,3520.0,100.0,0.0,0.0,1505952000.0
2017-09-20,6.05,6.05,6.05,6.05,6.04969696969697,2475.0,5.0,14973.0,2475.0,100.0,0.0,0.0,1505865600.0
2017-09-19,5.94,6.05,5.77,6.05,5.794064203513022,3302.0,8.0,19132.0,3302.0,100.0,0.28,0.11,1505779200.0
2017-09-18,6.05,6.05,5.75,6.05,6.049220554272517,6928.0,25.0,41909.0,6928.0,100.0,0.3,0.0,1505692800.0
2017-09-15,6.05,6.05,5.75,6.05,5.976229587399748,10349.0,29.0,61848.0,10349.0,100.0,0.3,0.0,1505433600.0
2017-09-14,6.05,6.05,6.05,6.05,6.0499803227075954,10164.0,12.0,61492.0,10164.0,100.0,0.0,0.0,1505347200.0
2017-09-13,6.05,6.05,6.05,6.05,6.049367088607594,790.0,4.0,4779.0,790.0,100.0,0.0,0.0,1505260800.0
2017-09-12,6.05,6.05,6.05,6.05,6.04990099009901,5050.0,15.0,30552.0,5050.0,100.0,0.0,0.0,1505174400.0
2017-09-11,5.92,5.92,5.65,5.92,5.91992345624494,13587.0,24.0,80434.0,13587.0,100.0,0.27,0.0,1505088000.0
2017-09-08,5.64,5.64,5.64,5.64,5.64,3900.0,12.0,21996.0,3900.0,100.0,0.0,0.0,1504828800.0
2017-09-07,5.38,5.38,5.38,5.38,5.38,1400.0,6.0,7532.0,1400.0,100.0,0.0,0.0,1504742400.0
2017-09-06,5.13,5.13,5.13,5.13,5.128,250.0,1.0,1282.0,250.0,100.0,0.0,0.0,1504656000.0
2017-09-05,4.89,4.89,4.89,4.89,4.889817232375979,3830.0,18.0,18728.0,3830.0,100.0,0.0,0.0,1504569600.0
2017-09-04,4.66,4.66,4.66,4.66,4.66,900.0,8.0,4194.0,900.0,100.0,0.0,0.0,1504483200.0
2017-09-01,4.51,4.73,4.3,4.44,4.3997142857142855,3500.0,10.0,15399.0,3500.0,100.0,0.43,-0.07,1504224000.0
2017-08-31,4.32,4.51,4.32,4.51,4.3746397694524495,694.0,4.0,3036.0,694.0,100.0,0.19,0.19,1504137600.0
2017-08-30,4.9,4.9,4.51,4.54,4.760809797550612,4001.0,12.0,19048.0,4001.0,100.0,0.39,-0.36,1504051200.0
2017-08-29,4.65,4.67,4.3,4.67,4.470712560386474,6624.0,7.0,29614.0,6624.0,100.0,0.37,0.02,1503964800.0
2017-08-24,4.45,4.45,4.45,4.45,4.4,10.0,1.0,44.0,10.0,100.0,0.0,0.0,1503532800.0
2017-08-23,4.4,4.45,4.4,4.45,4.444720496894409,1610.0,6.0,7156.0,1610.0,100.0,0.05,0.05,1503446400.0
2017-08-22,4.2,4.31,4.2,4.31,4.21606864274571,1282.0,4.0,5405.0,1282.0,100.0,0.11,0.11,1503360000.0
2017-08-21,4.4,4.4,4.4,4.4,4.399082568807339,218.0,1.0,959.0,218.0,100.0,0.0,0.0,1503273600.0
2017-08-18,4.51,4.52,4.51,4.51,4.511078286558345,2708.0,5.0,12216.0,2708.0,100.0,0.01,0.0,1503014400.0
2017-08-17,4.69,5.17,4.69,4.69,4.91866028708134,836.0,3.0,4112.0,836.0,100.0,0.48,0.0,1502928000.0
2017-08-16,4.7,4.93,4.47,4.93,4.571666666666666,600.0,4.0,2743.0,600.0,100.0,0.46,0.23,1502841600.0
2017-08-14,4.7,4.7,4.7,4.7,4.7,100.0,1.0,470.0,100.0,100.0,0.0,0.0,1502668800.0
2017-08-10,4.61,4.61,4.61,4.61,4.61,1100.0,2.0,5071.0,1100.0,100.0,0.0,0.0,1502323200.0
2017-08-09,4.55,4.98,4.55,4.6,4.67725,8000.0,13.0,37418.0,8000.0,100.0,0.43,0.05,1502236800.0
2017-08-08,4.72,4.75,4.72,4.75,4.74590909090909,2200.0,6.0,10441.0,2200.0,100.0,0.03,0.03,1502150400.0
2017-08-07,4.93,4.95,4.93,4.95,4.933333333333333,1200.0,2.0,5920.0,1200.0,100.0,0.02,0.02,1502064000.0
2017-08-04,5.01,5.03,5.01,5.03,5.02,400.0,2.0,2008.0,400.0,100.0,0.02,0.02,1501804800.0
2017-08-03,5.24,5.24,5.24,5.24,5.24,100.0,1.0,524.0,100.0,100.0,0.0,0.0,1501718400.0
2017-08-02,5.41,5.41,5.41,5.41,5.41,1100.0,4.0,5951.0,1100.0,100.0,0.0,0.0,1501632000.0
2017-07-27,5.75,5.85,5.47,5.69,5.721311475409836,2440.0,10.0,13960.0,2440.0,100.0,0.38,-0.06,1501113600.0
2017-07-26,5.23,5.75,5.23,5.75,5.642857142857143,490.0,3.0,2765.0,490.0,100.0,0.52,0.52,1501027200.0
2017-07-25,5.17,5.49,5.17,5.49,5.3205430932703655,1694.0,5.0,9013.0,1694.0,100.0,0.32,0.32,1500940800.0
2017-07-24,5.42,5.98,5.42,5.44,5.423465947403911,2966.0,5.0,16086.0,2966.0,100.0,0.56,0.02,1500854400.0
2017-07-21,5.7,5.7,5.7,5.7,5.7,600.0,3.0,3420.0,600.0,100.0,0.0,0.0,1500595200.0
2017-07-20,5.74,6.0,5.74,6.0,5.741428571428571,2100.0,4.0,12057.0,2100.0,100.0,0.26,0.26,1500508800.0
2017-07-19,6.04,6.04,5.66,6.04,5.8514037890892485,4381.0,11.0,25635.0,4381.0,100.0,0.38,0.0,1500422400.0
2017-07-18,5.42,5.95,5.42,5.95,5.5528455284552845,2460.0,10.0,13660.0,2460.0,100.0,0.53,0.53,1500336000.0
2017-07-17,6.0,6.0,5.7,5.7,5.775,400.0,3.0,2310.0,400.0,100.0,0.3,-0.3,1500249600.0
2017-07-14,6.0,6.0,6.0,6.0,6.0,2000.0,3.0,12000.0,2000.0,100.0,0.0,0.0,1499990400.0
2017-07-13,6.0,6.0,6.0,6.0,6.0,2150.0,3.0,12900.0,2150.0,100.0,0.0,0.0,1499904000.0
2017-07-12,5.75,6.0,5.47,5.99,5.755671902268761,2292.0,6.0,13192.0,2292.0,100.0,0.53,0.24,1499817600.0
2017-07-11,5.7,6.05,5.7,5.75,5.922229219143577,3176.0,5.0,18809.0,3176.0,100.0,0.35,0.05,1499731200.0
2017-07-10,5.99,5.99,5.99,5.99,5.99,2500.0,1.0,14975.0,2500.0,100.0,0.0,0.0,1499644800.0
2017-07-07,6.05,6.05,5.71,5.71,6.049914502076378,12281.0,25.0,74299.0,12281.0,100.0,0.34,-0.34,1499385600.0
2017-07-06,6.01,6.01,6.0,6.0,6.008879698333536,8221.0,12.0,49399.0,8221.0,100.0,0.01,-0.01,1499299200.0
2017-07-05,5.73,5.73,5.73,5.73,5.73,1300.0,3.0,7449.0,1300.0,100.0,0.0,0.0,1499212800.0
2017-07-04,5.46,5.46,5.46,5.46,5.46,700.0,3.0,3822.0,700.0,100.0,0.0,0.0,1499126400.0
2017-07-03,5.2,5.2,5.2,5.2,5.2,500.0,3.0,2600.0,500.0,100.0,0.0,0.0,1499040000.0
2017-06-30,5.17,5.17,5.17,5.17,5.169541939321832,1681.0,5.0,8690.0,1681.0,100.0,0.0,0.0,1498780800.0
2017-06-29,4.93,4.93,4.93,4.93,4.93,1500.0,1.0,7395.0,1500.0,100.0,0.0,0.0,1498694400.0
2017-06-28,4.7,4.7,4.7,4.7,4.7,1200.0,2.0,5640.0,1200.0,100.0,0.0,0.0,1498608000.0
2017-06-27,4.48,4.48,4.48,4.48,4.4799469671859455,6034.0,3.0,27032.0,6034.0,100.0,0.0,0.0,1498521600.0
2017-06-23,4.45,4.46,4.26,4.27,4.311063372717508,4655.0,6.0,20068.0,4655.0,100.0,0.2,-0.18,1498176000.0
2017-06-22,3.95,4.25,3.95,4.25,4.24750499001996,501.0,2.0,2128.0,501.0,100.0,0.3,0.3,1498089600.0
2017-06-21,4.09,4.09,4.05,4.05,4.083333333333333,600.0,2.0,2450.0,600.0,100.0,0.04,-0.04,1498003200.0
2017-06-20,4.09,4.09,4.09,4.09,4.09,1000.0,1.0,4090.0,1000.0,100.0,0.0,0.0,1497916800.0
2017-06-19,4.01,4.09,4.01,4.09,4.0285714285714285,700.0,3.0,2820.0,700.0,100.0,0.08,0.08,1497830400.0
2017-06-16,4.42,4.42,4.21,4.21,4.360845070422535,3550.0,4.0,15481.0,3550.0,100.0,0.21,-0.21,1497571200.0
2017-06-15,4.01,4.41,4.01,4.21,4.280123266563945,3245.0,5.0,13889.0,3245.0,100.0,0.4,0.2,1497484800.0
2017-06-14,4.6,4.6,4.19,4.2,4.5594268632099775,9701.0,16.0,44231.0,9701.0,100.0,0.41,-0.4,1497398400.0
2017-06-12,4.39,4.39,4.39,4.39,4.39,200.0,1.0,878.0,200.0,100.0,0.0,0.0,1497225600.0
2017-06-09,4.62,4.62,4.62,4.62,4.619397993311037,1495.0,6.0,6906.0,1495.0,100.0,0.0,0.0,1496966400.0
2017-06-08,5.1,5.1,4.86,4.86,4.993238095238096,10500.0,14.0,52429.0,10500.0,100.0,0.24,-0.24,1496880000.0
2017-06-07,5.1,5.1,5.1,5.1,5.1,100.0,1.0,510.0,100.0,100.0,0.0,0.0,1496793600.0
2017-06-06,5.15,5.15,5.15,5.15,5.15,2000.0,1.0,10300.0,2000.0,100.0,0.0,0.0,1496707200.0
2017-06-05,5.3,5.3,5.25,5.25,5.28,250.0,2.0,1320.0,250.0,100.0,0.05,-0.05,1496620800.0
2017-06-02,5.35,5.35,5.35,5.35,5.35,200.0,2.0,1070.0,200.0,100.0,0.0,0.0,1496361600.0
2017-06-01,5.45,5.45,5.45,5.45,5.448504983388704,301.0,3.0,1640.0,301.0,100.0,0.0,0.0,1496275200.0
2017-05-31,5.56,5.56,5.56,5.56,5.56,350.0,4.0,1946.0,350.0,100.0,0.0,0.0,1496188800.0
2017-05-30,5.67,5.67,5.67,5.67,5.67,700.0,3.0,3969.0,700.0,100.0,0.0,0.0,1496102400.0
2017-05-29,5.99,5.99,5.77,5.77,5.819733333333333,3750.0,10.0,21824.0,3750.0,100.0,0.22,-0.22,1496016000.0
2017-05-23,5.88,5.88,5.88,5.88,5.8181818181818175,11.0,1.0,64.0,11.0,100.0,0.0,0.0,1495497600.0
2017-05-19,5.79,6.0,5.79,6.0,5.995116279069768,4300.0,4.0,25779.0,4300.0,100.0,0.21,0.21,1495152000.0
2017-05-18,6.05,6.05,5.9,5.9,6.018085106382978,2820.0,11.0,16971.0,2820.0,100.0,0.15,-0.15,1495065600.0
2017-05-17,6.05,6.05,5.88,6.0,6.002155172413793,2784.0,10.0,16710.0,2784.0,100.0,0.17,-0.05,1494979200.0
2017-05-16,5.8,6.0,5.8,6.0,5.975734045134676,8242.0,53.0,49252.0,8242.0,100.0,0.2,0.2,1494892800.0
2017-05-15,6.05,6.05,5.9,5.9,5.941666666666666,3600.0,5.0,21390.0,3600.0,100.0,0.15,-0.15,1494806400.0
2017-05-12,5.75,5.97,5.75,5.95,5.832794227419756,4019.0,29.0,23442.0,4019.0,100.0,0.22,0.2,1494547200.0
2017-05-11,5.86,6.05,5.86,5.86,6.0344186046511625,2150.0,7.0,12974.0,2150.0,100.0,0.19,0.0,1494460800.0
2017-05-10,5.88,5.99,5.77,5.97,5.9174107142857135,1792.0,12.0,10604.0,1792.0,100.0,0.22,0.09,1494374400.0
2017-05-09,5.88,5.88,5.88,5.88,5.88,1100.0,3.0,6468.0,1100.0,100.0,0.0,0.0,1494288000.0
2017-05-08,5.88,5.99,5.88,5.99,5.887441860465116,1075.0,4.0,6329.0,1075.0,100.0,0.11,0.11,1494201600.0
2017-05-05,5.99,5.99,5.77,5.99,5.941747572815534,2060.0,8.0,12240.0,2060.0,100.0,0.22,0.0,1493942400.0
2017-05-04,6.0,6.05,5.88,5.88,6.020951114067177,3007.0,7.0,18105.0,3007.0,100.0,0.17,-0.12,1493856000.0
2017-05-03,6.01,6.01,6.0,6.0,6.009439200444198,5403.0,10.0,32469.0,5403.0,100.0,0.01,-0.01,1493769600.0
2017-05-02,5.95,5.95,5.75,5.9,5.832142857142856,1400.0,9.0,8165.0,1400.0,100.0,0.2,-0.05,1493683200.0
2017-04-28,5.83,6.05,5.83,5.85,6.023690773067332,802.0,4.0,4831.0,802.0,100.0,0.22,0.02,1493337600.0
2017-04-27,5.83,5.94,5.72,5.94,5.853841709994224,1731.0,10.0,10133.0,1731.0,100.0,0.22,0.11,1493251200.0
2017-04-26,5.61,5.83,5.61,5.83,5.714726291441789,3891.0,10.0,22236.0,3891.0,100.0,0.22,0.22,1493164800.0
2017-04-25,5.5,5.72,5.5,5.72,5.509607993850884,2602.0,6.0,14336.0,2602.0,100.0,0.22,0.22,1493078400.0
2017-04-24,5.8,5.8,5.61,5.61,5.779083431257344,1702.0,7.0,9836.0,1702.0,100.0,0.19,-0.19,1492992000.0
2017-04-21,5.93,5.93,5.71,5.72,5.79047619047619,315.0,5.0,1824.0,315.0,100.0,0.22,-0.21,1492732800.0
2017-04-20,5.6,5.82,5.6,5.82,5.8148727984344415,12775.0,18.0,74285.0,12775.0,100.0,0.22,0.22,1492646400.0
2017-04-19,5.71,5.72,5.71,5.71,5.710149253731343,6700.0,9.0,38258.0,6700.0,100.0,0.01,0.0,1492560000.0
2017-04-18,5.93,5.93,5.82,5.82,5.82004721263846,5507.0,8.0,32051.0,5507.0,100.0,0.11,-0.11,1492473600.0
2017-04-17,6.05,6.05,5.93,5.93,5.940344827586207,5800.0,14.0,34454.0,5800.0,100.0,0.12,-0.12,1492387200.0
2017-04-13,6.05,6.05,6.05,6.05,6.05,4520.0,9.0,27346.0,4520.0,100.0,0.0,0.0,1492041600.0
2017-04-12,6.0,6.0,5.95,5.95,5.999687987519501,3205.0,10.0,19229.0,3205.0,100.0,0.05,-0.05,1491955200.0
2017-04-11,6.05,6.05,6.0,6.0,6.043225806451613,1550.0,7.0,9367.0,1550.0,100.0,0.05,-0.05,1491868800.0
2017-04-10,6.0,6.05,6.0,6.05,6.037131585054537,8618.0,9.0,52028.0,8618.0,100.0,0.05,0.05,1491782400.0
2017-04-07,6.0,6.0,5.78,6.0,5.965255157437568,9210.0,16.0,54940.0,9210.0,100.0,0.22,0.0,1491523200.0
2017-04-06,5.78,5.89,5.78,5.89,5.876669679622376,9957.0,13.0,58514.0,9957.0,100.0,0.11,0.11,1491436800.0
2017-04-05,5.56,5.78,5.56,5.78,5.665558096029931,4811.0,9.0,27257.0,4811.0,100.0,0.22,0.22,1491350400.0
2017-04-03,5.67,5.67,5.14,5.67,5.617025089605735,5580.0,7.0,31343.0,5580.0,100.0,0.53,0.0,1491177600.0
2017-03-31,4.9,5.4,4.9,5.4,5.371895424836601,6120.0,13.0,32876.0,6120.0,100.0,0.5,0.5,1490918400.0
2017-03-30,4.91,5.15,4.91,5.15,5.144237567758661,8486.0,16.0,43654.0,8486.0,100.0,0.24,0.24,1490832000.0
2017-03-29,5.01,5.01,4.65,4.91,4.737843610440764,36051.0,31.0,170804.0,36051.0,100.0,0.36,-0.1,1490745600.0
2017-03-28,4.78,4.78,4.78,4.78,4.779694757796948,1507.0,7.0,7203.0,1507.0,100.0,0.0,0.0,1490659200.0
2017-03-27,4.56,4.56,4.56,4.56,4.56,2650.0,8.0,12084.0,2650.0,100.0,0.0,0.0,1490572800.0
2017-03-24,4.35,4.35,4.35,4.35,4.35,1020.0,7.0,4437.0,1020.0,100.0,0.0,0.0,1490313600.0
2017-03-23,4.15,4.15,4.15,4.15,4.149953139643861,3201.0,7.0,13284.0,3201.0,100.0,0.0,0.0,1490227200.0
2017-03-22,3.96,3.96,3.96,3.96,3.96,300.0,2.0,1188.0,300.0,100.0,0.0,0.0,1490140800.0
2017-03-21,3.78,3.78,3.78,3.78,3.78,2300.0,3.0,8694.0,2300.0,100.0,0.0,0.0,1490054400.0
2017-03-20,3.6,3.6,3.6,3.6,3.6,8100.0,7.0,29160.0,8100.0,100.0,0.0,0.0,1489968000.0
2017-03-17,3.43,3.43,3.43,3.43,3.43,2500.0,1.0,8575.0,2500.0,100.0,0.0,0.0,1489708800.0
2017-03-16,3.27,3.27,3.27,3.27,3.268,250.0,2.0,817.0,250.0,100.0,0.0,0.0,1489622400.0
2017-03-15,3.1,3.12,3.1,3.12,3.1046666666666662,1500.0,3.0,4657.0,1500.0,100.0,0.02,0.02,1489536000.0
2017-03-14,2.88,3.06,2.88,3.06,3.029821374508024,6606.0,7.0,20015.0,6606.0,100.0,0.18,0.18,1489449600.0
2017-03-10,3.03,3.03,3.03,3.03,3.03,4200.0,16.0,12726.0,4200.0,100.0,0.0,0.0,1489104000.0
2017-03-09,3.18,3.18,3.18,3.18,3.18,100.0,1.0,318.0,100.0,100.0,0.0,0.0,1489017600.0
2017-03-08,3.5,3.5,3.33,3.34,3.481567895473636,2143.0,5.0,7461.0,2143.0,100.0,0.17,-0.16,1488931200.0
2017-03-07,3.42,3.5,3.42,3.5,3.4846796657381613,359.0,2.0,1251.0,359.0,100.0,0.08,0.08,1488844800.0
2017-03-02,3.6,3.95,3.6,3.6,3.6025,400.0,5.0,1441.0,400.0,100.0,0.35,0.0,1488412800.0
2017-03-01,4.16,4.16,3.78,3.78,3.7936622254231183,13885.0,15.0,52675.0,13885.0,100.0,0.38,-0.38,1488326400.0
2017-02-28,3.97,3.97,3.97,3.97,3.97,700.0,3.0,2779.0,700.0,100.0,0.0,0.0,1488240000.0
2017-02-27,3.79,3.79,3.79,3.79,3.7890909090909086,825.0,3.0,3126.0,825.0,100.0,0.0,0.0,1488153600.0
2017-02-22,3.6,3.61,3.6,3.61,3.6033333333333326,300.0,3.0,1081.0,300.0,100.0,0.01,0.01,1487721600.0
2017-02-21,3.76,3.95,3.76,3.77,3.928122192273136,2226.0,7.0,8744.0,2226.0,100.0,0.19,0.01,1487635200.0
2017-02-17,4.2,4.2,3.95,3.95,4.193672099712368,1043.0,7.0,4374.0,1043.0,100.0,0.25,-0.25,1487289600.0
2017-02-16,4.0,4.0,4.0,4.0,4.0,100.0,1.0,400.0,100.0,100.0,0.0,0.0,1487203200.0
2017-02-13,4.35,4.35,3.96,3.96,4.067549668874172,755.0,9.0,3071.0,755.0,100.0,0.39,-0.39,1486944000.0
2017-02-10,3.95,4.15,3.95,4.15,4.0,400.0,2.0,1600.0,400.0,100.0,0.2,0.2,1486684800.0
2017-02-09,4.05,4.21,4.05,4.15,4.118473895582329,498.0,8.0,2051.0,498.0,100.0,0.16,0.1,1486598400.0
2017-02-08,3.67,4.01,3.67,4.01,3.9734375,3200.0,6.0,12715.0,3200.0,100.0,0.34,0.34,1486512000.0
2017-02-07,3.81,3.82,3.81,3.82,3.817,2000.0,4.0,7634.0,2000.0,100.0,0.01,0.01,1486425600.0
2017-02-06,4.0,4.0,3.67,4.0,3.979090909090909,2200.0,9.0,8754.0,2200.0,100.0,0.33,0.0,1486339200.0
2017-02-03,3.82,3.86,3.82,3.86,3.8484615384615375,1300.0,7.0,5003.0,1300.0,100.0,0.04,0.04,1486080000.0
2017-02-02,4.1,4.1,4.02,4.02,4.04,400.0,2.0,1616.0,400.0,100.0,0.08,-0.08,1485993600.0
2017-02-01,4.0,4.2,3.81,4.2,4.041171813143309,1263.0,8.0,5104.0,1263.0,100.0,0.39,0.2,1485907200.0
2017-01-31,4.4,4.4,4.0,4.01,4.253317249698432,1658.0,9.0,7052.0,1658.0,100.0,0.4,-0.39,1485820800.0
2017-01-30,4.35,4.35,4.04,4.2,4.127413127413128,1554.0,11.0,6414.0,1554.0,100.0,0.31,-0.15,1485734400.0
2017-01-25,4.25,4.25,4.25,4.25,4.25,140.0,2.0,595.0,140.0,100.0,0.0,0.0,1485302400.0
2017-01-24,4.25,4.25,4.25,4.25,4.25,100.0,1.0,425.0,100.0,100.0,0.0,0.0,1485216000.0
2017-01-23,4.8,4.8,4.37,4.41,4.626875,1600.0,4.0,7403.0,1600.0,100.0,0.43,-0.39,1485129600.0
2017-01-20,4.58,4.8,4.5,4.59,4.596852066434916,10356.0,21.0,47605.0,10356.0,100.0,0.3,0.01,1484870400.0
2017-01-19,4.58,4.58,4.58,4.58,4.57995337995338,2145.0,10.0,9824.0,2145.0,100.0,0.0,0.0,1484784000.0
2017-01-18,4.83,4.83,4.82,4.82,4.821062567421791,7416.0,12.0,35753.0,7416.0,100.0,0.01,-0.01,1484697600.0
2017-01-17,4.88,5.12,4.87,5.07,5.025414754677021,2833.0,17.0,14237.0,2833.0,100.0,0.25,0.19,1484611200.0
2017-01-16,5.12,5.12,5.12,5.12,5.12,600.0,3.0,3072.0,600.0,100.0,0.0,0.0,1484524800.0
2017-01-13,5.12,5.12,5.12,5.12,5.12,2200.0,9.0,11264.0,2200.0,100.0,0.0,0.0,1484265600.0
2017-01-12,4.88,4.88,4.65,4.88,4.87432983058117,4663.0,16.0,22729.0,4663.0,100.0,0.23,0.0,1484179200.0
2017-01-11,4.98,4.98,4.54,4.65,4.779826464208242,1844.0,17.0,8814.0,1844.0,100.0,0.44,-0.33,1484092800.0
2017-01-10,5.0,5.0,4.54,4.75,4.922946475887652,9435.0,37.0,46448.0,9435.0,100.0,0.46,-0.25,1484006400.0
2017-01-09,4.75,4.77,4.34,4.77,4.753664984378755,8322.0,38.0,39560.0,8322.0,100.0,0.43,0.02,1483920000.0
2017-01-06,4.15,4.55,4.13,4.55,4.399924184988628,5276.0,28.0,23214.0,5276.0,100.0,0.42,0.4,1483660800.0
2017-01-05,4.54,4.72,4.32,4.34,4.573138297872341,1504.0,9.0,6878.0,1504.0,100.0,0.4,-0.2,1483574400.0
2017-01-04,4.54,4.54,4.54,4.54,4.54,3500.0,2.0,15890.0,3500.0,100.0,0.0,0.0,1483488000.0
2017-01-03,4.33,4.33,4.33,4.33,4.33,1000.0,4.0,4330.0,1000.0,100.0,0.0,0.0,1483401600.0
2017-01-02,4.13,4.13,4.13,4.13,4.128,125.0,1.0,516.0,125.0,100.0,0.0,0.0,1483315200.0
2016-12-30,3.58,3.94,3.58,3.94,3.588292682926829,1025.0,4.0,3678.0,1025.0,100.0,0.36,0.36,1483056000.0
2016-12-29,3.76,3.76,3.76,3.76,3.76,100.0,1.0,376.0,100.0,100.0,0.0,0.0,1482969600.0
2016-12-27,3.6,3.95,3.6,3.95,3.91851851851852,135.0,4.0,529.0,135.0,100.0,0.35,0.35,1482796800.0
2016-12-22,3.77,3.77,3.77,3.77,3.77,100.0,1.0,377.0,100.0,100.0,0.0,0.0,1482364800.0
2016-12-21,3.96,3.96,3.96,3.96,3.955882352941176,204.0,3.0,807.0,204.0,100.0,0.0,0.0,1482278400.0
2016-12-20,3.96,3.96,3.96,3.96,3.96,1000.0,1.0,3960.0,1000.0,100.0,0.0,0.0,1482192000.0
2016-12-19,3.96,3.96,3.96,3.96,3.9599467731204254,7515.0,5.0,29759.0,7515.0,100.0,0.0,0.0,1482105600.0
2016-12-16,3.96,3.96,3.96,3.96,3.96,900.0,3.0,3564.0,900.0,100.0,0.0,0.0,1481846400.0
2016-12-15,3.89,3.96,3.89,3.96,3.959183673469388,4998.0,9.0,19788.0,4998.0,100.0,0.07,0.07,1481760000.0
2016-12-14,3.96,3.96,3.77,3.88,3.9543283582089552,6700.0,9.0,26494.0,6700.0,100.0,0.19,-0.08,1481673600.0
2016-12-13,3.96,3.96,3.96,3.96,3.96,2600.0,4.0,10296.0,2600.0,100.0,0.0,0.0,1481587200.0
2016-12-12,3.96,3.96,3.62,3.96,3.9548530097993466,8572.0,11.0,33901.0,8572.0,100.0,0.34,0.0,1481500800.0
2016-12-08,3.81,3.81,3.81,3.81,3.81,2300.0,6.0,8763.0,2300.0,100.0,0.0,0.0,1481155200.0
2016-12-07,3.66,3.66,3.66,3.66,3.659340659340659,1001.0,4.0,3663.0,1001.0,100.0,0.0,0.0,1481068800.0
2016-12-06,3.49,3.49,3.49,3.49,3.49,2000.0,1.0,6980.0,2000.0,100.0,0.0,0.0,1480982400.0
2016-12-05,3.33,3.33,3.33,3.33,3.329684210526316,2375.0,12.0,7908.0,2375.0,100.0,0.0,0.0,1480896000.0
2016-12-02,3.18,3.18,3.05,3.18,3.0715789473684207,475.0,8.0,1459.0,475.0,100.0,0.13,0.0,1480636800.0
2016-12-01,3.18,3.18,2.9,3.16,3.142941176470588,1700.0,13.0,5343.0,1700.0,100.0,0.28,-0.02,1480550400.0
2016-11-30,3.05,3.05,3.05,3.05,3.049689440993789,322.0,4.0,982.0,322.0,100.0,0.0,0.0,1480464000.0
2016-11-29,2.91,2.91,2.91,2.91,2.91,100.0,1.0,291.0,100.0,100.0,0.0,0.0,1480377600.0
2016-11-28,2.78,2.78,2.7,2.78,2.72,600.0,4.0,1632.0,600.0,100.0,0.08,0.0,1480291200.0
2016-11-25,2.65,2.65,2.65,2.65,2.6466666666666665,150.0,3.0,397.0,150.0,100.0,0.0,0.0,1480032000.0
2016-11-22,2.53,2.53,2.53,2.53,2.53,100.0,2.0,253.0,100.0,100.0,0.0,0.0,1479772800.0
2016-11-16,2.41,2.41,2.41,2.41,2.4,50.0,1.0,120.0,50.0,100.0,0.0,0.0,1479254400.0
2016-11-15,2.6,2.6,2.47,2.53,2.5331707317073167,2050.0,4.0,5193.0,2050.0,100.0,0.13,-0.07,1479168000.0
2016-11-11,2.6,2.6,2.6,2.6,2.6,800.0,4.0,2080.0,800.0,100.0,0.0,0.0,1478822400.0
2016-11-10,2.7,2.7,2.7,2.7,2.7,400.0,2.0,1080.0,400.0,100.0,0.0,0.0,1478736000.0
2016-11-09,2.84,2.84,2.84,2.84,2.84,200.0,3.0,568.0,200.0,100.0,0.0,0.0,1478649600.0
2016-11-08,2.96,2.98,2.96,2.98,2.968468468468469,222.0,3.0,659.0,222.0,100.0,0.02,0.02,1478563200.0
2016-11-07,3.1,3.1,3.1,3.1,3.099494097807757,593.0,2.0,1838.0,593.0,100.0,0.0,0.0,1478476800.0
2016-11-04,3.25,3.25,3.25,3.25,3.247422680412371,97.0,2.0,315.0,97.0,100.0,0.0,0.0,1478217600.0
2016-11-03,3.4,3.4,3.4,3.4,3.4,1515.0,3.0,5151.0,1515.0,100.0,0.0,0.0,1478131200.0
2016-11-02,3.54,3.54,3.54,3.54,3.5399860917941584,14380.0,13.0,50905.0,14380.0,100.0,0.0,0.0,1478044800.0
2016-11-01,3.22,3.38,3.22,3.38,3.3757681159420287,8625.0,8.0,29116.0,8625.0,100.0,0.16,0.16,1477958400.0
2016-10-30,3.22,3.22,3.22,3.22,3.2184615384615385,325.0,2.0,1046.0,325.0,100.0,0.0,0.0,1477785600.0
2016-10-28,3.12,3.12,3.12,3.12,3.12,600.0,4.0,1872.0,600.0,100.0,0.0,0.0,1477612800.0
2016-10-27,2.98,2.98,2.75,2.98,2.9225,400.0,6.0,1169.0,400.0,100.0,0.23,0.0,1477526400.0
2016-10-26,2.84,2.84,2.65,2.84,2.819542253521127,1136.0,6.0,3203.0,1136.0,100.0,0.19,0.0,1477440000.0
2016-10-21,2.49,2.71,2.48,2.71,2.492056583242656,4595.0,8.0,11451.0,4595.0,100.0,0.23,0.22,1477008000.0
2016-10-20,2.46,2.59,2.46,2.59,2.521309771309772,1924.0,6.0,4851.0,1924.0,100.0,0.13,0.13,1476921600.0
2016-10-19,2.53,2.53,2.53,2.53,2.529333333333333,750.0,2.0,1897.0,750.0,100.0,0.0,0.0,1476835200.0
2016-10-18,2.61,2.61,2.5,2.56,2.5261390887290167,2085.0,5.0,5267.0,2085.0,100.0,0.11,-0.05,1476748800.0
2016-10-13,2.61,2.61,2.61,2.61,2.61,1000.0,1.0,2610.0,1000.0,100.0,0.0,0.0,1476316800.0
2016-10-05,2.6,2.6,2.6,2.6,2.6,200.0,1.0,520.0,200.0,100.0,0.0,0.0,1475625600.0
2016-10-04,2.6,2.6,2.6,2.6,2.6,300.0,1.0,780.0,300.0,100.0,0.0,0.0,1475539200.0
2016-09-30,2.5,2.5,2.44,2.48,2.48860135551448,4869.0,5.0,12117.0,4869.0,100.0,0.06,-0.02,1475193600.0
2016-09-29,2.54,2.56,2.54,2.56,2.543333333333333,600.0,2.0,1526.0,600.0,100.0,0.02,0.02,1475107200.0
2016-09-28,2.65,2.65,2.65,2.65,2.5,4.0,1.0,10.0,4.0,100.0,0.0,0.0,1475020800.0
2016-09-26,2.53,2.53,2.53,2.53,2.53,300.0,1.0,759.0,300.0,100.0,0.0,0.0,1474848000.0
2016-09-23,2.59,2.59,2.59,2.59,2.5899543378995435,1095.0,2.0,2836.0,1095.0,100.0,0.0,0.0,1474588800.0
2016-09-21,2.71,2.71,2.71,2.71,2.70959595959596,396.0,2.0,1073.0,396.0,100.0,0.0,0.0,1474416000.0
2016-09-20,2.71,2.71,2.71,2.71,2.71,100.0,1.0,271.0,100.0,100.0,0.0,0.0,1474329600.0
2016-09-19,2.71,2.71,2.71,2.71,2.71,500.0,1.0,1355.0,500.0,100.0,0.0,0.0,1474243200.0
2016-09-16,2.71,2.85,2.71,2.85,2.71608695652174,2300.0,4.0,6247.0,2300.0,100.0,0.14,0.14,1473984000.0
2016-09-15,2.85,2.85,2.85,2.85,2.8497281265447354,2023.0,4.0,5765.0,2023.0,100.0,0.0,0.0,1473897600.0
2016-09-14,2.99,2.99,2.99,2.99,2.986577181208053,149.0,3.0,445.0,149.0,100.0,0.0,0.0,1473811200.0
2016-09-12,3.14,3.14,3.14,3.14,3.1372549019607843,51.0,1.0,160.0,51.0,100.0,0.0,0.0,1473638400.0
2016-09-08,3.3,3.3,3.3,3.3,3.3,500.0,1.0,1650.0,500.0,100.0,0.0,0.0,1473292800.0
2016-09-07,3.3,3.3,3.3,3.3,3.299438552713662,1603.0,1.0,5289.0,1603.0,100.0,0.0,0.0,1473206400.0
2016-09-01,3.3,3.3,3.3,3.3,3.3,500.0,2.0,1650.0,500.0,100.0,0.0,0.0,1472688000.0
2016-08-30,3.4,3.4,3.4,3.4,3.0,1.0,1.0,3.0,1.0,100.0,0.0,0.0,1472515200.0
2016-08-29,3.31,3.31,3.31,3.31,3.31,500.0,1.0,1655.0,500.0,100.0,0.0,0.0,1472428800.0
2016-08-24,3.48,3.48,3.32,3.48,3.4,200.0,3.0,680.0,200.0,100.0,0.16,0.0,1471996800.0
2016-08-23,3.48,3.48,3.48,3.48,3.48,2200.0,6.0,7656.0,2200.0,100.0,0.0,0.0,1471910400.0
2016-08-22,3.65,3.66,3.32,3.66,3.642306845696676,9086.0,7.0,33094.0,9086.0,100.0,0.34,0.01,1471824000.0
2016-08-19,3.49,3.49,3.49,3.49,3.489980785067252,7286.0,9.0,25428.0,7286.0,100.0,0.0,0.0,1471564800.0
2016-08-18,3.36,3.36,3.2,3.36,3.353799507295812,5277.0,15.0,17698.0,5277.0,100.0,0.16,0.0,1471478400.0
2016-08-17,3.2,3.2,3.2,3.2,3.199979195922401,19227.0,19.0,61526.0,19227.0,100.0,0.0,0.0,1471392000.0
2016-08-16,3.0,3.05,3.0,3.05,3.0495908577878104,14176.0,10.0,43231.0,14176.0,100.0,0.05,0.05,1471305600.0
2016-08-12,2.78,2.91,2.78,2.91,2.905141202027516,2762.0,5.0,8024.0,2762.0,100.0,0.13,0.13,1470960000.0
2016-08-11,2.65,2.78,2.65,2.78,2.7585335018963337,1582.0,5.0,4364.0,1582.0,100.0,0.13,0.13,1470873600.0
2016-08-10,2.75,2.75,2.65,2.65,2.665384615384616,1300.0,6.0,3465.0,1300.0,100.0,0.1,-0.1,1470787200.0
2016-08-09,2.62,2.62,2.62,2.62,2.6199532346063914,19245.0,7.0,50421.0,19245.0,100.0,0.0,0.0,1470700800.0
2016-08-08,2.5,2.5,2.47,2.5,2.4989285714285714,2800.0,10.0,6997.0,2800.0,100.0,0.03,0.0,1470614400.0
2016-08-02,2.45,2.47,2.45,2.47,2.469047619047619,2100.0,3.0,5185.0,2100.0,100.0,0.02,0.02,1470096000.0
2016-08-01,2.6,2.6,2.47,2.47,2.52,1300.0,3.0,3276.0,1300.0,100.0,0.13,-0.13,1470009600.0
2016-07-29,2.6,2.6,2.6,2.6,2.6,200.0,2.0,520.0,200.0,100.0,0.0,0.0,1469750400.0
2016-07-27,2.73,2.73,2.73,2.73,2.73,1000.0,1.0,2730.0,1000.0,100.0,0.0,0.0,1469577600.0
2016-07-26,2.9,2.9,2.87,2.87,2.892720306513409,2610.0,4.0,7550.0,2610.0,100.0,0.03,-0.03,1469491200.0
2016-07-25,3.03,3.03,2.75,3.02,2.990662139219016,2356.0,10.0,7046.0,2356.0,100.0,0.28,-0.01,1469404800.0
2016-07-22,2.99,3.0,2.89,2.89,2.9196782020176224,7831.0,10.0,22864.0,7831.0,100.0,0.11,-0.1,1469145600.0
2016-07-21,3.04,3.04,3.04,3.04,3.0,10.0,1.0,30.0,10.0,100.0,0.0,0.0,1469059200.0
2016-07-20,2.93,2.93,2.93,2.93,2.925,40.0,1.0,117.0,40.0,100.0,0.0,0.0,1468972800.0
2016-07-18,2.94,2.94,2.94,2.94,2.94,200.0,1.0,588.0,200.0,100.0,0.0,0.0,1468800000.0
2016-07-15,2.99,2.99,2.81,2.81,2.920852359208524,657.0,3.0,1919.0,657.0,100.0,0.18,-0.18,1468540800.0
2016-07-13,3.13,3.13,2.85,2.95,2.8897392290249435,3528.0,10.0,10195.0,3528.0,100.0,0.28,-0.18,1468368000.0
2016-07-12,3.0,3.01,3.0,3.0,3.0008,12500.0,5.0,37510.0,12500.0,100.0,0.01,0.0,1468281600.0
2016-07-11,3.3,3.3,3.15,3.15,3.167015384615385,8125.0,5.0,25732.0,8125.0,100.0,0.15,-0.15,1468195200.0
2016-07-08,3.31,3.31,3.31,3.31,3.31,1000.0,3.0,3310.0,1000.0,100.0,0.0,0.0,1467936000.0
2016-07-07,2.95,3.17,2.95,3.16,3.0747591522158,2595.0,8.0,7979.0,2595.0,100.0,0.22,0.21,1467849600.0
2016-07-05,3.02,3.02,3.02,3.02,3.02,100.0,1.0,302.0,100.0,100.0,0.0,0.0,1467676800.0
2016-07-04,2.88,2.96,2.88,2.88,2.8943125839677566,2233.0,6.0,6463.0,2233.0,100.0,0.08,0.0,1467590400.0
2016-07-01,2.68,2.82,2.56,2.82,2.6899029126213594,10300.0,20.0,27706.0,10300.0,100.0,0.26,0.14,1467331200.0
2016-06-30,2.69,2.69,2.69,2.69,2.69,100.0,1.0,269.0,100.0,100.0,0.0,0.0,1467244800.0
2016-06-28,2.55,2.57,2.55,2.57,2.563333333333333,300.0,2.0,769.0,300.0,100.0,0.02,0.02,1467072000.0
2016-06-27,2.26,2.45,2.26,2.45,2.312,500.0,4.0,1156.0,500.0,100.0,0.19,0.19,1466985600.0
2016-06-24,2.37,2.37,2.37,2.37,2.37,2200.0,2.0,5214.0,2200.0,100.0,0.0,0.0,1466726400.0
2016-06-23,2.4,2.49,2.4,2.49,2.4882,5000.0,2.0,12441.0,5000.0,100.0,0.09,0.09,1466640000.0
2016-06-22,2.38,2.38,2.38,2.38,2.38,1050.0,2.0,2499.0,1050.0,100.0,0.0,0.0,1466553600.0
2016-06-21,2.27,2.49,2.27,2.27,2.401035944121801,6371.0,10.0,15297.0,6371.0,100.0,0.22,0.0,1466467200.0
2016-06-20,2.3,2.38,2.3,2.38,2.370804597701149,4350.0,3.0,10313.0,4350.0,100.0,0.08,0.08,1466380800.0
2016-06-17,2.27,2.27,2.27,2.27,2.27,400.0,1.0,908.0,400.0,100.0,0.0,0.0,1466121600.0
2016-06-15,2.38,2.38,2.38,2.38,2.38,100.0,1.0,238.0,100.0,100.0,0.0,0.0,1465948800.0
2016-06-13,2.27,2.27,2.27,2.27,2.2,5.0,1.0,11.0,5.0,100.0,0.0,0.0,1465776000.0
2016-06-09,2.38,2.38,2.38,2.38,2.38,3100.0,4.0,7378.0,3100.0,100.0,0.0,0.0,1465430400.0
2016-06-06,2.49,2.49,2.49,2.49,2.489655172413793,725.0,2.0,1805.0,725.0,100.0,0.0,0.0,1465171200.0
2016-06-03,2.27,2.38,2.27,2.38,2.3402777777777777,288.0,4.0,674.0,288.0,100.0,0.11,0.11,1464912000.0
2016-06-02,2.38,2.38,2.27,2.27,2.368922783603432,1049.0,2.0,2485.0,1049.0,100.0,0.11,-0.11,1464825600.0
2016-06-01,2.38,2.38,2.38,2.38,2.3714285714285714,105.0,3.0,249.0,105.0,100.0,0.0,0.0,1464739200.0
2016-05-30,2.5,2.5,2.5,2.5,2.5,510.0,1.0,1275.0,510.0,100.0,0.0,0.0,1464566400.0
2016-05-27,2.5,2.5,2.5,2.5,2.5,100.0,1.0,250.0,100.0,100.0,0.0,0.0,1464307200.0
2016-05-26,2.52,2.52,2.52,2.52,2.52,100.0,1.0,252.0,100.0,100.0,0.0,0.0,1464220800.0
2016-05-25,2.65,2.65,2.65,2.65,2.65,200.0,2.0,530.0,200.0,100.0,0.0,0.0,1464134400.0
2016-05-24,2.67,2.67,2.67,2.67,2.67,1000.0,1.0,2670.0,1000.0,100.0,0.0,0.0,1464048000.0
2016-05-23,2.95,2.95,2.67,2.67,2.690909090909091,55.0,2.0,148.0,55.0,100.0,0.28,-0.28,1463961600.0
2016-05-20,2.81,2.81,2.81,2.81,2.81,200.0,1.0,562.0,200.0,100.0,0.0,0.0,1463702400.0
2016-05-19,2.95,2.95,2.95,2.95,2.9498327759197323,5681.0,3.0,16758.0,5681.0,100.0,0.0,0.0,1463616000.0
2016-05-18,3.0,3.0,3.0,3.0,3.0,200.0,3.0,600.0,200.0,100.0,0.0,0.0,1463529600.0
2016-05-17,2.88,2.88,2.88,2.88,2.88,10000.0,2.0,28800.0,10000.0,100.0,0.0,0.0,1463443200.0
2016-05-13,2.75,2.75,2.75,2.75,2.75,100.0,1.0,275.0,100.0,100.0,0.0,0.0,1463097600.0
2016-05-12,2.75,2.75,2.75,2.75,2.748,250.0,1.0,687.0,250.0,100.0,0.0,0.0,1463011200.0
2016-05-10,2.89,2.89,2.89,2.89,2.5,2.0,1.0,5.0,2.0,100.0,0.0,0.0,1462838400.0
2016-05-09,2.63,2.89,2.63,2.89,2.888633754305396,871.0,3.0,2516.0,871.0,100.0,0.26,0.26,1462752000.0
2016-05-06,2.76,3.02,2.76,2.76,2.760556844547564,2155.0,16.0,5949.0,2155.0,100.0,0.26,0.0,1462492800.0
2016-05-02,2.9,2.9,2.9,2.9,2.9,2700.0,2.0,7830.0,2700.0,100.0,0.0,0.0,1462147200.0
2016-04-29,2.77,2.9,2.77,2.9,2.87,1300.0,6.0,3731.0,1300.0,100.0,0.13,0.13,1461888000.0
2016-04-28,2.77,2.77,2.77,2.77,2.7641509433962264,106.0,3.0,293.0,106.0,100.0,0.0,0.0,1461801600.0
2016-04-27,2.91,2.91,2.91,2.91,2.91,4000.0,4.0,11640.0,4000.0,100.0,0.0,0.0,1461715200.0
2016-04-26,2.78,3.06,2.78,3.06,2.781182795698925,1860.0,3.0,5173.0,1860.0,100.0,0.28,0.28,1461628800.0
2016-04-22,3.13,3.13,2.92,2.92,3.1208695652173915,1150.0,3.0,3589.0,1150.0,100.0,0.21,-0.21,1461283200.0
2016-04-21,3.07,3.2,3.07,3.07,3.07125,2400.0,7.0,7371.0,2400.0,100.0,0.13,0.0,1461196800.0
2016-04-18,3.23,3.23,3.23,3.23,3.23,2000.0,5.0,6460.0,2000.0,100.0,0.0,0.0,1460937600.0
2016-04-13,3.5,3.5,3.4,3.4,3.407678571428572,5600.0,8.0,19083.0,5600.0,100.0,0.1,-0.1,1460505600.0
2016-04-12,3.66,3.66,3.33,3.57,3.620052770448549,1137.0,7.0,4116.0,1137.0,100.0,0.33,-0.09,1460419200.0
2016-04-11,3.45,3.55,3.28,3.5,3.465478841870824,898.0,5.0,3112.0,898.0,100.0,0.27,0.05,1460332800.0
2016-04-08,3.22,3.49,3.22,3.45,3.3483299250170413,2934.0,7.0,9824.0,2934.0,100.0,0.27,0.23,1460073600.0
2016-04-07,3.1,3.35,3.1,3.35,3.332911392405064,2370.0,12.0,7899.0,2370.0,100.0,0.25,0.25,1459987200.0
2016-04-06,3.07,3.22,3.07,3.22,3.14,200.0,4.0,628.0,200.0,100.0,0.15,0.15,1459900800.0
2016-04-05,3.07,3.07,3.07,3.07,3.07,300.0,2.0,921.0,300.0,100.0,0.0,0.0,1459814400.0
2016-04-04,3.05,3.05,3.05,3.05,3.0454545454545454,110.0,2.0,335.0,110.0,100.0,0.0,0.0,1459728000.0
2016-04-01,2.94,2.94,2.85,2.93,2.931268151016457,1033.0,10.0,3028.0,1033.0,100.0,0.09,-0.01,1459468800.0
2016-03-31,2.6,2.86,2.6,2.8,2.5996677740863787,602.0,4.0,1565.0,602.0,100.0,0.26,0.2,1459382400.0
2016-03-30,3.01,3.01,2.73,2.73,2.8392857142857144,168.0,2.0,477.0,168.0,100.0,0.28,-0.28,1459296000.0
2016-03-29,2.87,3.1,2.87,2.87,2.974712643678161,435.0,3.0,1294.0,435.0,100.0,0.23,0.0,1459209600.0
2016-03-23,2.99,3.1,2.99,3.02,3.001458434613515,20570.0,8.0,61740.0,20570.0,100.0,0.11,0.03,1458691200.0
2016-03-22,3.0,3.0,3.0,3.0,3.0,10.0,1.0,30.0,10.0,100.0,0.0,0.0,1458604800.0
2016-03-21,2.8,2.94,2.8,2.94,2.8025,400.0,4.0,1121.0,400.0,100.0,0.14,0.14,1458518400.0
2016-03-18,2.8,2.8,2.8,2.8,2.8,1550.0,5.0,4340.0,1550.0,100.0,0.0,0.0,1458259200.0
2016-03-17,2.75,2.8,2.75,2.8,2.7666666666666666,300.0,2.0,830.0,300.0,100.0,0.05,0.05,1458172800.0
2016-03-16,2.47,2.73,2.47,2.73,2.539241622574956,2268.0,18.0,5759.0,2268.0,100.0,0.26,0.26,1458086400.0
2016-03-15,2.75,2.75,2.6,2.6,2.749003984063745,251.0,2.0,690.0,251.0,100.0,0.15,-0.15,1458000000.0
2016-03-14,2.73,2.73,2.73,2.73,2.73,200.0,1.0,546.0,200.0,100.0,0.0,0.0,1457913600.0
2016-03-09,2.62,2.87,2.62,2.87,2.6486956521739127,575.0,8.0,1523.0,575.0,100.0,0.25,0.25,1457481600.0
2016-03-08,2.76,2.76,2.75,2.75,2.74,50.0,2.0,137.0,50.0,100.0,0.01,-0.01,1457395200.0
2016-03-03,2.66,2.66,2.66,2.66,2.64,25.0,1.0,66.0,25.0,100.0,0.0,0.0,1456963200.0
2016-03-01,2.54,2.54,2.54,2.54,2.54,150.0,1.0,381.0,150.0,100.0,0.0,0.0,1456790400.0
2016-02-29,2.42,2.42,2.2,2.42,2.384,625.0,4.0,1490.0,625.0,100.0,0.22,0.0,1456704000.0
2016-02-26,2.42,2.42,2.31,2.31,2.3426356589147286,645.0,3.0,1511.0,645.0,100.0,0.11,-0.11,1456444800.0
2016-02-25,2.31,2.31,2.31,2.31,2.31,100.0,1.0,231.0,100.0,100.0,0.0,0.0,1456358400.0
2016-02-24,2.2,2.2,2.2,2.2,2.2,950.0,4.0,2090.0,950.0,100.0,0.0,0.0,1456272000.0
2016-02-23,2.1,2.1,2.1,2.1,2.1,250.0,2.0,525.0,250.0,100.0,0.0,0.0,1456185600.0
2016-02-22,2.31,2.31,2.09,2.09,2.1386138613861383,101.0,3.0,216.0,101.0,100.0,0.22,-0.22,1456099200.0
2016-02-19,2.2,2.2,2.05,2.2,2.168,250.0,3.0,542.0,250.0,100.0,0.15,0.0,1455840000.0
2016-02-18,2.27,2.27,2.07,2.1,2.1046331502605264,7101.0,16.0,14945.0,7101.0,100.0,0.2,-0.17,1455753600.0
2016-02-17,2.28,2.28,2.17,2.17,2.276315789473684,152.0,3.0,346.0,152.0,100.0,0.11,-0.11,1455667200.0
2016-02-15,2.28,2.28,2.28,2.28,2.27843137254902,510.0,3.0,1162.0,510.0,100.0,0.0,0.0,1455494400.0
2016-02-11,2.28,2.28,2.28,2.28,2.28,500.0,3.0,1140.0,500.0,100.0,0.0,0.0,1455148800.0
2016-02-10,2.58,2.58,2.34,2.38,2.379120879120879,182.0,4.0,433.0,182.0,100.0,0.24,-0.2,1455062400.0
2016-02-09,2.46,2.46,2.46,2.46,2.457692307692308,260.0,3.0,639.0,260.0,100.0,0.0,0.0,1454976000.0
2016-02-03,2.58,2.58,2.58,2.58,2.577181208053691,149.0,2.0,384.0,149.0,100.0,0.0,0.0,1454457600.0
2016-02-02,2.71,2.71,2.71,2.71,2.706896551724137,290.0,1.0,785.0,290.0,100.0,0.0,0.0,1454371200.0
2016-02-01,3.1,3.1,2.85,2.85,2.889328063241107,253.0,4.0,731.0,253.0,100.0,0.25,-0.25,1454284800.0
2016-01-29,3.0,3.0,2.91,3.0,2.998027613412229,1014.0,2.0,3040.0,1014.0,100.0,0.09,0.0,1454025600.0
2016-01-28,3.24,3.24,2.94,2.94,3.09,200.0,2.0,618.0,200.0,100.0,0.3,-0.3,1453939200.0
2016-01-27,3.09,3.41,3.09,3.09,3.133858267716536,127.0,4.0,398.0,127.0,100.0,0.32,0.0,1453852800.0
2016-01-25,3.25,3.25,3.25,3.25,3.25,100.0,1.0,325.0,100.0,100.0,0.0,0.0,1453680000.0
2016-01-22,3.43,3.43,3.42,3.42,3.4198347107438014,3025.0,4.0,10345.0,3025.0,100.0,0.01,-0.01,1453420800.0
2016-01-21,3.15,3.27,2.97,3.27,3.0317355371900825,3025.0,6.0,9171.0,3025.0,100.0,0.3,0.12,1453334400.0
2016-01-20,3.3,3.3,3.12,3.12,3.293548387096774,310.0,3.0,1021.0,310.0,100.0,0.18,-0.18,1453248000.0
2016-01-19,3.28,3.28,3.28,3.28,3.28,100.0,1.0,328.0,100.0,100.0,0.0,0.0,1453161600.0
2016-01-18,3.35,3.69,3.35,3.45,3.503402489626556,6025.0,19.0,21108.0,6025.0,100.0,0.34,0.1,1453075200.0
2016-01-15,3.52,3.7,3.52,3.52,3.55,80.0,4.0,284.0,80.0,100.0,0.18,0.0,1452816000.0
2016-01-13,3.7,3.7,3.41,3.7,3.686350162330024,21253.0,47.0,78346.0,21253.0,100.0,0.29,0.0,1452643200.0
2016-01-12,3.58,3.58,3.58,3.58,3.57984496124031,2580.0,6.0,9236.0,2580.0,100.0,0.0,0.0,1452556800.0
2016-01-11,3.41,3.41,3.41,3.41,3.409333333333333,750.0,3.0,2557.0,750.0,100.0,0.0,0.0,1452470400.0
2016-01-08,3.2,3.25,3.2,3.25,3.246192893401015,3940.0,13.0,12790.0,3940.0,100.0,0.05,0.05,1452211200.0
2016-01-07,3.12,3.12,3.12,3.12,3.12,3500.0,9.0,10920.0,3500.0,100.0,0.0,0.0,1452124800.0
2016-01-06,2.7,2.98,2.7,2.98,2.978723404255319,376.0,4.0,1120.0,376.0,100.0,0.28,0.28,1452038400.0
2016-01-05,2.84,2.84,2.83,2.84,2.835532102022867,4548.0,8.0,12896.0,4548.0,100.0,0.01,0.0,1451952000.0
2016-01-01,2.71,2.71,2.71,2.71,2.7096296296296294,1350.0,1.0,3658.0,1350.0,100.0,0.0,0.0,1451606400.0
2015-12-31,2.82,2.85,2.82,2.85,2.834710743801653,605.0,9.0,1715.0,605.0,100.0,0.03,0.03,1451520000.0
2015-12-30,2.95,3.1,2.95,2.95,2.95707248416608,1421.0,6.0,4202.0,1421.0,100.0,0.15,0.0,1451433600.0
2015-12-29,3.1,3.1,3.1,3.1,3.1,600.0,8.0,1860.0,600.0,100.0,0.0,0.0,1451347200.0
2015-12-28,3.0,3.1,3.0,3.1,3.0969880105273417,10259.0,8.0,31772.0,10259.0,100.0,0.1,0.1,1451260800.0
2015-12-24,3.1,3.1,3.1,3.1,3.099800399201597,501.0,4.0,1553.0,501.0,100.0,0.0,0.0,1450915200.0
2015-12-23,3.05,3.05,3.0,3.0,3.0,101.0,2.0,303.0,101.0,100.0,0.05,-0.05,1450828800.0
2015-12-22,3.09,3.09,3.05,3.05,3.082794663732636,7271.0,15.0,22415.0,7271.0,100.0,0.04,-0.04,1450742400.0
2015-12-21,3.1,3.1,2.95,2.95,2.992438563327032,4761.0,17.0,14247.0,4761.0,100.0,0.15,-0.15,1450656000.0
2015-12-18,2.95,3.1,2.95,3.1,3.0793650793650795,2205.0,11.0,6790.0,2205.0,100.0,0.15,0.15,1450396800.0
2015-12-17,3.09,3.1,3.08,3.1,3.0914260717410325,11430.0,16.0,35335.0,11430.0,100.0,0.02,0.01,1450310400.0
2015-12-16,2.95,3.09,2.95,3.09,2.952268907563025,5950.0,8.0,17566.0,5950.0,100.0,0.14,0.14,1450224000.0
2015-12-15,3.1,3.1,2.95,2.95,3.081148564294632,801.0,5.0,2468.0,801.0,100.0,0.15,-0.15,1450137600.0
2015-12-14,3.1,3.1,2.99,3.1,3.0929487179487176,7800.0,10.0,24125.0,7800.0,100.0,0.11,0.0,1450051200.0
2015-12-11,3.1,3.1,3.1,3.1,3.1,3920.0,8.0,12152.0,3920.0,100.0,0.0,0.0,1449792000.0
2015-12-10,3.1,3.1,3.1,3.1,3.099209833187006,1139.0,4.0,3530.0,1139.0,100.0,0.0,0.0,1449705600.0
2015-12-09,3.1,3.1,3.1,3.1,3.099969428309385,19626.0,20.0,60840.0,,,0.0,0.0,1449619200.0
2015-12-08,3.0,3.0,3.0,3.0,3.0,1929.0,5.0,5787.0,1929.0,100.0,0.0,0.0,1449532800.0
2015-12-07,2.86,2.86,2.86,2.86,2.859688195991092,2245.0,8.0,6420.0,2245.0,100.0,0.0,0.0,1449446400.0
2015-12-04,2.73,2.73,2.73,2.73,2.7296222664015906,1509.0,3.0,4119.0,1509.0,100.0,0.0,0.0,1449187200.0
2015-12-03,2.73,2.73,2.6,2.73,2.6872559460418883,5634.0,15.0,15140.0,5634.0,100.0,0.13,0.0,1449100800.0
2015-12-02,2.62,2.62,2.62,2.62,2.619962301409209,11141.0,8.0,29189.0,11141.0,100.0,0.0,0.0,1449014400.0
2015-12-01,2.5,2.5,2.5,2.5,2.5,4000.0,3.0,10000.0,4000.0,100.0,0.0,0.0,1448928000.0
2015-11-30,2.39,2.39,2.39,2.39,2.388145315487572,523.0,5.0,1249.0,523.0,100.0,0.0,0.0,1448841600.0
2015-11-27,2.18,2.28,2.18,2.28,2.2557738710789383,2901.0,11.0,6544.0,2901.0,100.0,0.1,0.1,1448582400.0
2015-11-26,2.06,2.18,2.06,2.18,2.077142857142857,700.0,3.0,1454.0,700.0,100.0,0.12,0.12,1448496000.0
2015-11-24,2.03,2.08,2.03,2.08,2.044222539229672,701.0,2.0,1433.0,701.0,100.0,0.05,0.05,1448323200.0
2015-11-20,1.92,2.0,1.92,1.99,1.9877769289533995,3927.0,11.0,7806.0,3927.0,100.0,0.08,0.07,1447977600.0
2015-11-19,1.92,1.92,1.92,1.92,1.919963295269168,19616.0,20.0,37662.0,19616.0,100.0,0.0,0.0,1447891200.0
2015-11-18,1.9,1.99,1.83,1.83,1.926003490401396,5730.0,12.0,11036.0,5730.0,100.0,0.16,-0.07,1447804800.0
2015-11-17,1.9,1.9,1.9,1.9,1.9,1500.0,8.0,2850.0,1500.0,100.0,0.0,0.0,1447718400.0
2015-11-16,1.81,1.99,1.81,1.81,1.811054421768708,5880.0,10.0,10649.0,5880.0,100.0,0.18,0.0,1447632000.0
2015-11-10,1.9,1.9,1.9,1.9,1.9,100.0,1.0,190.0,100.0,100.0,0.0,0.0,1447113600.0
2015-11-05,2.0,2.0,2.0,2.0,2.0,402.0,2.0,804.0,402.0,100.0,0.0,0.0,1446681600.0
2015-11-02,1.9,2.1,1.9,2.1,1.9437086092715232,906.0,8.0,1761.0,906.0,100.0,0.2,0.2,1446422400.0
2015-10-29,2.0,2.0,2.0,2.0,2.0,2000.0,1.0,4000.0,2000.0,100.0,0.0,0.0,1446076800.0
2015-10-28,2.09,2.09,2.09,2.09,2.088855421686747,664.0,4.0,1387.0,664.0,100.0,0.0,0.0,1445990400.0
2015-10-27,2.19,2.41,2.19,2.19,2.1898643825838686,2802.0,6.0,6136.0,2802.0,100.0,0.22,0.0,1445904000.0
2015-10-26,2.3,2.3,2.3,2.3,2.2,5.0,3.0,11.0,5.0,100.0,0.0,0.0,1445817600.0
2015-10-23,2.09,2.29,2.09,2.29,2.090367428003972,1007.0,4.0,2105.0,1007.0,100.0,0.2,0.2,1445558400.0
2015-10-21,2.19,2.19,2.19,2.19,2.188118811881188,101.0,3.0,221.0,101.0,100.0,0.0,0.0,1445385600.0
2015-10-20,2.43,2.43,2.3,2.3,2.2997275204359675,1101.0,3.0,2532.0,1101.0,100.0,0.13,-0.13,1445299200.0
2015-10-19,2.33,2.33,2.3,2.32,2.3280851063829786,2350.0,6.0,5471.0,2350.0,100.0,0.03,-0.01,1445212800.0
2015-10-16,2.22,2.22,2.22,2.22,2.22,50.0,1.0,111.0,50.0,100.0,0.0,0.0,1444953600.0
2015-10-15,2.0,2.13,1.93,2.12,2.0973127035830617,2456.0,11.0,5151.0,2456.0,100.0,0.2,0.12,1444867200.0
2015-10-14,2.03,2.03,2.03,2.03,2.03,600.0,2.0,1218.0,600.0,100.0,0.0,0.0,1444780800.0
2015-10-13,1.94,1.94,1.94,1.94,1.94,100.0,1.0,194.0,100.0,100.0,0.0,0.0,1444694400.0
2015-10-12,2.1,2.1,1.9,2.04,1.9659549913444887,1733.0,7.0,3407.0,1733.0,100.0,0.2,-0.06,1444608000.0
2015-10-09,2.0,2.0,1.82,2.0,1.9400998336106487,3005.0,5.0,5830.0,3005.0,100.0,0.18,0.0,1444348800.0
2015-10-08,1.91,1.91,1.91,1.91,1.9099744245524293,1955.0,4.0,3734.0,1955.0,100.0,0.0,0.0,1444262400.0
2015-10-06,1.82,1.82,1.82,1.82,1.8192371475953564,603.0,13.0,1097.0,603.0,100.0,0.0,0.0,1444089600.0
2015-10-05,1.9,1.9,1.9,1.9,1.9,50.0,10.0,95.0,50.0,100.0,0.0,0.0,1444003200.0
2015-09-29,2.0,2.0,2.0,2.0,2.0,100.0,1.0,200.0,100.0,100.0,0.0,0.0,1443484800.0
2015-09-14,2.0,2.08,2.0,2.0,2.0389743589743587,975.0,5.0,1988.0,975.0,100.0,0.08,0.0,1442188800.0
2015-09-11,2.01,2.04,2.01,2.04,2.01,4100.0,5.0,8241.0,4100.0,100.0,0.03,0.03,1441929600.0
2015-09-08,2.0,2.0,2.0,2.0,2.0,3600.0,1.0,7200.0,3600.0,100.0,0.0,0.0,1441670400.0
2015-09-07,2.0,2.0,2.0,2.0,2.0,1511.0,4.0,3022.0,1511.0,100.0,0.0,0.0,1441584000.0
2015-08-28,1.97,1.97,1.97,1.97,1.9523809523809523,21.0,1.0,41.0,21.0,100.0,0.0,0.0,1440720000.0
2015-08-27,2.01,2.01,2.01,2.01,2.007168458781362,279.0,3.0,560.0,279.0,100.0,0.0,0.0,1440633600.0
2015-08-26,2.05,2.05,2.05,2.05,2.048387096774193,62.0,2.0,127.0,62.0,100.0,0.0,0.0,1440547200.0
2015-08-20,2.02,2.09,2.02,2.09,2.055,2000.0,3.0,4110.0,2000.0,100.0,0.07,0.07,1440028800.0
2015-08-19,2.06,2.06,2.06,2.06,2.059834710743801,3025.0,4.0,6231.0,3025.0,100.0,0.0,0.0,1439942400.0
2015-08-18,2.01,2.02,2.01,2.02,2.017720023626698,5079.0,9.0,10248.0,5079.0,100.0,0.01,0.01,1439856000.0
2015-08-17,1.99,1.99,1.99,1.99,1.9899560056445589,12047.0,10.0,23973.0,12047.0,100.0,0.0,0.0,1439769600.0
2015-08-14,1.96,2.04,1.96,1.96,1.97,500.0,3.0,985.0,500.0,100.0,0.08,0.0,1439510400.0
2015-08-13,2.07,2.07,2.0,2.0,2.03625,800.0,5.0,1629.0,800.0,100.0,0.07,-0.07,1439424000.0
2015-08-12,2.08,2.08,2.04,2.04,2.064118372379778,811.0,4.0,1674.0,811.0,100.0,0.04,-0.04,1439337600.0
2015-08-11,2.04,2.04,2.04,2.04,2.04,6500.0,3.0,13260.0,6500.0,100.0,0.0,0.0,1439251200.0
2015-08-10,2.0,2.0,2.0,2.0,2.0,600.0,2.0,1200.0,600.0,100.0,0.0,0.0,1439164800.0
2015-08-07,1.97,1.97,1.97,1.97,1.966981132075472,212.0,2.0,417.0,212.0,100.0,0.0,0.0,1438905600.0
2015-08-05,1.94,1.94,1.94,1.94,1.94,1100.0,2.0,2134.0,1100.0,100.0,0.0,0.0,1438732800.0
2015-08-04,1.85,1.85,1.85,1.85,1.85,100.0,1.0,185.0,100.0,100.0,0.0,0.0,1438646400.0
2015-08-03,1.77,1.77,1.77,1.77,1.77,1100.0,2.0,1947.0,1100.0,100.0,0.0,0.0,1438560000.0
2015-07-31,1.69,1.69,1.69,1.69,1.6894553881807648,863.0,3.0,1458.0,863.0,100.0,0.0,0.0,1438300800.0
2015-07-30,1.61,1.61,1.61,1.61,1.6,20.0,1.0,32.0,20.0,100.0,0.0,0.0,1438214400.0
2015-07-29,1.54,1.54,1.54,1.54,1.5353535353535352,198.0,2.0,304.0,198.0,100.0,0.0,0.0,1438128000.0
2015-07-28,1.47,1.47,1.47,1.47,1.45,20.0,1.0,29.0,20.0,100.0,0.0,0.0,1438041600.0
2015-07-27,1.4,1.4,1.4,1.4,1.4,450.0,1.0,630.0,450.0,100.0,0.0,0.0,1437955200.0
2015-07-24,1.34,1.34,1.34,1.34,1.3,20.0,1.0,26.0,20.0,100.0,0.0,0.0,1437696000.0
2015-07-23,1.28,1.28,1.28,1.28,1.2666666666666666,30.0,1.0,38.0,30.0,100.0,0.0,0.0,1437609600.0
2015-07-22,1.22,1.22,1.22,1.22,1.2153846153846153,130.0,2.0,158.0,130.0,100.0,0.0,0.0,1437523200.0
2015-07-21,1.17,1.17,1.17,1.17,1.17,100.0,1.0,117.0,100.0,100.0,0.0,0.0,1437436800.0
2015-07-16,1.12,1.12,1.12,1.12,1.1198786039453716,7249.0,4.0,8118.0,7249.0,100.0,0.0,0.0,1437004800.0
2015-07-15,1.07,1.07,1.07,1.07,1.07,100.0,1.0,107.0,100.0,100.0,0.0,0.0,1436918400.0
2015-07-10,1.12,1.12,1.12,1.12,1.1189083820662769,513.0,2.0,574.0,513.0,100.0,0.0,0.0,1436486400.0
2015-07-09,1.08,1.08,1.08,1.08,1.08,1000.0,2.0,1080.0,1000.0,100.0,0.0,0.0,1436400000.0
2015-07-08,1.03,1.03,1.03,1.03,1.03,100.0,1.0,103.0,100.0,100.0,0.0,0.0,1436313600.0
2015-07-07,0.99,0.99,0.99,0.99,0.99,200.0,1.0,198.0,200.0,100.0,0.0,0.0,1436227200.0
2015-07-02,0.95,1.05,0.95,0.95,0.9625108979947689,1147.0,10.0,1104.0,1147.0,100.0,0.1,0.0,1435795200.0
2015-07-01,1.0,1.0,0.98,1.0,0.9973474801061007,754.0,5.0,752.0,754.0,100.0,0.02,0.0,1435708800.0
2015-06-26,1.03,1.03,1.03,1.03,1.03,3000.0,3.0,3090.0,3000.0,100.0,0.0,0.0,1435276800.0
2015-06-23,0.99,0.99,0.99,0.99,0.9899497487437184,199.0,2.0,197.0,199.0,100.0,0.0,0.0,1435017600.0
2015-06-19,0.95,0.95,0.95,0.95,0.9498359118612284,2133.0,16.0,2026.0,2133.0,100.0,0.0,0.0,1434672000.0
2015-06-17,0.99,0.99,0.99,0.99,0.9895052473763118,667.0,1.0,660.0,667.0,100.0,0.0,0.0,1434499200.0
2015-06-08,0.99,0.99,0.99,0.99,0.99,200.0,2.0,198.0,200.0,100.0,0.0,0.0,1433721600.0
2015-06-04,0.99,0.99,0.99,0.99,0.99,100.0,1.0,99.0,100.0,100.0,0.0,0.0,1433376000.0
2015-06-03,0.95,0.95,0.95,0.95,0.95,600.0,3.0,570.0,600.0,100.0,0.0,0.0,1433289600.0
2015-06-01,0.91,0.91,0.91,0.91,0.91,200.0,2.0,182.0,200.0,100.0,0.0,0.0,1433116800.0
2015-05-29,0.95,0.95,0.95,0.95,0.95,100.0,1.0,95.0,100.0,100.0,0.0,0.0,1432857600.0
2015-05-27,1.0,1.0,1.0,1.0,1.0,134.0,4.0,134.0,134.0,100.0,0.0,0.0,1432684800.0
2015-05-26,1.0,1.0,1.0,1.0,1.0,39.0,1.0,39.0,39.0,100.0,0.0,0.0,1432598400.0
2015-05-25,0.98,0.98,0.98,0.98,0.9790849673202614,765.0,2.0,749.0,765.0,100.0,0.0,0.0,1432512000.0
2015-05-21,1.03,1.03,1.03,1.03,1.0296650717703348,1045.0,2.0,1076.0,1045.0,100.0,0.0,0.0,1432166400.0
2015-05-19,1.08,1.08,1.08,1.08,1.08,200.0,1.0,216.0,200.0,100.0,0.0,0.0,1431993600.0
2015-05-13,1.13,1.13,1.13,1.13,1.13,100.0,1.0,113.0,100.0,100.0,0.0,0.0,1431475200.0
2015-05-08,1.13,1.2,1.13,1.13,1.1951388888888888,7200.0,6.0,8605.0,7200.0,100.0,0.07,0.0,1431043200.0
2015-04-28,1.18,1.18,1.18,1.18,1.18,100.0,2.0,118.0,100.0,100.0,0.0,0.0,1430179200.0
2015-04-27,1.24,1.24,1.24,1.24,1.24,1200.0,5.0,1488.0,1200.0,100.0,0.0,0.0,1430092800.0
2015-04-24,1.3,1.3,1.3,1.3,1.3,100.0,2.0,130.0,100.0,100.0,0.0,0.0,1429833600.0
2015-04-22,1.3,1.3,1.3,1.3,1.2984409799554564,449.0,2.0,583.0,449.0,100.0,0.0,0.0,1429660800.0
2015-04-17,1.21,1.3,1.21,1.3,1.2325,400.0,4.0,493.0,400.0,100.0,0.09,0.09,1429228800.0
2015-04-16,1.27,1.27,1.27,1.27,1.2689210950080516,621.0,2.0,788.0,621.0,100.0,0.0,0.0,1429142400.0
2015-04-15,1.27,1.33,1.27,1.33,1.3,200.0,4.0,260.0,200.0,100.0,0.06,0.06,1429056000.0
2015-04-10,1.27,1.27,1.27,1.27,1.2549019607843137,51.0,2.0,64.0,51.0,100.0,0.0,0.0,1428624000.0
2015-04-06,1.21,1.27,1.21,1.27,1.26625,1600.0,14.0,2026.0,1600.0,100.0,0.06,0.06,1428278400.0
2015-04-01,1.21,1.21,1.21,1.21,1.21,100.0,2.0,121.0,100.0,100.0,0.0,0.0,1427846400.0
2015-03-27,1.15,1.2,1.1,1.2,1.1581402831402832,12432.0,27.0,14398.0,12432.0,100.0,0.1,0.05,1427414400.0
2015-03-26,1.27,1.27,1.15,1.15,1.2300319488817892,626.0,8.0,770.0,626.0,100.0,0.12,-0.12,1427328000.0
2015-03-25,1.11,1.21,1.11,1.21,1.1310344827586205,1015.0,10.0,1148.0,1015.0,100.0,0.1,0.1,1427241600.0
2015-03-24,1.12,1.17,1.12,1.16,1.1396039603960395,1010.0,6.0,1151.0,1010.0,100.0,0.05,0.04,1427155200.0
2015-03-23,1.18,1.18,1.17,1.17,1.171954314720812,1576.0,8.0,1847.0,1576.0,100.0,0.01,-0.01,1427068800.0
2015-03-20,1.2,1.22,1.2,1.22,1.212966190310213,2869.0,14.0,3480.0,2869.0,100.0,0.02,0.02,1426809600.0
2015-03-18,1.17,1.18,1.17,1.17,1.1708003775672948,61446.0,15.0,71941.0,61446.0,100.0,0.01,0.0,1426636800.0
2015-03-16,1.23,1.23,1.23,1.23,1.222222222222222,45.0,2.0,55.0,45.0,100.0,0.0,0.0,1426464000.0
2015-03-13,1.18,1.18,1.18,1.18,1.18,200.0,2.0,236.0,200.0,100.0,0.0,0.0,1426204800.0
2015-03-12,1.13,1.13,1.13,1.13,1.13,400.0,2.0,452.0,400.0,100.0,0.0,0.0,1426118400.0
2015-03-11,1.18,1.18,1.18,1.18,1.18,100.0,2.0,118.0,100.0,100.0,0.0,0.0,1426032000.0
2015-03-10,1.24,1.24,1.24,1.24,1.24,1400.0,10.0,1736.0,1400.0,100.0,0.0,0.0,1425945600.0
2015-03-09,1.14,1.19,1.14,1.19,1.1705555555555556,1800.0,12.0,2107.0,1800.0,100.0,0.05,0.05,1425859200.0
2015-03-04,1.19,1.19,1.19,1.19,1.1890410958904107,730.0,7.0,868.0,730.0,100.0,0.0,0.0,1425427200.0
2015-03-03,1.25,1.25,1.25,1.25,1.2499396863691197,4145.0,8.0,5181.0,4145.0,100.0,0.0,0.0,1425340800.0
2015-03-02,1.21,1.21,1.21,1.21,1.21,600.0,4.0,726.0,600.0,100.0,0.0,0.0,1425254400.0
2015-02-28,1.27,1.27,1.27,1.27,1.27,200.0,4.0,254.0,200.0,100.0,0.0,0.0,1425081600.0
2015-02-27,1.33,1.33,1.33,1.33,1.329824561403509,570.0,4.0,758.0,570.0,100.0,0.0,0.0,1424995200.0
2015-02-26,1.4,1.4,1.4,1.4,1.4,200.0,4.0,280.0,200.0,100.0,0.0,0.0,1424908800.0
2015-02-25,1.5,1.5,1.47,1.47,1.4856104210845198,3301.0,10.0,4904.0,3301.0,100.0,0.03,-0.03,1424822400.0
2015-02-24,1.44,1.51,1.44,1.51,1.4983333333333333,600.0,6.0,899.0,600.0,100.0,0.07,0.07,1424736000.0
2015-02-18,1.39,1.44,1.32,1.44,1.374417055296469,1501.0,6.0,2063.0,1501.0,100.0,0.12,0.05,1424217600.0
2015-02-13,1.38,1.38,1.38,1.38,1.3797626483447845,1601.0,12.0,2209.0,1601.0,100.0,0.0,0.0,1423785600.0
2015-02-12,1.4,1.45,1.4,1.45,1.4428571428571428,1400.0,4.0,2020.0,1400.0,100.0,0.05,0.05,1423699200.0
2015-02-10,1.47,1.47,1.47,1.47,1.47,800.0,2.0,1176.0,800.0,100.0,0.0,0.0,1423526400.0
2015-02-09,1.52,1.52,1.52,1.52,1.5191489361702128,470.0,4.0,714.0,470.0,100.0,0.0,0.0,1423440000.0
2015-02-06,1.59,1.6,1.59,1.6,1.5986394557823127,1176.0,6.0,1880.0,1176.0,100.0,0.01,0.01,1423180800.0
2015-02-05,1.59,1.59,1.59,1.59,1.59,1000.0,2.0,1590.0,1000.0,100.0,0.0,0.0,1423094400.0
2015-02-04,1.58,1.58,1.58,1.58,1.58,1100.0,4.0,1738.0,1100.0,100.0,0.0,0.0,1423008000.0
2015-02-03,1.6,1.6,1.6,1.6,1.6,1000.0,6.0,1600.0,1000.0,100.0,0.0,0.0,1422921600.0
2015-02-02,1.59,1.6,1.59,1.6,1.5998015873015872,5040.0,6.0,8063.0,5040.0,100.0,0.01,0.01,1422835200.0
2015-01-29,1.62,1.62,1.62,1.62,1.62,950.0,2.0,1539.0,950.0,100.0,0.0,0.0,1422489600.0
2015-01-27,1.65,1.65,1.65,1.65,1.6,10.0,2.0,16.0,10.0,100.0,0.0,0.0,1422316800.0
2015-01-23,1.62,1.62,1.62,1.62,1.6199524940617576,421.0,6.0,682.0,421.0,100.0,0.0,0.0,1421971200.0
2015-01-22,1.65,1.65,1.65,1.65,1.65,500.0,3.0,825.0,500.0,100.0,0.0,0.0,1421884800.0
2015-01-20,1.65,1.65,1.65,1.65,1.6498973305954825,974.0,8.0,1607.0,974.0,100.0,0.0,0.0,1421712000.0
2015-01-19,1.59,1.65,1.59,1.65,1.62,200.0,4.0,324.0,200.0,100.0,0.06,0.06,1421625600.0
2015-01-16,1.62,1.62,1.62,1.62,1.62,1950.0,4.0,3159.0,1950.0,100.0,0.0,0.0,1421366400.0
2015-01-15,1.59,1.59,1.59,1.59,1.59,100.0,2.0,159.0,100.0,100.0,0.0,0.0,1421280000.0
2015-01-14,1.56,1.56,1.56,1.56,1.56,700.0,4.0,1092.0,700.0,100.0,0.0,0.0,1421193600.0
2015-01-09,1.53,1.53,1.53,1.53,1.53,400.0,8.0,612.0,400.0,100.0,0.0,0.0,1420761600.0
2015-01-07,1.5,1.5,1.5,1.5,1.5,900.0,3.0,1350.0,900.0,100.0,0.0,0.0,1420588800.0
2015-01-06,1.48,1.48,1.48,1.48,1.4798829553767372,4101.0,8.0,6069.0,4101.0,100.0,0.0,0.0,1420502400.0
2015-01-02,1.42,1.46,1.42,1.46,1.4266666666666663,600.0,6.0,856.0,600.0,100.0,0.04,0.04,1420156800.0
2015-01-01,1.44,1.44,1.44,1.44,1.44,100.0,2.0,144.0,100.0,100.0,0.0,0.0,1420070400.0
2014-12-29,1.46,1.46,1.46,1.46,1.46,100.0,2.0,146.0,100.0,100.0,0.0,0.0,1419811200.0
2014-12-26,1.44,1.44,1.44,1.44,1.44,100.0,2.0,144.0,100.0,100.0,0.0,0.0,1419552000.0
2014-12-24,1.44,1.44,1.44,1.44,1.4396396396396396,555.0,6.0,799.0,555.0,100.0,0.0,0.0,1419379200.0
2014-12-23,1.5,1.5,1.46,1.46,1.4711409395973154,745.0,12.0,1096.0,745.0,100.0,0.04,-0.04,1419292800.0
2014-12-22,1.49,1.49,1.48,1.48,1.4893350062735256,2391.0,6.0,3561.0,2391.0,100.0,0.01,-0.01,1419206400.0
2014-12-19,1.51,1.51,1.49,1.49,1.493970893970894,2405.0,14.0,3593.0,2405.0,100.0,0.02,-0.02,1418947200.0
2014-12-18,1.49,1.49,1.49,1.49,1.4705882352941175,51.0,4.0,75.0,51.0,100.0,0.0,0.0,1418860800.0
2014-12-17,1.47,1.47,1.47,1.47,1.47,200.0,2.0,294.0,200.0,100.0,0.0,0.0,1418774400.0
2014-12-16,1.49,1.49,1.49,1.49,1.4897435897435896,390.0,4.0,581.0,390.0,100.0,0.0,0.0,1418688000.0
2014-12-12,1.57,1.57,1.56,1.56,1.56,1000.0,4.0,1560.0,1000.0,100.0,0.01,-0.01,1418342400.0
2014-12-11,1.64,1.7,1.63,1.64,1.6438490442738114,6121.0,19.0,10062.0,6121.0,100.0,0.07,0.0,1418256000.0
2014-12-10,1.71,1.72,1.71,1.71,1.709794437726723,827.0,12.0,1414.0,827.0,100.0,0.01,0.0,1418169600.0
2014-12-09,1.77,1.8,1.77,1.8,1.7914285714285714,700.0,4.0,1254.0,700.0,100.0,0.03,0.03,1418083200.0
2014-12-08,1.86,1.86,1.86,1.86,1.859288537549408,1265.0,10.0,2352.0,1265.0,100.0,0.0,0.0,1417996800.0
2014-12-05,1.95,1.95,1.95,1.95,1.9498349834983493,1515.0,8.0,2954.0,1515.0,100.0,0.0,0.0,1417737600.0
2014-12-04,2.0,2.05,1.95,1.95,1.952992978698084,8403.0,21.0,16411.0,8403.0,100.0,0.1,-0.05,1417651200.0
2014-12-03,2.05,2.2,2.05,2.05,2.050756693830035,4295.0,19.0,8808.0,4295.0,100.0,0.15,0.0,1417564800.0
2014-12-02,2.15,2.15,2.15,2.15,2.1499628804751296,1347.0,20.0,2896.0,1347.0,100.0,0.0,0.0,1417478400.0
2014-12-01,2.48,2.48,2.26,2.26,2.4337827121332274,1261.0,11.0,3069.0,1261.0,100.0,0.22,-0.22,1417392000.0
2014-11-28,2.37,2.37,2.37,2.37,2.365853658536585,123.0,2.0,291.0,123.0,100.0,0.0,0.0,1417132800.0
2014-11-27,2.49,2.49,2.49,2.49,2.488,250.0,8.0,622.0,250.0,100.0,0.0,0.0,1417046400.0
2014-11-26,2.62,2.62,2.62,2.62,2.6,25.0,2.0,65.0,25.0,100.0,0.0,0.0,1416960000.0
2014-11-25,2.75,2.75,2.75,2.75,2.7466666666666666,150.0,2.0,412.0,150.0,100.0,0.0,0.0,1416873600.0
2014-11-24,2.66,2.66,2.66,2.66,2.6,10.0,2.0,26.0,10.0,100.0,0.0,0.0,1416787200.0
2014-11-21,2.8,2.8,2.54,2.8,2.797117516629712,902.0,10.0,2523.0,902.0,100.0,0.26,0.0,1416528000.0
2014-11-20,2.44,2.67,2.43,2.67,2.478527607361963,163.0,8.0,404.0,163.0,100.0,0.24,0.23,1416441600.0
2014-11-19,2.55,2.55,2.55,2.55,2.55,200.0,2.0,510.0,200.0,100.0,0.0,0.0,1416355200.0
2014-11-17,2.65,2.65,2.65,2.65,2.64,50.0,2.0,132.0,50.0,100.0,0.0,0.0,1416182400.0
2014-11-14,2.71,2.71,2.71,2.71,2.71,300.0,6.0,813.0,300.0,100.0,0.0,0.0,1415923200.0
2014-11-11,2.85,2.85,2.85,2.85,2.818181818181818,11.0,2.0,31.0,11.0,100.0,0.0,0.0,1415664000.0
2014-11-10,2.9,2.9,2.9,2.9,2.9,200.0,4.0,580.0,200.0,100.0,0.0,0.0,1415577600.0
2014-11-05,3.05,3.05,3.05,3.05,3.05,1000.0,4.0,3050.0,1000.0,100.0,0.0,0.0,1415145600.0
2014-11-03,2.99,2.99,2.99,2.99,2.9819819819819817,111.0,2.0,331.0,111.0,100.0,0.0,0.0,1414972800.0
2014-10-31,2.99,2.99,2.99,2.99,2.96,25.0,2.0,74.0,25.0,100.0,0.0,0.0,1414713600.0
2014-10-27,2.59,2.85,2.59,2.85,2.6333333333333333,600.0,4.0,1580.0,600.0,100.0,0.26,0.26,1414368000.0
2014-10-14,2.72,2.72,2.72,2.72,2.72,50.0,2.0,136.0,50.0,100.0,0.0,0.0,1413244800.0
2014-10-13,2.86,2.86,2.86,2.86,2.86,50.0,2.0,143.0,50.0,100.0,0.0,0.0,1413158400.0
2014-10-10,3.01,3.01,3.01,3.01,3.0,5.0,2.0,15.0,5.0,100.0,0.0,0.0,1412899200.0
2014-10-08,2.88,2.88,2.88,2.88,2.88,75.0,2.0,216.0,75.0,100.0,0.0,0.0,1412726400.0
2014-10-07,2.77,2.77,2.77,2.77,2.7571428571428567,70.0,2.0,193.0,70.0,100.0,0.0,0.0,1412640000.0
2014-09-30,2.76,2.76,2.76,2.76,2.76,1000.0,6.0,2760.0,1000.0,100.0,0.0,0.0,1412035200.0
2014-09-26,2.9,3.03,2.76,2.76,2.923557378577421,10727.0,56.0,31361.0,10727.0,100.0,0.27,-0.14,1411689600.0
2014-09-25,2.7,2.9,2.7,2.9,2.700166389351081,3005.0,8.0,8114.0,3005.0,100.0,0.2,0.2,1411603200.0
2014-09-24,2.84,2.84,2.84,2.84,2.8,10.0,2.0,28.0,10.0,100.0,0.0,0.0,1411516800.0
2014-09-23,2.74,2.74,2.74,2.74,2.74,200.0,3.0,548.0,200.0,100.0,0.0,0.0,1411430400.0
2014-09-22,2.65,2.65,2.65,2.65,2.6,5.0,2.0,13.0,5.0,100.0,0.0,0.0,1411344000.0
2014-09-19,2.35,2.59,2.35,2.59,2.506375227686703,6039.0,28.0,15136.0,6039.0,100.0,0.24,0.24,1411084800.0
2014-09-18,2.38,2.49,2.27,2.47,2.347857142857143,1400.0,16.0,3287.0,1400.0,100.0,0.22,0.09,1410998400.0
2014-09-17,2.38,2.38,2.38,2.38,2.379130434782609,575.0,6.0,1368.0,575.0,100.0,0.0,0.0,1410912000.0
2014-09-16,2.6,2.62,2.5,2.5,2.58125,1600.0,8.0,4130.0,1600.0,100.0,0.12,-0.1,1410825600.0
2014-09-15,2.4,2.5,2.4,2.5,2.4666666666666663,300.0,8.0,740.0,300.0,100.0,0.1,0.1,1410739200.0
2014-09-12,2.33,2.57,2.33,2.4,2.4493877551020407,2450.0,25.0,6001.0,2450.0,100.0,0.24,0.07,1410480000.0
2014-09-11,2.4,2.45,2.4,2.45,2.4416666666666664,1200.0,10.0,2930.0,1200.0,100.0,0.05,0.05,1410393600.0
2014-09-10,2.52,2.52,2.52,2.52,2.5198581560283686,1410.0,9.0,3553.0,1410.0,100.0,0.0,0.0,1410307200.0
2014-09-09,2.65,2.75,2.65,2.65,2.651201788708776,1789.0,6.0,4743.0,1789.0,100.0,0.1,0.0,1410220800.0
2014-09-08,2.78,2.78,2.78,2.78,2.78,1000.0,12.0,2780.0,1000.0,100.0,0.0,0.0,1410134400.0
2014-09-05,2.41,2.65,2.41,2.65,2.3870967741935485,31.0,4.0,74.0,31.0,100.0,0.24,0.24,1409875200.0
2014-09-04,2.53,2.53,2.53,2.53,2.4,5.0,2.0,12.0,5.0,100.0,0.0,0.0,1409788800.0
2014-09-03,2.66,2.93,2.66,2.66,2.6695652173913045,115.0,10.0,307.0,115.0,100.0,0.27,0.0,1409702400.0
2014-09-02,2.8,2.93,2.8,2.8,2.8,95.0,6.0,266.0,95.0,100.0,0.13,0.0,1409616000.0
2014-09-01,2.88,2.95,2.8,2.8,2.913861386138614,1010.0,7.0,2943.0,1010.0,100.0,0.15,-0.08,1409529600.0
2014-08-28,2.88,2.88,2.88,2.88,2.5,2.0,2.0,5.0,2.0,100.0,0.0,0.0,1409184000.0
2014-08-27,2.75,3.03,2.75,3.03,2.75,100.0,4.0,275.0,100.0,100.0,0.28,0.28,1409097600.0
2014-08-26,2.89,2.89,2.89,2.89,2.5,2.0,2.0,5.0,2.0,100.0,0.0,0.0,1409011200.0
2014-08-25,3.04,3.04,3.04,3.04,3.04,1000.0,2.0,3040.0,1000.0,100.0,0.0,0.0,1408924800.0
2014-08-21,3.22,3.22,3.2,3.2,3.2,5.0,6.0,16.0,5.0,100.0,0.02,-0.02,1408579200.0
2014-08-20,3.08,3.08,3.08,3.08,3.0,1.0,2.0,3.0,1.0,100.0,0.0,0.0,1408492800.0
2014-08-14,2.85,2.95,2.85,2.95,2.8495049504950494,505.0,4.0,1439.0,505.0,100.0,0.1,0.1,1407974400.0
2014-08-12,2.83,2.83,2.82,2.82,2.5,2.0,4.0,5.0,2.0,100.0,0.01,-0.01,1407801600.0
2014-08-11,2.71,2.71,2.71,2.71,2.71,300.0,3.0,813.0,300.0,100.0,0.0,0.0,1407715200.0
2014-08-08,2.61,2.61,2.61,2.61,2.6,5.0,2.0,13.0,5.0,100.0,0.0,0.0,1407456000.0
2014-08-07,2.6,2.6,2.5,2.5,2.5058823529411764,85.0,4.0,213.0,85.0,100.0,0.1,-0.1,1407369600.0
2014-08-06,2.38,2.49,2.27,2.49,2.2804270462633447,4215.0,19.0,9612.0,4215.0,100.0,0.22,0.11,1407283200.0
2014-08-01,2.38,2.38,2.38,2.38,2.378619153674833,449.0,2.0,1068.0,449.0,100.0,0.0,0.0,1406851200.0
2014-07-24,2.38,2.38,2.38,2.38,2.38,100.0,2.0,238.0,100.0,100.0,0.0,0.0,1406160000.0
2014-07-23,2.5,2.5,2.5,2.5,2.497512437810945,201.0,4.0,502.0,201.0,100.0,0.0,0.0,1406073600.0
2014-07-17,2.28,2.5,2.28,2.5,2.280939476061427,1107.0,15.0,2525.0,1107.0,100.0,0.22,0.22,1405555200.0
2014-07-16,2.38,2.39,2.38,2.39,2.38125,320.0,7.0,762.0,320.0,100.0,0.01,0.01,1405468800.0
2014-07-15,2.5,2.5,2.5,2.5,2.5,188.0,4.0,470.0,188.0,100.0,0.0,0.0,1405382400.0
2014-07-10,2.62,2.62,2.62,2.62,2.5,2.0,2.0,5.0,2.0,100.0,0.0,0.0,1404950400.0
2014-07-09,2.62,2.62,2.62,2.62,2.6,25.0,2.0,65.0,25.0,100.0,0.0,0.0,1404864000.0
2014-07-08,2.5,2.5,2.5,2.5,2.5,1100.0,9.0,2750.0,1100.0,100.0,0.0,0.0,1404777600.0
2014-07-07,2.5,2.5,2.5,2.5,2.5,2750.0,6.0,6875.0,2750.0,100.0,0.0,0.0,1404691200.0
2014-07-04,2.5,2.54,2.5,2.5,2.501498688647433,5338.0,22.0,13353.0,5338.0,100.0,0.04,0.0,1404432000.0
2014-07-03,2.5,2.6,2.39,2.6,2.477460901563937,1087.0,14.0,2693.0,1087.0,100.0,0.21,0.1,1404345600.0
2014-07-02,2.4,2.52,2.29,2.51,2.372,3000.0,24.0,7116.0,3000.0,100.0,0.23,0.11,1404259200.0
2014-07-01,2.2,2.4,2.19,2.4,2.1946360153256705,2610.0,13.0,5728.0,2610.0,100.0,0.21,0.2,1404172800.0
2014-06-30,2.35,2.5,2.28,2.3,2.3128575730201746,3321.0,22.0,7681.0,3321.0,100.0,0.22,-0.05,1404086400.0
2014-06-27,2.41,2.64,2.4,2.4,2.4814323607427053,6032.0,30.0,14968.0,6032.0,100.0,0.24,-0.01,1403827200.0
2014-06-26,2.52,2.52,2.51,2.52,2.519245283018868,1325.0,11.0,3338.0,1325.0,100.0,0.01,0.0,1403740800.0
2014-06-25,2.52,2.52,2.52,2.52,2.5,10.0,2.0,25.0,10.0,100.0,0.0,0.0,1403654400.0
2014-06-24,2.52,2.75,2.52,2.52,2.521433943344197,3989.0,15.0,10058.0,3989.0,100.0,0.23,0.0,1403568000.0
2014-06-23,2.52,2.65,2.52,2.65,2.52280701754386,855.0,10.0,2157.0,855.0,100.0,0.13,0.13,1403481600.0
2014-06-20,2.61,2.65,2.48,2.65,2.506920415224913,578.0,16.0,1449.0,578.0,100.0,0.17,0.04,1403222400.0
2014-06-19,2.86,2.86,2.61,2.61,2.7901234567901234,405.0,7.0,1130.0,405.0,100.0,0.25,-0.25,1403136000.0
2014-06-18,2.53,2.75,2.53,2.74,2.561090458488228,8070.0,40.0,20668.0,8070.0,100.0,0.22,0.21,1403049600.0
2014-06-17,2.53,2.66,2.53,2.66,2.533642691415313,862.0,7.0,2184.0,862.0,100.0,0.13,0.13,1402963200.0
2014-06-16,2.66,2.66,2.66,2.66,2.66,1500.0,10.0,3990.0,1500.0,100.0,0.0,0.0,1402876800.0
2014-06-13,2.9,2.9,2.66,2.8,2.682761222180309,2651.0,24.0,7112.0,2651.0,100.0,0.24,-0.1,1402617600.0
2014-06-12,2.55,2.8,2.55,2.79,2.65075,4000.0,20.0,10603.0,4000.0,100.0,0.25,0.24,1402531200.0
2014-06-11,2.55,2.67,2.43,2.67,2.6443325721403363,19268.0,60.0,50951.0,19268.0,100.0,0.24,0.12,1402444800.0
2014-06-10,2.54,2.55,2.52,2.55,2.541003671970624,7353.0,25.0,18684.0,7353.0,100.0,0.03,0.01,1402358400.0
2014-06-09,2.35,2.44,2.23,2.43,2.3614939085280606,5007.0,20.0,11824.0,5007.0,100.0,0.21,0.08,1402272000.0
2014-06-06,2.48,2.49,2.27,2.33,2.3508120649651967,2155.0,26.0,5066.0,2155.0,100.0,0.22,-0.15,1402012800.0
2014-06-05,2.27,2.38,2.16,2.38,2.299183673469388,4900.0,22.0,11266.0,4900.0,100.0,0.22,0.11,1401926400.0
2014-06-04,2.27,2.27,2.07,2.27,2.1614810205351582,16070.0,59.0,34735.0,16070.0,100.0,0.2,0.0,1401840000.0
2014-06-03,2.25,2.26,2.17,2.17,2.234321157822192,5804.0,30.0,12968.0,5804.0,100.0,0.09,-0.08,1401753600.0
2014-06-02,2.16,2.16,2.16,2.16,2.159957249732811,8421.0,28.0,18189.0,8421.0,100.0,0.0,0.0,1401667200.0
2014-05-30,2.27,2.27,2.27,2.27,2.269983833303395,16701.0,15.0,37911.0,16701.0,100.0,0.0,0.0,1401408000.0
2014-05-29,2.61,2.61,2.38,2.38,2.380288700846192,2009.0,10.0,4782.0,2009.0,100.0,0.23,-0.23,1401321600.0
2014-05-28,2.53,2.53,2.3,2.5,2.3722658294086862,9555.0,29.0,22667.0,9555.0,100.0,0.23,-0.03,1401235200.0
2014-05-27,2.45,2.46,2.24,2.42,2.3544837704016137,5453.0,21.0,12839.0,5453.0,100.0,0.22,-0.03,1401148800.0
2014-05-26,2.45,2.58,2.35,2.35,2.3743656085182603,20098.0,57.0,47720.0,20098.0,100.0,0.23,-0.1,1401062400.0
2014-05-23,2.6,2.6,2.36,2.47,2.524755168661589,11028.0,78.0,27843.0,11028.0,100.0,0.24,-0.13,1400803200.0
2014-05-22,2.6,2.71,2.48,2.48,2.6603814713896456,9175.0,26.0,24409.0,9175.0,100.0,0.23,-0.12,1400716800.0
2014-05-21,2.38,2.61,2.38,2.6,2.3894136517554805,5611.0,28.0,13407.0,5611.0,100.0,0.23,0.22,1400630400.0
2014-05-20,2.74,2.74,2.5,2.5,2.5040469208211142,8525.0,17.0,21347.0,8525.0,100.0,0.24,-0.24,1400544000.0
2014-05-19,2.63,2.63,2.63,2.63,2.63,8000.0,8.0,21040.0,8000.0,100.0,0.0,0.0,1400457600.0
2014-05-15,2.76,2.76,2.76,2.76,2.76,4000.0,5.0,11040.0,4000.0,100.0,0.0,0.0,1400112000.0
2014-05-13,2.9,2.9,2.9,2.9,2.833333333333333,6.0,4.0,17.0,6.0,100.0,0.0,0.0,1399939200.0
2014-05-09,2.99,3.05,2.99,3.05,3.002575757575757,6600.0,21.0,19817.0,6600.0,100.0,0.06,0.06,1399593600.0
2014-05-07,3.14,3.14,3.14,3.14,3.0,4.0,2.0,12.0,4.0,100.0,0.0,0.0,1399420800.0
2014-05-06,3.09,3.3,3.09,3.3,3.090047393364929,2321.0,16.0,7172.0,2321.0,100.0,0.21,0.21,1399334400.0
2014-05-05,3.25,3.25,3.25,3.25,3.25,300.0,2.0,975.0,300.0,100.0,0.0,0.0,1399248000.0
2014-04-30,3.42,3.42,3.42,3.42,3.42,50.0,2.0,171.0,50.0,100.0,0.0,0.0,1398816000.0
2014-04-29,3.33,3.64,3.33,3.6,3.619889502762432,905.0,8.0,3276.0,905.0,100.0,0.31,0.27,1398729600.0
2014-04-28,3.2,3.52,3.2,3.5,3.2008916863362185,3813.0,11.0,12205.0,3813.0,100.0,0.32,0.3,1398643200.0
2014-04-23,3.36,3.36,3.36,3.36,3.36,200.0,3.0,672.0,200.0,100.0,0.0,0.0,1398211200.0
2014-04-02,3.53,3.53,3.53,3.53,3.53,100.0,1.0,353.0,100.0,100.0,0.0,0.0,1396396800.0
2014-03-31,3.71,3.71,3.71,3.71,3.71,100.0,1.0,371.0,100.0,100.0,0.0,0.0,1396224000.0
2014-03-28,4.1,4.1,3.9,3.9,4.0,2.0,2.0,8.0,2.0,100.0,0.2,-0.2,1395964800.0
2014-03-26,4.51,4.51,4.1,4.1,4.095238095238095,21.0,2.0,86.0,21.0,100.0,0.41,-0.41,1395792000.0
2014-03-25,4.74,4.74,4.31,4.31,4.317073170731708,41.0,5.0,177.0,41.0,100.0,0.43,-0.43,1395705600.0
2014-03-24,4.53,4.53,4.53,4.53,4.0,1.0,1.0,4.0,1.0,100.0,0.0,0.0,1395619200.0
2014-03-22,4.76,4.76,4.33,4.33,4.333333333333333,6.0,2.0,26.0,6.0,100.0,0.43,-0.43,1395446400.0
2014-03-21,4.55,4.55,4.55,4.55,4.4,5.0,1.0,22.0,5.0,100.0,0.0,0.0,1395360000.0
2014-03-18,5.12,5.12,4.65,4.78,4.789642071585682,5001.0,13.0,23953.0,5001.0,100.0,0.47,-0.34,1395100800.0
2014-03-14,4.89,4.89,4.89,4.89,4.0,1.0,1.0,4.0,1.0,100.0,0.0,0.0,1394755200.0
2014-03-07,4.67,4.67,4.67,4.67,4.67,100.0,1.0,467.0,100.0,100.0,0.0,0.0,1394150400.0
2014-03-06,4.91,4.91,4.91,4.91,4.91,500.0,2.0,2455.0,500.0,100.0,0.0,0.0,1394064000.0
2014-02-03,5.69,5.69,5.16,5.16,5.0,2.0,2.0,10.0,2.0,100.0,0.53,-0.53,1391385600.0
2014-01-23,5.98,5.98,5.43,5.43,5.5,2.0,2.0,11.0,2.0,100.0,0.55,-0.55,1390435200.0
2013-11-03,5.71,5.71,5.71,5.71,5.694444444444445,36.0,1.0,205.0,36.0,100.0,0.0,0.0,1383436800.0
2013-11-01,5.44,5.44,5.44,5.44,5.4,5.0,1.0,27.0,5.0,100.0,0.0,0.0,1383264000.0
2013-10-29,4.71,5.19,4.71,5.19,4.705882352941176,51.0,2.0,240.0,51.0,100.0,0.48,0.48,1383004800.0
2013-10-28,4.95,4.95,4.95,4.95,4.5,2.0,1.0,9.0,2.0,100.0,0.0,0.0,1382918400.0
2013-10-22,4.72,4.72,4.72,4.72,4.6,5.0,1.0,23.0,5.0,100.0,0.0,0.0,1382400000.0
2013-10-14,4.5,4.5,4.5,4.5,4.4,5.0,1.0,22.0,5.0,100.0,0.0,0.0,1381708800.0
2013-10-09,4.31,4.31,4.31,4.31,4.31,100.0,1.0,431.0,100.0,100.0,0.0,0.0,1381276800.0
2013-10-04,4.53,4.53,4.53,4.53,4.0,1.0,1.0,4.0,1.0,100.0,0.0,0.0,1380844800.0
2013-09-19,4.53,4.53,4.53,4.53,4.0,1.0,1.0,4.0,1.0,100.0,0.0,0.0,1379548800.0
2013-09-17,4.76,4.76,4.76,4.76,4.5,2.0,2.0,9.0,2.0,100.0,0.0,0.0,1379376000.0
2013-09-16,5.0,5.0,5.0,5.0,5.0,5.0,1.0,25.0,5.0,100.0,0.0,0.0,1379289600.0
2013-09-13,4.78,4.78,4.78,4.78,4.0,1.0,1.0,4.0,1.0,100.0,0.0,0.0,1379030400.0
2013-09-04,4.57,4.57,4.57,4.57,4.55,20.0,1.0,91.0,20.0,100.0,0.0,0.0,1378252800.0
2013-09-03,4.8,4.8,4.8,4.8,4.8,5.0,1.0,24.0,5.0,100.0,0.0,0.0,1378166400.0
2013-08-29,4.58,4.58,4.58,4.58,4.5,10.0,1.0,45.0,10.0,100.0,0.0,0.0,1377734400.0
2013-08-27,4.82,4.82,4.82,4.82,4.8,10.0,1.0,48.0,10.0,100.0,0.0,0.0,1377561600.0
2013-08-13,5.07,5.07,5.07,5.07,5.07,300.0,1.0,1521.0,300.0,100.0,0.0,0.0,1376352000.0
2013-08-12,5.33,5.33,5.33,5.33,5.33,200.0,1.0,1066.0,200.0,100.0,0.0,0.0,1376265600.0
2013-07-30,5.6,5.6,5.6,5.6,5.0,1.0,1.0,5.0,1.0,100.0,0.0,0.0,1375142400.0
2013-07-26,5.41,5.41,5.41,5.41,5.0,1.0,1.0,5.0,1.0,100.0,0.0,0.0,1374796800.0
2013-07-25,5.16,5.16,5.16,5.16,5.0,1.0,1.0,5.0,1.0,100.0,0.0,0.0,1374710400.0
2013-06-28,4.93,4.93,4.93,4.93,4.93,100.0,1.0,493.0,100.0,100.0,0.0,0.0,1372377600.0
2013-06-26,5.18,5.18,5.18,5.18,5.0,1.0,1.0,5.0,1.0,100.0,0.0,0.0,1372204800.0
2013-06-25,4.94,4.94,4.94,4.94,4.0,1.0,1.0,4.0,1.0,100.0,0.0,0.0,1372118400.0
2013-06-24,4.72,4.72,4.72,4.72,4.0,1.0,1.0,4.0,1.0,100.0,0.0,0.0,1372032000.0
2013-06-19,4.5,4.5,4.5,4.5,4.0,1.0,1.0,4.0,1.0,100.0,0.0,0.0,1371600000.0
2013-06-11,4.35,4.35,4.35,4.35,4.2,5.0,1.0,21.0,5.0,100.0,0.0,0.0,1370908800.0
2013-05-27,4.16,4.16,4.16,4.16,4.16,5000.0,1.0,20800.0,5000.0,100.0,0.0,0.0,1369612800.0
2013-05-22,4.36,4.36,4.36,4.36,4.2,5.0,1.0,21.0,5.0,100.0,0.0,0.0,1369180800.0
2013-05-17,4.16,4.16,4.16,4.16,4.0,2.0,1.0,8.0,2.0,100.0,0.0,0.0,1368748800.0
2013-05-16,4.16,4.16,4.16,4.16,4.0,1.0,1.0,4.0,1.0,100.0,0.0,0.0,1368662400.0
2013-05-15,3.97,3.97,3.97,3.97,3.97,100.0,1.0,397.0,100.0,100.0,0.0,0.0,1368576000.0
2013-05-14,3.99,3.99,3.99,3.99,3.5,2.0,1.0,7.0,2.0,100.0,0.0,0.0,1368489600.0
2013-05-08,3.8,3.8,3.8,3.8,3.5,2.0,1.0,7.0,2.0,100.0,0.0,0.0,1367971200.0
2013-05-07,3.65,3.65,3.65,3.65,3.0,1.0,1.0,3.0,1.0,100.0,0.0,0.0,1367884800.0
2013-05-06,3.66,3.66,3.66,3.66,3.5,2.0,1.0,7.0,2.0,100.0,0.0,0.0,1367798400.0
2013-04-26,3.49,3.49,3.49,3.49,3.0,1.0,1.0,3.0,1.0,100.0,0.0,0.0,1366934400.0
2013-04-25,3.33,3.33,3.33,3.33,3.33,1000.0,2.0,3330.0,1000.0,100.0,0.0,0.0,1366848000.0
2013-04-17,3.5,3.5,3.5,3.5,3.5,2.0,1.0,7.0,2.0,100.0,0.0,0.0,1366156800.0
2013-04-16,3.42,3.42,3.35,3.35,3.0,2.0,2.0,6.0,2.0,100.0,0.07,-0.07,1366070400.0
2013-04-15,3.26,3.26,3.26,3.26,3.0,2.0,1.0,6.0,2.0,100.0,0.0,0.0,1365984000.0
2013-04-11,3.11,3.11,3.11,3.11,3.0,5.0,1.0,15.0,5.0,100.0,0.0,0.0,1365638400.0
2013-04-09,2.69,2.97,2.69,2.97,2.691089108910892,505.0,2.0,1359.0,505.0,100.0,0.28,0.28,1365465600.0
2013-04-05,2.83,2.83,2.83,2.83,2.0,1.0,1.0,2.0,1.0,100.0,0.0,0.0,1365120000.0
2013-04-03,2.71,2.71,2.71,2.71,2.0,1.0,1.0,2.0,1.0,100.0,0.0,0.0,1364947200.0
2013-04-02,2.59,2.59,2.59,2.59,2.0,1.0,1.0,2.0,1.0,100.0,0.0,0.0,1364860800.0
2013-04-01,2.47,2.47,2.47,2.47,2.0,1.0,1.0,2.0,1.0,100.0,0.0,0.0,1364774400.0
2013-03-25,2.39,2.39,2.39,2.39,2.0,1.0,1.0,2.0,1.0,100.0,0.0,0.0,1364169600.0
2013-03-14,2.28,2.28,2.28,2.28,2.0,1.0,1.0,2.0,1.0,100.0,0.0,0.0,1363219200.0
2013-03-13,2.19,2.19,2.19,2.19,2.0,1.0,1.0,2.0,1.0,100.0,0.0,0.0,1363132800.0
2013-03-08,2.09,2.09,2.09,2.09,2.0,1.0,1.0,2.0,1.0,100.0,0.0,0.0,1362700800.0
2013-03-07,2.0,2.0,2.0,2.0,2.0,2.0,2.0,4.0,2.0,100.0,0.0,0.0,1362614400.0
2013-02-27,2.1,2.1,1.91,1.91,1.9100499722376456,1801.0,5.0,3440.0,1801.0,100.0,0.19,-0.19,1361923200.0
2013-02-26,1.84,2.01,1.84,2.01,1.84015984015984,1001.0,3.0,1842.0,1001.0,100.0,0.17,0.17,1361836800.0
2013-02-25,1.93,1.93,1.93,1.93,1.93,200.0,1.0,386.0,200.0,100.0,0.0,0.0,1361750400.0
2013-02-22,2.05,2.05,2.03,2.03,2.0299700299700296,1001.0,2.0,2032.0,1001.0,100.0,0.02,-0.02,1361491200.0
2013-02-20,2.05,2.05,1.88,2.05,1.8857142857142857,105.0,4.0,198.0,105.0,100.0,0.17,0.0,1361318400.0
2013-02-19,1.97,1.97,1.97,1.97,1.96,50.0,1.0,98.0,50.0,100.0,0.0,0.0,1361232000.0
2013-02-07,2.07,2.07,2.07,2.07,2.0,1.0,1.0,2.0,1.0,100.0,0.0,0.0,1360195200.0
2013-02-04,2.05,2.05,1.99,1.99,2.01998001998002,4004.0,14.0,8088.0,4004.0,100.0,0.06,-0.06,1359936000.0
2013-01-31,2.19,2.19,1.99,1.99,1.9921259842519683,508.0,2.0,1012.0,508.0,100.0,0.2,-0.2,1359590400.0
2013-01-30,2.29,2.29,2.09,2.09,2.217667844522968,1415.0,4.0,3138.0,1415.0,100.0,0.2,-0.2,1359504000.0
2013-01-29,2.0,2.19,2.0,2.19,2.0,105.0,2.0,210.0,105.0,100.0,0.19,0.19,1359417600.0
2013-01-10,2.0,2.1,2.0,2.1,2.0009009009009007,1110.0,3.0,2221.0,1110.0,100.0,0.1,0.1,1357776000.0
2013-01-07,2.1,2.1,2.1,2.1,2.0,5.0,1.0,10.0,5.0,100.0,0.0,0.0,1357516800.0
2013-01-04,1.95,2.0,1.95,2.0,1.9504950495049505,101.0,3.0,197.0,101.0,100.0,0.05,0.05,1357257600.0
2013-01-02,2.0,2.0,2.0,2.0,2.0,100.0,1.0,200.0,100.0,100.0,0.0,0.0,1357084800.0
2013-01-01,1.95,1.95,1.78,1.92,1.7810650887573964,507.0,3.0,903.0,507.0,100.0,0.17,-0.03,1356998400.0
2012-12-28,1.86,1.86,1.86,1.86,1.0,1.0,1.0,1.0,1.0,100.0,0.0,0.0,1356652800.0
2012-12-27,1.95,1.95,1.79,1.79,1.7964601769911503,226.0,3.0,406.0,226.0,100.0,0.16,-0.16,1356566400.0
2012-12-24,1.87,1.87,1.87,1.87,1.8,5.0,1.0,9.0,5.0,100.0,0.0,0.0,1356307200.0
2012-12-21,1.79,1.79,1.79,1.79,1.788,250.0,2.0,447.0,250.0,100.0,0.0,0.0,1356048000.0
2012-12-20,1.72,1.72,1.72,1.72,1.7195402298850575,435.0,2.0,748.0,435.0,100.0,0.0,0.0,1355961600.0
2012-12-19,1.58,1.67,1.58,1.67,1.5798630918425556,3506.0,5.0,5539.0,3506.0,100.0,0.09,0.09,1355875200.0
2012-12-18,1.49,1.6,1.49,1.6,1.4851485148514851,101.0,2.0,150.0,101.0,100.0,0.11,0.11,1355788800.0
2012-12-17,1.46,1.57,1.45,1.56,1.453551912568306,366.0,6.0,532.0,366.0,100.0,0.12,0.1,1355702400.0
2012-12-14,1.5,1.64,1.5,1.5,1.5071049477829137,5841.0,24.0,8803.0,5841.0,100.0,0.14,0.0,1355443200.0
2012-12-13,1.57,1.57,1.57,1.57,1.5699029126213593,4120.0,19.0,6468.0,4120.0,100.0,0.0,0.0,1355356800.0
2012-12-12,1.56,1.65,1.56,1.65,1.6044554455445543,2020.0,14.0,3241.0,2020.0,100.0,0.09,0.09,1355270400.0
2012-12-11,1.8,1.8,1.64,1.64,1.6771573604060912,985.0,7.0,1652.0,985.0,100.0,0.16,-0.16,1355184000.0
2012-12-10,1.88,1.88,1.72,1.72,1.7185792349726776,366.0,3.0,629.0,366.0,100.0,0.16,-0.16,1355097600.0
2012-12-06,1.85,1.85,1.69,1.8,1.7600425645118385,3759.0,6.0,6616.0,3759.0,100.0,0.16,-0.05,1354752000.0
2012-12-05,1.95,1.95,1.77,1.77,1.847407407407408,1350.0,6.0,2494.0,1350.0,100.0,0.18,-0.18,1354665600.0
2012-12-04,1.85,2.03,1.85,1.86,1.8569696969696967,825.0,25.0,1532.0,825.0,100.0,0.18,0.01,1354579200.0
2012-12-03,2.04,2.04,1.86,1.94,2.0163934426229506,3965.0,13.0,7995.0,3965.0,100.0,0.18,-0.1,1354492800.0
2012-11-30,2.05,2.05,1.95,1.95,1.9444444444444444,126.0,3.0,245.0,126.0,100.0,0.1,-0.1,1354233600.0
2012-11-29,1.97,1.97,1.97,1.97,1.0,1.0,1.0,1.0,1.0,100.0,0.0,0.0,1354147200.0
2012-11-26,1.89,1.89,1.89,1.89,1.89,200.0,1.0,378.0,200.0,100.0,0.0,0.0,1353888000.0
2012-11-22,1.9,1.9,1.9,1.9,1.8992042440318304,1131.0,4.0,2148.0,1131.0,100.0,0.0,0.0,1353542400.0
2012-11-21,2.03,2.03,1.86,1.99,1.8822690540326408,6311.0,9.0,11879.0,6311.0,100.0,0.17,-0.04,1353456000.0
2012-11-20,1.95,1.95,1.95,1.95,1.0,1.0,1.0,1.0,1.0,100.0,0.0,0.0,1353369600.0
2012-11-19,1.71,1.86,1.71,1.86,1.7089397089397087,481.0,2.0,822.0,481.0,100.0,0.15,0.15,1353283200.0
2012-11-16,1.79,1.79,1.63,1.79,1.6613861386138613,505.0,5.0,839.0,505.0,100.0,0.16,0.0,1353024000.0
2012-11-15,1.71,1.71,1.71,1.71,1.6363636363636365,11.0,1.0,18.0,11.0,100.0,0.0,0.0,1352937600.0
2012-11-13,1.63,1.63,1.63,1.63,1.63,1000.0,2.0,1630.0,1000.0,100.0,0.0,0.0,1352764800.0
2012-11-09,1.71,1.71,1.55,1.56,1.596540880503145,3180.0,25.0,5077.0,3180.0,100.0,0.16,-0.15,1352419200.0
2012-11-08,1.63,1.63,1.5,1.63,1.5642086330935252,5560.0,13.0,8697.0,5560.0,100.0,0.13,0.0,1352332800.0
2012-11-07,1.43,1.57,1.43,1.57,1.4478755090875934,16451.0,50.0,23819.0,16451.0,100.0,0.14,0.14,1352246400.0
2012-11-06,1.64,1.64,1.5,1.5,1.5003322259136211,3010.0,10.0,4516.0,3010.0,100.0,0.14,-0.14,1352160000.0
2012-11-05,1.65,1.73,1.57,1.57,1.6200099335692555,32214.0,24.0,52187.0,32214.0,100.0,0.16,-0.08,1352073600.0
2012-11-02,1.65,1.65,1.65,1.65,1.6499304589707928,7190.0,11.0,11863.0,7190.0,100.0,0.0,0.0,1351814400.0
2012-11-01,1.75,1.75,1.73,1.73,1.7415272113626776,7111.0,8.0,12384.0,7111.0,100.0,0.02,-0.02,1351728000.0
2012-10-31,1.82,2.0,1.82,1.82,1.8215919487648675,1093.0,11.0,1991.0,1093.0,100.0,0.18,0.0,1351641600.0
2012-10-30,1.92,1.92,1.91,1.91,1.913793103448276,232.0,4.0,444.0,232.0,100.0,0.01,-0.01,1351555200.0
2012-10-29,2.0,2.0,2.0,2.0,2.0,111.0,2.0,222.0,111.0,100.0,0.0,0.0,1351468800.0
2012-10-26,2.09,2.09,2.0,2.0,2.0,1012.0,3.0,2024.0,1012.0,100.0,0.09,-0.09,1351209600.0
2012-10-25,2.0,2.0,2.0,2.0,2.0,11128.0,6.0,22256.0,11128.0,100.0,0.0,0.0,1351123200.0
2012-10-23,1.99,2.1,1.99,2.1,2.0591655266757862,2924.0,8.0,6021.0,2924.0,100.0,0.11,0.11,1350950400.0
2012-10-19,2.09,2.09,2.09,2.09,2.09,100.0,1.0,209.0,100.0,100.0,0.0,0.0,1350604800.0
2012-10-18,2.0,2.19,2.0,2.19,2.0,351.0,7.0,702.0,351.0,100.0,0.19,0.19,1350518400.0
2012-10-17,2.1,2.1,2.1,2.1,2.1,1400.0,2.0,2940.0,1400.0,100.0,0.0,0.0,1350432000.0
2012-10-16,2.2,2.2,2.2,2.2,2.2,5.0,1.0,11.0,5.0,100.0,0.0,0.0,1350345600.0
2012-10-15,2.3,2.3,2.3,2.3,2.2,5.0,1.0,11.0,5.0,100.0,0.0,0.0,1350259200.0
2012-10-10,2.48,2.48,2.3,2.4,2.2994011976047903,1002.0,3.0,2304.0,1002.0,100.0,0.18,-0.08,1349827200.0
2012-10-03,2.38,2.38,2.38,2.38,2.379207920792079,1010.0,4.0,2403.0,1010.0,100.0,0.0,0.0,1349222400.0
2012-10-01,2.5,2.5,2.5,2.5,2.5,100.0,1.0,250.0,100.0,100.0,0.0,0.0,1349049600.0
2012-09-27,2.55,2.55,2.55,2.55,2.55,200.0,2.0,510.0,200.0,100.0,0.0,0.0,1348704000.0
2012-09-25,2.66,2.66,2.66,2.66,2.6,5.0,1.0,13.0,5.0,100.0,0.0,0.0,1348531200.0
2012-09-21,2.79,2.79,2.79,2.79,2.79,100.0,1.0,279.0,100.0,100.0,0.0,0.0,1348185600.0
2012-09-18,2.66,2.66,2.66,2.66,2.66,250.0,1.0,665.0,250.0,100.0,0.0,0.0,1347926400.0
2012-09-14,2.8,2.8,2.54,2.54,2.5364238410596025,151.0,2.0,383.0,151.0,100.0,0.26,-0.26,1347580800.0
2012-09-13,2.67,2.67,2.67,2.67,2.6,5.0,1.0,13.0,5.0,100.0,0.0,0.0,1347494400.0
2012-09-11,2.54,2.8,2.54,2.8,2.547169811320755,106.0,3.0,270.0,106.0,100.0,0.26,0.26,1347321600.0
2012-09-10,2.67,2.67,2.67,2.67,2.67,200.0,1.0,534.0,200.0,100.0,0.0,0.0,1347235200.0
2012-09-08,3.08,3.08,2.81,2.81,2.8190476190476192,105.0,2.0,296.0,105.0,100.0,0.27,-0.27,1347062400.0
2012-09-07,3.24,3.24,2.95,2.95,2.9504950495049505,101.0,2.0,298.0,101.0,100.0,0.29,-0.29,1346976000.0
2012-09-05,3.1,3.1,3.1,3.1,3.0,1.0,1.0,3.0,1.0,100.0,0.0,0.0,1346803200.0
2012-09-04,2.97,2.97,2.97,2.97,2.0,1.0,1.0,2.0,1.0,100.0,0.0,0.0,1346716800.0
2012-09-03,2.84,2.84,2.84,2.84,2.8,15.0,3.0,42.0,15.0,100.0,0.0,0.0,1346630400.0
2012-08-31,2.98,2.98,2.98,2.98,2.96078431372549,51.0,3.0,151.0,51.0,100.0,0.0,0.0,1346371200.0
2012-08-30,2.84,2.84,2.84,2.84,2.836538461538461,208.0,2.0,590.0,208.0,100.0,0.0,0.0,1346284800.0
2012-08-29,2.99,2.99,2.71,2.71,2.7333333333333334,330.0,3.0,902.0,330.0,100.0,0.28,-0.28,1346198400.0
2012-08-27,3.03,3.03,2.85,2.85,2.833333333333333,6.0,2.0,17.0,6.0,100.0,0.18,-0.18,1346025600.0
2012-08-24,2.67,2.9,2.67,2.9,2.670807453416149,805.0,3.0,2150.0,805.0,100.0,0.23,0.23,1345766400.0
2012-08-23,2.84,2.84,2.79,2.8,2.7890365448504983,602.0,3.0,1679.0,602.0,100.0,0.05,-0.04,1345680000.0
2012-08-22,2.73,2.73,2.72,2.72,2.5,2.0,2.0,5.0,2.0,100.0,0.01,-0.01,1345593600.0
2012-08-16,2.52,2.78,2.52,2.6,2.583333333333333,12.0,3.0,31.0,12.0,100.0,0.26,0.08,1345075200.0
2012-08-14,2.9,2.9,2.65,2.65,2.636363636363636,11.0,2.0,29.0,11.0,100.0,0.25,-0.25,1344902400.0
2012-08-13,2.63,2.89,2.63,2.78,2.668181818181818,1540.0,8.0,4109.0,1540.0,100.0,0.26,0.15,1344816000.0
2012-08-08,2.76,2.76,2.76,2.76,2.0,1.0,1.0,2.0,1.0,100.0,0.0,0.0,1344384000.0
2012-08-03,2.9,2.9,2.9,2.9,2.9,10.0,1.0,29.0,10.0,100.0,0.0,0.0,1343952000.0
2012-08-02,3.05,3.05,3.05,3.05,3.0,10.0,1.0,30.0,10.0,100.0,0.0,0.0,1343865600.0
2012-08-01,3.2,3.2,3.2,3.2,3.2,25.0,1.0,80.0,25.0,100.0,0.0,0.0,1343779200.0
2012-07-31,3.36,3.36,3.36,3.36,3.3,10.0,1.0,33.0,10.0,100.0,0.0,0.0,1343692800.0
2012-07-30,3.53,3.53,3.53,3.53,3.5,10.0,1.0,35.0,10.0,100.0,0.0,0.0,1343606400.0
2012-07-27,3.71,3.71,3.71,3.71,3.68,25.0,1.0,92.0,25.0,100.0,0.0,0.0,1343347200.0
2012-07-26,3.9,3.9,3.9,3.9,3.9,50.0,1.0,195.0,50.0,100.0,0.0,0.0,1343260800.0
2012-07-25,4.51,4.51,4.1,4.1,4.09999005074122,10051.0,8.0,41209.0,10051.0,100.0,0.41,-0.41,1343174400.0
2012-07-24,4.75,4.75,4.31,4.31,4.312925170068027,147.0,4.0,634.0,147.0,100.0,0.44,-0.44,1343088000.0
2012-07-20,4.53,4.53,4.53,4.53,4.527272727272727,110.0,1.0,498.0,110.0,100.0,0.0,0.0,1342742400.0
2012-07-18,4.76,4.76,4.76,4.76,4.0,1.0,1.0,4.0,1.0,100.0,0.0,0.0,1342569600.0
2012-07-16,4.54,4.54,4.54,4.54,4.0,1.0,1.0,4.0,1.0,100.0,0.0,0.0,1342396800.0
2012-07-13,4.34,4.34,4.34,4.34,4.0,1.0,1.0,4.0,1.0,100.0,0.0,0.0,1342137600.0
2012-07-12,4.14,4.14,4.14,4.14,4.0,5.0,1.0,20.0,5.0,100.0,0.0,0.0,1342051200.0
2012-07-10,4.35,4.35,4.35,4.35,4.0,1.0,1.0,4.0,1.0,100.0,0.0,0.0,1341878400.0
2012-07-06,4.15,4.15,4.15,4.15,4.0,1.0,1.0,4.0,1.0,100.0,0.0,0.0,1341532800.0
2012-07-04,3.96,3.96,3.96,3.96,3.0,1.0,1.0,3.0,1.0,100.0,0.0,0.0,1341360000.0
2012-07-02,3.78,3.78,3.78,3.78,3.0,1.0,1.0,3.0,1.0,100.0,0.0,0.0,1341187200.0
2012-06-27,3.6,3.6,3.6,3.6,3.0,1.0,1.0,3.0,1.0,100.0,0.0,0.0,1340755200.0
2012-06-26,3.75,3.75,3.44,3.44,3.435643564356436,101.0,2.0,347.0,101.0,100.0,0.31,-0.31,1340668800.0
2012-06-25,4.0,4.0,3.62,3.62,3.6212624584717608,301.0,2.0,1090.0,301.0,100.0,0.38,-0.38,1340582400.0
2012-06-22,3.81,3.81,3.81,3.81,3.75,4.0,4.0,15.0,4.0,100.0,0.0,0.0,1340323200.0
2012-06-21,4.0,4.0,4.0,4.0,4.0,1.0,1.0,4.0,1.0,100.0,0.0,0.0,1340236800.0
2012-06-15,3.84,3.84,3.84,3.84,3.84,600.0,1.0,2304.0,600.0,100.0,0.0,0.0,1339718400.0
2012-06-14,4.04,4.04,4.04,4.04,4.0,1.0,1.0,4.0,1.0,100.0,0.0,0.0,1339632000.0
2012-06-13,3.87,3.87,3.87,3.87,3.5,2.0,2.0,7.0,2.0,100.0,0.0,0.0,1339545600.0
2012-06-11,3.7,3.7,3.7,3.7,3.6,5.0,1.0,18.0,5.0,100.0,0.0,0.0,1339372800.0
2012-06-07,3.56,3.56,3.56,3.56,3.0,1.0,1.0,3.0,1.0,100.0,0.0,0.0,1339027200.0
2012-06-06,3.4,3.4,3.4,3.4,3.0,1.0,1.0,3.0,1.0,100.0,0.0,0.0,1338940800.0
2012-06-05,3.25,3.25,3.25,3.25,3.25,1500.0,1.0,4875.0,1500.0,100.0,0.0,0.0,1338854400.0
2012-05-31,3.74,3.74,3.41,3.41,3.407766990291262,103.0,4.0,351.0,103.0,100.0,0.33,-0.33,1338422400.0
2012-05-23,3.58,3.58,3.58,3.58,3.58,500.0,1.0,1790.0,500.0,100.0,0.0,0.0,1337731200.0
2012-05-22,3.76,3.76,3.76,3.76,3.0,1.0,1.0,3.0,1.0,100.0,0.0,0.0,1337644800.0
2012-05-15,3.59,3.59,3.59,3.59,3.0,1.0,1.0,3.0,1.0,100.0,0.0,0.0,1337040000.0
2012-05-14,3.44,3.44,3.44,3.44,3.0,1.0,1.0,3.0,1.0,100.0,0.0,0.0,1336953600.0
2012-05-10,3.29,3.29,3.29,3.29,3.29,1000.0,1.0,3290.0,1000.0,100.0,0.0,0.0,1336608000.0
2012-05-09,3.19,3.19,3.19,3.19,3.0,1.0,1.0,3.0,1.0,100.0,0.0,0.0,1336521600.0
2012-05-08,3.36,3.36,3.05,3.05,3.268476089766185,8511.0,7.0,27818.0,8511.0,100.0,0.31,-0.31,1336435200.0
2012-05-07,3.21,3.21,3.21,3.21,3.0,1.0,1.0,3.0,1.0,100.0,0.0,0.0,1336348800.0
2012-05-04,3.07,3.07,3.07,3.07,3.0,1.0,1.0,3.0,1.0,100.0,0.0,0.0,1336089600.0
2012-05-02,2.94,2.94,2.94,2.94,2.8,5.0,2.0,14.0,5.0,100.0,0.0,0.0,1335916800.0
2012-04-26,2.81,2.81,2.81,2.81,2.0,1.0,1.0,2.0,1.0,100.0,0.0,0.0,1335398400.0
2012-04-19,2.69,2.69,2.69,2.69,2.69,2000.0,1.0,5380.0,2000.0,100.0,0.0,0.0,1334793600.0
2012-04-18,2.57,2.57,2.57,2.57,2.0,1.0,1.0,2.0,1.0,100.0,0.0,0.0,1334707200.0
2012-04-17,2.6,2.6,2.46,2.46,2.5066666666666664,1500.0,3.0,3760.0,1500.0,100.0,0.14,-0.14,1334620800.0
2012-04-16,2.7,2.7,2.47,2.58,2.4729400292540222,2051.0,6.0,5072.0,2051.0,100.0,0.23,-0.12,1334534400.0
2012-04-12,2.59,2.59,2.59,2.59,2.5,10.0,1.0,25.0,10.0,100.0,0.0,0.0,1334188800.0
2012-04-11,2.25,2.47,2.25,2.47,2.252941176470588,510.0,6.0,1149.0,510.0,100.0,0.22,0.22,1334102400.0
2012-04-10,2.14,2.36,2.14,2.36,2.180327868852459,1342.0,3.0,2926.0,1342.0,100.0,0.22,0.22,1334016000.0
2012-04-09,2.25,2.25,2.25,2.25,2.2495049504950493,1010.0,2.0,2272.0,1010.0,100.0,0.0,0.0,1333929600.0
2012-04-04,2.28,2.28,2.28,2.28,2.2,5.0,1.0,11.0,5.0,100.0,0.0,0.0,1333497600.0
2012-03-30,2.19,2.19,2.19,2.19,2.16,25.0,1.0,54.0,25.0,100.0,0.0,0.0,1333065600.0
2012-03-27,2.09,2.29,2.09,2.09,2.089068825910932,494.0,4.0,1032.0,494.0,100.0,0.2,0.0,1332806400.0
2012-03-26,2.27,2.27,2.19,2.19,2.203076923076923,650.0,4.0,1432.0,650.0,100.0,0.08,-0.08,1332720000.0
2012-03-23,2.17,2.17,2.17,2.17,2.17,900.0,2.0,1953.0,900.0,100.0,0.0,0.0,1332460800.0
2012-03-22,1.98,2.07,1.89,2.07,2.0487711213517663,26040.0,6.0,53350.0,26040.0,100.0,0.18,0.09,1332374400.0
2012-03-21,1.99,2.17,1.98,1.98,1.996532793990176,3461.0,7.0,6910.0,3461.0,100.0,0.19,-0.01,1332288000.0
2012-03-19,1.9,2.08,1.9,2.08,1.9465240641711228,561.0,8.0,1092.0,561.0,100.0,0.18,0.18,1332115200.0
2012-03-16,1.86,2.04,1.86,1.99,1.8740162915918817,14486.0,25.0,27147.0,14486.0,100.0,0.18,0.13,1331856000.0
2012-03-15,1.98,2.14,1.95,1.95,1.954046329723225,13296.0,17.0,25981.0,13296.0,100.0,0.19,-0.03,1331769600.0
2012-03-14,2.1,2.19,2.05,2.05,2.1605504587155964,654.0,4.0,1413.0,654.0,100.0,0.14,-0.05,1331683200.0
2012-03-13,2.16,2.24,2.13,2.13,2.1651629338711387,9421.0,16.0,20398.0,9421.0,100.0,0.11,-0.03,1331596800.0
2012-03-12,2.45,2.45,2.24,2.24,2.242622950819672,305.0,4.0,684.0,305.0,100.0,0.21,-0.21,1331510400.0
2012-03-09,2.29,2.39,2.2,2.35,2.274811375507835,3446.0,9.0,7839.0,3446.0,100.0,0.19,0.06,1331251200.0
2012-03-07,2.31,2.52,2.29,2.29,2.302850356294537,4210.0,12.0,9695.0,4210.0,100.0,0.23,-0.02,1331078400.0
2012-03-06,2.41,2.5,2.41,2.41,2.4489473684210528,9500.0,4.0,23265.0,9500.0,100.0,0.09,0.0,1330992000.0
2012-03-05,2.53,2.53,2.53,2.53,2.53,600.0,1.0,1518.0,600.0,100.0,0.0,0.0,1330905600.0
2012-03-02,2.9,2.9,2.66,2.66,2.6690856313497826,5512.0,10.0,14712.0,5512.0,100.0,0.24,-0.24,1330646400.0
2012-03-01,2.79,2.79,2.79,2.79,2.0,1.0,1.0,2.0,1.0,100.0,0.0,0.0,1330560000.0
2012-02-29,2.67,2.67,2.67,2.67,2.669268292682927,1025.0,3.0,2736.0,1025.0,100.0,0.0,0.0,1330473600.0
2012-02-27,2.67,2.67,2.67,2.67,2.67,2000.0,1.0,5340.0,2000.0,100.0,0.0,0.0,1330300800.0
2012-02-24,2.8,2.8,2.8,2.8,2.7997583811537297,3311.0,5.0,9270.0,3311.0,100.0,0.0,0.0,1330041600.0
2012-02-23,3.22,3.23,2.94,2.94,3.2243285939968405,2532.0,5.0,8164.0,2532.0,100.0,0.29,-0.28,1329955200.0
2012-02-22,3.09,3.09,3.09,3.09,3.0,11.0,1.0,33.0,11.0,100.0,0.0,0.0,1329868800.0
2012-02-13,3.25,3.25,3.25,3.25,3.25,1000.0,1.0,3250.0,1000.0,100.0,0.0,0.0,1329091200.0
2012-02-10,3.43,3.43,3.11,3.11,3.1065573770491803,122.0,3.0,379.0,122.0,100.0,0.32,-0.32,1328832000.0
2012-02-09,3.42,3.42,3.27,3.27,3.272727272727273,22.0,2.0,72.0,22.0,100.0,0.15,-0.15,1328745600.0
2012-02-08,3.27,3.27,3.27,3.27,3.238095238095238,21.0,1.0,68.0,21.0,100.0,0.0,0.0,1328659200.0
2012-02-07,3.44,3.44,3.44,3.44,3.4285714285714284,21.0,1.0,72.0,21.0,100.0,0.0,0.0,1328572800.0
2012-02-06,3.62,3.62,3.62,3.62,3.5454545454545454,11.0,1.0,39.0,11.0,100.0,0.0,0.0,1328486400.0
2012-02-03,3.81,3.81,3.81,3.81,3.793103448275863,29.0,2.0,110.0,29.0,100.0,0.0,0.0,1328227200.0
2012-02-02,4.0,4.0,4.0,4.0,4.0,5.0,1.0,20.0,5.0,100.0,0.0,0.0,1328140800.0
2012-01-20,4.2,4.2,4.2,4.2,4.0,1.0,1.0,4.0,1.0,100.0,0.0,0.0,1327017600.0
2012-01-19,4.03,4.03,4.02,4.02,4.0,5.0,2.0,20.0,5.0,100.0,0.01,-0.01,1326931200.0
2012-01-18,3.9,3.9,3.85,3.85,3.8415841584158414,101.0,2.0,388.0,101.0,100.0,0.05,-0.05,1326844800.0
2012-01-17,4.03,4.03,4.02,4.02,4.0,2.0,2.0,8.0,2.0,100.0,0.01,-0.01,1326758400.0
2012-01-16,3.86,3.86,3.86,3.86,3.0,1.0,1.0,3.0,1.0,100.0,0.0,0.0,1326672000.0
2012-01-12,3.81,3.9,3.81,3.9,3.5,2.0,2.0,7.0,2.0,100.0,0.09,0.09,1326326400.0
2012-01-11,3.63,4.0,3.63,4.0,3.5,2.0,2.0,7.0,2.0,100.0,0.37,0.37,1326240000.0
2012-01-10,3.82,3.82,3.82,3.82,3.82,10000.0,1.0,38200.0,10000.0,100.0,0.0,0.0,1326153600.0
2012-01-07,4.0,4.0,4.0,4.0,4.0,1.0,1.0,4.0,1.0,100.0,0.0,0.0,1325894400.0
2012-01-06,4.0,4.0,4.0,4.0,4.0,1.0,1.0,4.0,1.0,100.0,0.0,0.0,1325808000.0
2011-12-28,4.09,4.09,4.09,4.09,4.0,1.0,1.0,4.0,1.0,100.0,0.0,0.0,1325030400.0
2011-12-27,3.9,3.9,3.9,3.9,3.0,1.0,1.0,3.0,1.0,100.0,0.0,0.0,1324944000.0
2011-12-26,3.73,3.73,3.73,3.73,3.0,1.0,1.0,3.0,1.0,100.0,0.0,0.0,1324857600.0
2011-12-23,3.56,3.56,3.56,3.56,3.0,1.0,1.0,3.0,1.0,100.0,0.0,0.0,1324598400.0
2011-12-21,3.4,3.4,3.4,3.4,3.4,5000.0,1.0,17000.0,5000.0,100.0,0.0,0.0,1324425600.0
2011-12-20,3.44,3.44,3.44,3.44,3.0,1.0,1.0,3.0,1.0,100.0,0.0,0.0,1324339200.0
2011-12-19,3.62,3.62,3.28,3.28,3.2772277227722766,101.0,2.0,331.0,101.0,100.0,0.34,-0.34,1324252800.0
2011-12-16,3.45,3.45,3.45,3.45,3.0,1.0,1.0,3.0,1.0,100.0,0.0,0.0,1323993600.0
2011-12-15,3.3,3.3,3.3,3.3,3.0,1.0,1.0,3.0,1.0,100.0,0.0,0.0,1323907200.0
2011-12-14,3.29,3.29,3.29,3.29,3.0,1.0,1.0,3.0,1.0,100.0,0.0,0.0,1323820800.0
2011-12-13,3.15,3.15,3.14,3.14,3.090909090909091,11.0,2.0,34.0,11.0,100.0,0.01,-0.01,1323734400.0
2011-12-12,3.0,3.0,2.86,3.0,2.934325744308232,1142.0,7.0,3351.0,1142.0,100.0,0.14,0.0,1323648000.0
2011-12-09,3.0,3.0,3.0,3.0,3.0,6.0,2.0,18.0,6.0,100.0,0.0,0.0,1323388800.0
2011-12-08,3.01,3.01,2.74,3.0,2.6666666666666665,3.0,3.0,8.0,3.0,100.0,0.27,-0.01,1323302400.0
2011-12-07,2.88,2.88,2.88,2.88,2.0,1.0,1.0,2.0,1.0,100.0,0.0,0.0,1323216000.0
2011-12-05,2.75,3.02,2.75,2.75,2.7497630331753555,1055.0,6.0,2901.0,1055.0,100.0,0.27,0.0,1323043200.0
2011-12-02,2.9,3.18,2.89,2.89,2.899631854291804,5161.0,8.0,14965.0,5161.0,100.0,0.29,-0.01,1322784000.0
2011-12-01,3.03,3.04,2.76,3.04,2.7830423940149625,1203.0,8.0,3348.0,1203.0,100.0,0.28,0.01,1322697600.0
2011-11-30,2.66,2.9,2.66,2.9,2.660650982919756,3103.0,4.0,8256.0,3103.0,100.0,0.24,0.24,1322611200.0
2011-11-29,3.06,3.06,2.78,2.78,2.8,15.0,7.0,42.0,15.0,100.0,0.28,-0.28,1322524800.0
2011-11-28,2.93,2.93,2.67,2.92,2.670785173375847,5018.0,10.0,13402.0,5018.0,100.0,0.26,-0.01,1322438400.0
2011-11-25,2.8,2.8,2.8,2.8,2.0,1.0,1.0,2.0,1.0,100.0,0.0,0.0,1322179200.0
2011-11-24,2.94,2.94,2.67,2.94,2.723107569721116,502.0,5.0,1367.0,502.0,100.0,0.27,0.0,1322092800.0
2011-11-23,2.8,2.8,2.8,2.8,2.0,1.0,1.0,2.0,1.0,100.0,0.0,0.0,1322006400.0
2011-11-22,2.94,2.94,2.94,2.94,2.94,1000.0,1.0,2940.0,1000.0,100.0,0.0,0.0,1321920000.0
2011-11-21,3.11,3.11,2.83,2.83,2.901408450704225,71.0,3.0,206.0,71.0,100.0,0.28,-0.28,1321833600.0
2011-11-18,2.95,2.97,2.95,2.97,2.962857142857142,350.0,4.0,1037.0,350.0,100.0,0.02,0.02,1321574400.0
2011-11-17,3.11,3.11,2.83,2.83,2.8669371196754563,2465.0,8.0,7067.0,2465.0,100.0,0.28,-0.28,1321488000.0
2011-11-16,2.73,2.99,2.73,2.97,2.735111111111112,1125.0,9.0,3077.0,1125.0,100.0,0.26,0.24,1321401600.0
2011-11-15,3.0,3.0,2.86,2.86,2.862745098039216,51.0,2.0,146.0,51.0,100.0,0.14,-0.14,1321315200.0
2011-11-14,3.0,3.0,3.0,3.0,3.0,1.0,1.0,3.0,1.0,100.0,0.0,0.0,1321228800.0
2011-11-11,2.94,3.09,2.94,3.0,2.9415774099318406,1027.0,5.0,3021.0,1027.0,100.0,0.15,0.06,1320969600.0
2011-11-09,3.38,3.38,3.09,3.09,3.0,2.0,2.0,6.0,2.0,100.0,0.29,-0.29,1320796800.0
2011-11-08,3.25,3.25,2.95,3.25,2.9504950495049505,202.0,5.0,596.0,202.0,100.0,0.3,0.0,1320710400.0
2011-11-04,3.1,3.1,3.1,3.1,3.0,1.0,1.0,3.0,1.0,100.0,0.0,0.0,1320364800.0
2011-11-03,2.8,3.0,2.77,2.97,2.8049822064056937,1405.0,15.0,3941.0,1405.0,100.0,0.23,0.17,1320278400.0
2011-11-02,3.19,3.2,2.9,2.9,2.903125,6400.0,14.0,18580.0,6400.0,100.0,0.3,-0.29,1320192000.0
2011-11-01,3.05,3.05,3.05,3.05,3.05,1000.0,3.0,3050.0,1000.0,100.0,0.0,0.0,1320105600.0
2011-10-31,3.5,3.51,3.19,3.19,3.1964601769911503,1130.0,16.0,3612.0,1130.0,100.0,0.32,-0.31,1320019200.0
2011-10-28,3.58,3.58,3.28,3.35,3.354945968412302,1203.0,9.0,4036.0,1203.0,100.0,0.3,-0.23,1319760000.0
2011-10-26,3.44,3.44,3.44,3.44,3.431372549019608,51.0,2.0,175.0,51.0,100.0,0.0,0.0,1319587200.0
2011-10-25,3.62,3.62,3.62,3.62,3.6167247386759582,287.0,3.0,1038.0,287.0,100.0,0.0,0.0,1319500800.0
2011-10-24,3.8,3.8,3.8,3.8,3.0,1.0,1.0,3.0,1.0,100.0,0.0,0.0,1319414400.0
2011-10-21,3.99,3.99,3.99,3.99,3.9803921568627447,51.0,2.0,203.0,51.0,100.0,0.0,0.0,1319155200.0
2011-10-20,4.19,4.19,4.19,4.19,4.0,1.0,1.0,4.0,1.0,100.0,0.0,0.0,1319068800.0
2011-10-19,4.86,4.86,4.4,4.4,4.400398406374501,502.0,5.0,2209.0,502.0,100.0,0.46,-0.46,1318982400.0
2011-10-18,5.09,5.09,4.63,4.63,4.634615384615385,52.0,3.0,241.0,52.0,100.0,0.46,-0.46,1318896000.0
2011-10-12,4.87,4.87,4.87,4.87,4.0,1.0,1.0,4.0,1.0,100.0,0.0,0.0,1318377600.0
2011-09-30,4.64,4.64,4.64,4.64,4.637209302325581,215.0,2.0,997.0,215.0,100.0,0.0,0.0,1317340800.0
2011-09-28,4.88,4.88,4.88,4.88,4.0,1.0,1.0,4.0,1.0,100.0,0.0,0.0,1317168000.0
2011-09-26,4.66,4.66,4.66,4.66,4.0,1.0,1.0,4.0,1.0,100.0,0.0,0.0,1316995200.0
2011-09-21,4.45,4.45,4.45,4.45,4.4,5.0,2.0,22.0,5.0,100.0,0.0,0.0,1316563200.0
2011-09-20,3.99,4.25,3.99,4.25,3.990099009900991,101.0,2.0,403.0,101.0,100.0,0.26,0.26,1316476800.0
2011-09-16,4.19,4.19,4.19,4.19,4.0,1.0,1.0,4.0,1.0,100.0,0.0,0.0,1316131200.0
2011-09-15,4.0,4.0,4.0,4.0,4.0,1.0,1.0,4.0,1.0,100.0,0.0,0.0,1316044800.0
2011-09-14,4.4,4.4,4.2,4.2,4.196721311475409,122.0,6.0,512.0,122.0,100.0,0.2,-0.2,1315958400.0
2011-09-13,4.2,4.2,4.2,4.2,4.2,105.0,5.0,441.0,105.0,100.0,0.0,0.0,1315872000.0
2011-09-08,4.42,4.42,4.42,4.42,4.42,1000.0,1.0,4420.0,1000.0,100.0,0.0,0.0,1315440000.0
2011-09-07,4.65,4.65,4.65,4.65,4.0,1.0,1.0,4.0,1.0,100.0,0.0,0.0,1315353600.0
2011-08-30,4.44,4.44,4.44,4.44,4.0,1.0,1.0,4.0,1.0,100.0,0.0,0.0,1314662400.0
2011-08-26,4.24,4.24,4.24,4.24,4.23976023976024,1001.0,2.0,4244.0,1001.0,100.0,0.0,0.0,1314316800.0
2011-08-25,4.46,4.46,4.46,4.46,4.0,1.0,1.0,4.0,1.0,100.0,0.0,0.0,1314230400.0
2011-08-23,4.26,4.26,4.26,4.26,4.0,1.0,1.0,4.0,1.0,100.0,0.0,0.0,1314057600.0
2011-08-22,3.93,4.08,3.9,4.08,3.903193612774451,1002.0,4.0,3911.0,1002.0,100.0,0.18,0.15,1313971200.0
2011-08-19,3.93,3.93,3.93,3.93,3.0,1.0,1.0,3.0,1.0,100.0,0.0,0.0,1313712000.0
2011-08-18,3.76,3.76,3.76,3.76,3.75,20.0,1.0,75.0,20.0,100.0,0.0,0.0,1313625600.0
2011-08-17,3.95,3.95,3.95,3.95,3.9466666666666654,150.0,2.0,592.0,150.0,100.0,0.0,0.0,1313539200.0
2011-08-10,4.5,4.5,4.1,4.1,4.105769230769231,104.0,4.0,427.0,104.0,100.0,0.4,-0.4,1312934400.0
2011-08-09,4.31,4.31,4.31,4.31,4.28,25.0,1.0,107.0,25.0,100.0,0.0,0.0,1312848000.0
2011-08-08,4.31,4.53,4.31,4.53,4.4,10.0,2.0,44.0,10.0,100.0,0.22,0.22,1312761600.0
2011-07-29,4.53,4.53,4.53,4.53,4.53,1000.0,1.0,4530.0,1000.0,100.0,0.0,0.0,1311897600.0
2011-07-27,4.5,4.5,4.33,4.33,4.331683168316832,1010.0,2.0,4375.0,1010.0,100.0,0.17,-0.17,1311724800.0
2011-07-26,4.33,4.33,4.33,4.33,4.0,1.0,1.0,4.0,1.0,100.0,0.0,0.0,1311638400.0
2011-07-25,4.15,4.15,4.15,4.15,4.0,1.0,1.0,4.0,1.0,100.0,0.0,0.0,1311552000.0
2011-07-22,3.98,3.98,3.98,3.98,3.0,1.0,1.0,3.0,1.0,100.0,0.0,0.0,1311292800.0
2011-07-21,3.68,3.8,3.68,3.8,3.682926829268293,1025.0,3.0,3775.0,1025.0,100.0,0.12,0.12,1311206400.0
2011-07-20,3.98,3.98,3.71,3.87,3.7944618898087352,10509.0,14.0,39876.0,10509.0,100.0,0.27,-0.11,1311120000.0
2011-07-19,3.95,3.95,3.59,3.9,3.592393392239724,5206.0,12.0,18702.0,5206.0,100.0,0.36,-0.05,1311033600.0
2011-07-15,3.77,3.77,3.77,3.77,3.0,1.0,1.0,3.0,1.0,100.0,0.0,0.0,1310688000.0
2011-07-14,3.83,3.83,3.48,3.6,3.4903846153846154,104.0,5.0,363.0,104.0,100.0,0.35,-0.23,1310601600.0
2011-07-13,4.03,4.03,3.66,3.66,3.6538461538461537,26.0,2.0,95.0,26.0,100.0,0.37,-0.37,1310515200.0
2011-07-11,3.98,3.98,3.84,3.85,3.864864864864865,111.0,5.0,429.0,111.0,100.0,0.14,-0.13,1310342400.0
2011-07-08,3.89,3.89,3.85,3.85,3.8742738589211614,4820.0,11.0,18674.0,4820.0,100.0,0.04,-0.04,1310083200.0
2011-07-07,3.5,3.74,3.5,3.71,3.5568181818181817,176.0,4.0,626.0,176.0,100.0,0.24,0.21,1309996800.0
2011-07-06,3.78,3.78,3.57,3.57,3.628571428571429,35.0,2.0,127.0,35.0,100.0,0.21,-0.21,1309910400.0
2011-07-05,3.61,3.61,3.61,3.61,3.6,10.0,1.0,36.0,10.0,100.0,0.0,0.0,1309824000.0
2011-07-04,3.65,3.65,3.65,3.65,3.6,10.0,1.0,36.0,10.0,100.0,0.0,0.0,1309737600.0
2011-07-01,3.57,3.57,3.24,3.48,3.3222816399286987,2805.0,13.0,9319.0,2805.0,100.0,0.33,-0.09,1309478400.0
2011-06-30,3.68,3.68,3.4,3.4,3.432242990654206,856.0,4.0,2938.0,856.0,100.0,0.28,-0.28,1309392000.0
2011-06-29,3.57,3.57,3.57,3.57,3.57,900.0,3.0,3213.0,900.0,100.0,0.0,0.0,1309305600.0
2011-06-28,4.0,4.0,3.75,3.75,3.8013245033112577,151.0,4.0,574.0,151.0,100.0,0.25,-0.25,1309219200.0
2011-06-27,4.19,4.19,3.82,3.93,4.0,3.0,3.0,12.0,3.0,100.0,0.37,-0.26,1309132800.0
2011-06-24,4.02,4.02,4.02,4.02,4.0,1.0,1.0,4.0,1.0,100.0,0.0,0.0,1308873600.0
2011-06-23,4.03,4.03,3.83,3.83,3.8571428571428568,7.0,2.0,27.0,7.0,100.0,0.2,-0.2,1308787200.0
2011-06-22,3.84,3.84,3.84,3.84,3.84,300.0,1.0,1152.0,300.0,100.0,0.0,0.0,1308700800.0
2011-06-21,4.15,4.15,4.04,4.04,4.03960396039604,101.0,2.0,408.0,101.0,100.0,0.11,-0.11,1308614400.0
2011-06-20,4.04,4.04,4.03,4.03,4.022222222222222,90.0,4.0,362.0,90.0,100.0,0.01,-0.01,1308528000.0
2011-06-17,3.87,3.87,3.87,3.87,3.0,1.0,1.0,3.0,1.0,100.0,0.0,0.0,1308268800.0
2011-06-16,3.7,3.7,3.55,3.69,3.5735294117647056,612.0,8.0,2187.0,612.0,100.0,0.15,-0.01,1308182400.0
2011-06-15,3.56,3.56,3.24,3.53,3.4628378378378377,1480.0,12.0,5125.0,1480.0,100.0,0.32,-0.03,1308096000.0
2011-06-14,3.16,3.48,3.16,3.4,3.182761431853553,13493.0,35.0,42945.0,13493.0,100.0,0.32,0.24,1308009600.0
2011-06-13,3.32,3.32,3.32,3.32,3.3182795698924727,465.0,10.0,1543.0,465.0,100.0,0.0,0.0,1307923200.0
2011-06-10,3.49,3.49,3.49,3.49,3.488822652757079,671.0,3.0,2341.0,671.0,100.0,0.0,0.0,1307664000.0
2011-06-03,3.67,3.67,3.67,3.67,3.6,5.0,1.0,18.0,5.0,100.0,0.0,0.0,1307059200.0
2011-06-02,3.86,3.86,3.86,3.86,3.86,1000.0,3.0,3860.0,1000.0,100.0,0.0,0.0,1306972800.0
2011-05-25,4.06,4.06,4.06,4.06,4.0,1.0,1.0,4.0,1.0,100.0,0.0,0.0,1306281600.0
2011-05-17,4.27,4.27,3.88,3.88,3.8798709357160575,4029.0,6.0,15632.0,4029.0,100.0,0.39,-0.39,1305590400.0
2011-05-12,4.08,4.08,4.08,4.08,4.0,1.0,1.0,4.0,1.0,100.0,0.0,0.0,1305158400.0
2011-05-11,3.89,3.89,3.89,3.89,3.8,5.0,1.0,19.0,5.0,100.0,0.0,0.0,1305072000.0
2011-05-06,4.09,4.09,4.09,4.09,4.09,1000.0,1.0,4090.0,1000.0,100.0,0.0,0.0,1304640000.0
2011-04-29,4.3,4.3,4.3,4.3,4.3,10.0,2.0,43.0,10.0,100.0,0.0,0.0,1304035200.0
2011-04-28,4.11,4.11,4.11,4.11,4.066666666666666,15.0,2.0,61.0,15.0,100.0,0.0,0.0,1303948800.0
2011-04-25,3.93,3.93,3.93,3.93,3.93,500.0,1.0,1965.0,500.0,100.0,0.0,0.0,1303689600.0
2011-04-15,4.13,4.13,4.13,4.13,4.0,3.0,1.0,12.0,3.0,100.0,0.0,0.0,1302825600.0
2011-04-13,3.92,4.05,3.92,3.98,3.9288753799392095,1645.0,20.0,6463.0,1645.0,100.0,0.13,0.06,1302652800.0
2011-04-11,4.05,4.15,4.05,4.12,4.100189573459716,10550.0,5.0,43257.0,10550.0,100.0,0.1,0.07,1302480000.0
2011-04-08,4.07,4.07,4.07,4.07,4.0,1.0,1.0,4.0,1.0,100.0,0.0,0.0,1302220800.0
2011-04-06,4.02,4.02,3.66,3.9,3.665927568366593,1353.0,12.0,4960.0,1353.0,100.0,0.36,-0.12,1302048000.0
2011-04-05,3.57,3.85,3.57,3.85,3.5814634146341464,1025.0,4.0,3671.0,1025.0,100.0,0.28,0.28,1301961600.0
2011-04-04,3.5,3.75,3.5,3.75,3.5104761904761905,525.0,3.0,1843.0,525.0,100.0,0.25,0.25,1301875200.0
2011-03-30,3.68,3.68,3.68,3.68,3.6,10.0,1.0,36.0,10.0,100.0,0.0,0.0,1301443200.0
2011-03-28,3.52,3.52,3.52,3.52,3.52,2000.0,1.0,7040.0,2000.0,100.0,0.0,0.0,1301270400.0
2011-03-25,3.14,3.38,3.14,3.38,3.175718849840256,626.0,8.0,1988.0,626.0,100.0,0.24,0.24,1301011200.0
2011-03-24,3.29,3.42,3.13,3.3,3.2903225806451606,620.0,7.0,2040.0,620.0,100.0,0.29,0.01,1300924800.0
2011-03-23,3.06,3.3,3.05,3.29,3.104937304075236,12760.0,24.0,39619.0,12760.0,100.0,0.25,0.23,1300838400.0
2011-03-22,3.17,3.17,3.17,3.17,3.165217391304348,115.0,3.0,364.0,115.0,100.0,0.0,0.0,1300752000.0
2011-03-21,3.33,3.33,3.33,3.33,3.0,1.0,1.0,3.0,1.0,100.0,0.0,0.0,1300665600.0
2011-03-16,3.5,3.5,3.5,3.5,3.5,50.0,2.0,175.0,50.0,100.0,0.0,0.0,1300233600.0
2011-03-15,3.34,3.66,3.33,3.65,3.574298141557928,12645.0,16.0,45197.0,12645.0,100.0,0.33,0.31,1300147200.0
2011-03-14,3.75,3.75,3.5,3.5,3.7307692307692313,26.0,2.0,97.0,26.0,100.0,0.25,-0.25,1300060800.0
2011-03-10,3.6,3.6,3.6,3.6,3.6,25.0,1.0,90.0,25.0,100.0,0.0,0.0,1299715200.0
2011-03-09,3.43,3.43,3.43,3.43,3.4,25.0,1.0,85.0,25.0,100.0,0.0,0.0,1299628800.0
2011-03-07,3.26,3.6,3.26,3.6,3.274447949526813,317.0,7.0,1038.0,317.0,100.0,0.34,0.34,1299456000.0
2011-03-04,3.43,3.43,3.43,3.43,3.427652733118971,311.0,2.0,1066.0,311.0,100.0,0.0,0.0,1299196800.0
2011-03-03,3.9,3.9,3.61,3.61,3.6142857142857134,140.0,5.0,506.0,140.0,100.0,0.29,-0.29,1299110400.0
2011-02-28,3.79,3.79,3.79,3.79,3.76,25.0,1.0,94.0,25.0,100.0,0.0,0.0,1298851200.0
2011-02-25,4.06,4.06,3.69,3.69,3.6666666666666665,3.0,2.0,11.0,3.0,100.0,0.37,-0.37,1298592000.0
2011-02-24,3.88,3.88,3.88,3.88,3.8,5.0,1.0,19.0,5.0,100.0,0.0,0.0,1298505600.0
2011-02-23,4.0,4.0,3.7,3.7,3.733333333333333,15.0,3.0,56.0,15.0,100.0,0.3,-0.3,1298419200.0
2011-02-22,4.2,4.2,3.81,3.89,3.9337805669768446,4621.0,12.0,18178.0,4621.0,100.0,0.39,-0.31,1298332800.0
2011-02-21,4.0,4.24,3.86,4.0,3.884297520661157,121.0,5.0,470.0,121.0,100.0,0.38,0.0,1298246400.0
2011-02-18,4.1,4.1,3.74,4.05,3.7450088731144633,9016.0,5.0,33765.0,9016.0,100.0,0.36,-0.05,1297987200.0
2011-02-17,3.93,3.93,3.93,3.93,3.93,200.0,1.0,786.0,200.0,100.0,0.0,0.0,1297900800.0
2011-02-15,4.13,4.13,4.13,4.13,4.066666666666666,15.0,2.0,61.0,15.0,100.0,0.0,0.0,1297728000.0
2011-02-14,4.0,4.0,3.81,3.95,3.904191616766467,1002.0,6.0,3912.0,1002.0,100.0,0.19,-0.05,1297641600.0
2011-02-11,4.0,4.0,4.0,4.0,4.0,20.0,1.0,80.0,20.0,100.0,0.0,0.0,1297382400.0
2011-02-10,4.0,4.2,4.0,4.0,4.0,5036.0,7.0,20144.0,5036.0,100.0,0.2,0.0,1297296000.0
2011-02-03,4.08,4.26,4.08,4.2,4.1248277762469,7258.0,9.0,29938.0,7258.0,100.0,0.18,0.12,1296691200.0
2011-02-02,4.29,4.29,4.29,4.29,4.289090909090909,550.0,1.0,2359.0,550.0,100.0,0.0,0.0,1296604800.0
2011-01-25,4.18,4.19,4.18,4.19,4.186,500.0,2.0,2093.0,500.0,100.0,0.01,0.01,1295913600.0
2011-01-24,4.07,4.07,4.07,4.07,4.0,1.0,1.0,4.0,1.0,100.0,0.0,0.0,1295827200.0
2011-01-21,4.08,4.08,4.08,4.08,4.08,50.0,1.0,204.0,50.0,100.0,0.0,0.0,1295568000.0
2011-01-18,4.09,4.09,3.71,3.96,3.883636363636364,275.0,6.0,1068.0,275.0,100.0,0.38,-0.13,1295308800.0
2011-01-17,3.9,3.9,3.9,3.9,3.9,190.0,1.0,741.0,190.0,100.0,0.0,0.0,1295222400.0
2011-01-14,4.0,4.0,4.0,4.0,4.0,700.0,2.0,2800.0,700.0,100.0,0.0,0.0,1294963200.0
2011-01-13,4.19,4.19,4.19,4.19,4.0,5.0,1.0,20.0,5.0,100.0,0.0,0.0,1294876800.0
2011-01-12,3.85,4.14,3.79,4.0,3.8626198083067087,313.0,6.0,1209.0,313.0,100.0,0.35,0.15,1294790400.0
2011-01-11,3.96,3.99,3.96,3.98,3.978947368421053,95.0,7.0,378.0,95.0,100.0,0.03,0.02,1294704000.0
2011-01-10,4.16,4.16,4.16,4.16,4.0,1.0,1.0,4.0,1.0,100.0,0.0,0.0,1294617600.0
2011-01-07,3.98,3.98,3.88,3.98,3.950347567030785,1007.0,5.0,3978.0,1007.0,100.0,0.1,0.0,1294358400.0
2011-01-06,4.08,4.08,4.08,4.08,4.0,10.0,2.0,40.0,10.0,100.0,0.0,0.0,1294272000.0
2011-01-05,3.97,3.97,3.61,3.96,3.72618254497002,1501.0,5.0,5593.0,1501.0,100.0,0.36,-0.01,1294185600.0
2011-01-04,4.03,4.04,3.66,3.79,3.7668234149505433,6167.0,33.0,23230.0,6167.0,100.0,0.38,-0.24,1294099200.0
2011-01-03,3.51,3.85,3.5,3.85,3.508960573476702,5580.0,12.0,19580.0,5580.0,100.0,0.35,0.34,1294012800.0
2010-12-31,3.52,3.68,3.52,3.68,3.578374455732946,1378.0,8.0,4931.0,1378.0,100.0,0.16,0.16,1293753600.0
2010-12-30,3.52,3.7,3.52,3.7,3.6124113475177295,5640.0,11.0,20374.0,5640.0,100.0,0.18,0.18,1293667200.0
2010-12-29,3.6,3.9,3.56,3.7,3.589541715628672,8510.0,7.0,30547.0,8510.0,100.0,0.34,0.1,1293580800.0
2010-12-28,3.59,3.94,3.58,3.74,3.59375,1440.0,7.0,5175.0,1440.0,100.0,0.36,0.15,1293494400.0
2010-12-27,3.76,3.76,3.76,3.76,3.76,100.0,3.0,376.0,100.0,100.0,0.0,0.0,1293408000.0
2010-12-23,3.81,3.94,3.81,3.94,3.84,250.0,5.0,960.0,250.0,100.0,0.13,0.13,1293062400.0
2010-12-22,4.18,4.18,3.81,4.0,3.910303146584804,10424.0,8.0,40761.0,10424.0,100.0,0.37,-0.18,1292976000.0
2010-12-16,3.9,4.0,3.8,4.0,3.8070669168230142,3198.0,11.0,12175.0,3198.0,100.0,0.2,0.1,1292457600.0
2010-12-15,3.86,4.06,3.86,3.99,3.993888888888889,1800.0,6.0,7189.0,1800.0,100.0,0.2,0.13,1292371200.0
2010-12-14,4.46,4.46,4.06,4.06,4.238095238095238,21.0,2.0,89.0,21.0,100.0,0.4,-0.4,1292284800.0
2010-12-10,4.27,4.27,4.27,4.27,4.27,200.0,2.0,854.0,200.0,100.0,0.0,0.0,1291939200.0
2010-12-06,4.49,4.49,4.49,4.49,4.49,1000.0,1.0,4490.0,1000.0,100.0,0.0,0.0,1291593600.0
2010-12-03,4.5,4.5,4.5,4.5,4.0,1.0,1.0,4.0,1.0,100.0,0.0,0.0,1291334400.0
2010-12-02,4.3,4.3,4.3,4.3,4.0,1.0,1.0,4.0,1.0,100.0,0.0,0.0,1291248000.0
2010-12-01,4.09,4.11,4.09,4.11,4.0884210526315785,475.0,3.0,1942.0,475.0,100.0,0.02,0.02,1291161600.0
2010-11-30,4.11,4.11,4.11,4.11,4.0,2.0,2.0,8.0,2.0,100.0,0.0,0.0,1291075200.0
2010-11-26,3.8,3.93,3.8,3.93,3.814465408805032,318.0,5.0,1213.0,318.0,100.0,0.13,0.13,1290729600.0
2010-11-25,3.98,3.99,3.8,3.99,3.9616810877626696,809.0,6.0,3205.0,809.0,100.0,0.19,0.01,1290643200.0
2010-11-24,3.9,3.98,3.9,3.98,3.8990099009900994,505.0,4.0,1969.0,505.0,100.0,0.08,0.08,1290556800.0
2010-11-23,4.03,4.1,4.03,4.1,4.0302487562189055,5025.0,2.0,20252.0,5025.0,100.0,0.07,0.07,1290470400.0
2010-11-22,3.56,4.24,3.56,4.24,3.8864168618266977,2562.0,15.0,9957.0,2135.0,83.33,0.68,0.68,1290384000.0
2010-11-19,4.5,4.5,3.56,4.29,4.265126250595522,4198.0,4.0,17905.0,4173.0,99.4,0.94,-0.21,1290124800.0
2010-11-18,3.86,4.3,3.7,4.15,3.9022864959937458,5117.0,25.0,19968.0,4347.0,84.95,0.6,0.29,1290038400.0
2010-11-16,3.67,4.34,3.67,4.25,3.9284210526315775,475.0,6.0,1866.0,325.0,68.42,0.67,0.58,1289865600.0
2010-11-15,4.33,4.38,4.0,4.38,4.135048231511254,311.0,5.0,1286.0,250.0,80.39,0.38,0.05,1289779200.0
2010-11-12,3.51,4.48,3.51,4.18,3.989891355692017,10585.0,34.0,42233.0,7777.0,73.47,0.97,0.67,1289520000.0
2010-11-11,4.44,4.49,3.85,3.94,4.255667506297229,6352.0,45.0,27032.0,5050.0,79.5,0.64,-0.5,1289433600.0
2010-11-10,4.5,4.5,3.75,4.23,4.237410649747008,12451.0,38.0,52760.0,10440.0,83.85,0.75,-0.27,1289347200.0
2010-11-09,3.99,4.49,3.71,4.32,4.165872494249096,12172.0,22.0,50707.0,6150.0,50.53,0.78,0.33,1289260800.0
2010-11-08,3.73,3.97,3.73,3.97,3.8705882352941177,340.0,4.0,1316.0,340.0,100.0,0.24,0.24,1289174400.0
2010-11-05,4.5,4.5,3.55,4.0,4.008427672955976,7950.0,12.0,31867.0,7225.0,90.88,0.95,-0.5,1288915200.0
2010-11-04,3.48,3.98,3.47,3.78,3.7308484349258646,14568.0,38.0,54351.0,6337.0,43.5,0.51,0.3,1288828800.0
2010-11-03,3.66,3.85,3.62,3.79,3.738605898123324,2238.0,16.0,8367.0,2226.0,99.46,0.23,0.13,1288742400.0
2010-11-02,3.71,3.99,3.6,3.82,3.720102097989168,16063.0,51.0,59756.0,9614.0,59.85,0.39,0.11,1288656000.0
2010-11-01,3.99,4.0,3.98,3.99,3.9805118110236224,5080.0,7.0,20221.0,5005.0,98.52,0.02,0.0,1288569600.0
2010-10-29,3.99,3.99,3.6,3.67,3.8368090036411777,9063.0,45.0,34773.0,5458.0,60.22,0.39,-0.32,1288310400.0
2010-10-28,4.32,4.32,3.61,3.98,3.8729850620305513,11849.0,57.0,45891.0,10800.0,91.15,0.71,-0.34,1288224000.0
2010-10-27,4.2,4.2,3.66,3.94,3.7609195402298847,435.0,7.0,1636.0,300.0,68.97,0.54,-0.26,1288137600.0
2010-10-26,4.25,4.25,3.71,3.86,3.782995951417004,1235.0,15.0,4672.0,1000.0,80.97,0.54,-0.39,1288051200.0
2010-10-25,4.3,4.3,3.71,3.88,3.954020618556701,4850.0,26.0,19177.0,4525.0,93.3,0.59,-0.42,1287964800.0
2010-10-22,4.25,4.25,3.7,3.94,3.8325229605618576,1851.0,13.0,7094.0,1100.0,59.43,0.55,-0.31,1287705600.0
2010-10-21,3.72,3.9,3.72,3.9,3.733846153846154,13000.0,5.0,48540.0,12000.0,92.31,0.18,0.18,1287619200.0
2010-10-20,4.0,4.0,3.67,3.97,3.6906976744186046,430.0,3.0,1587.0,425.0,98.84,0.33,-0.03,1287532800.0
2010-10-19,3.99,3.99,3.7,3.85,3.816723940435281,1746.0,25.0,6664.0,1746.0,100.0,0.29,-0.14,1287446400.0
2010-10-18,4.0,4.0,3.7,3.79,3.736299765807962,2135.0,15.0,7977.0,1725.0,80.8,0.3,-0.21,1287360000.0
2010-10-15,4.0,4.0,3.8,3.82,3.879552715654952,3130.0,15.0,12143.0,800.0,25.56,0.2,-0.18,1287100800.0
2010-10-14,4.0,4.0,3.82,3.9,3.9356081452944407,5451.0,28.0,21453.0,4501.0,82.57,0.18,-0.1,1287014400.0
2010-10-13,3.64,4.3,3.64,3.98,3.930893026191228,3169.0,17.0,12457.0,1811.0,57.15,0.66,0.34,1286928000.0
2010-10-12,3.99,4.06,3.67,3.94,3.8344256155790655,42724.0,61.0,163822.0,26928.0,63.03,0.39,-0.05,1286841600.0
2010-10-11,4.04,4.04,3.71,3.71,3.7356321839080455,522.0,7.0,1950.0,501.0,95.98,0.33,-0.33,1286755200.0
2010-10-08,3.71,3.97,3.67,3.86,3.786494631757393,10618.0,31.0,40205.0,6196.0,58.35,0.3,0.15,1286496000.0
2010-10-07,3.75,3.87,3.65,3.87,3.819361627499123,2851.0,18.0,10889.0,2001.0,70.19,0.22,0.12,1286409600.0
2010-10-06,4.24,4.24,3.56,3.88,3.8221428571428566,1400.0,8.0,5351.0,900.0,64.29,0.68,-0.36,1286323200.0
2010-10-05,3.99,3.99,3.75,3.9,3.783634933123525,2542.0,8.0,9618.0,2015.0,79.27,0.24,-0.09,1286236800.0
2010-10-04,4.19,4.19,3.7,3.73,3.7568020092088736,2389.0,12.0,8975.0,2364.0,98.95,0.49,-0.46,1286150400.0
2010-10-01,4.25,4.25,3.67,3.88,3.8140549978175455,4582.0,28.0,17476.0,3310.0,72.24,0.58,-0.37,1285891200.0
2010-09-30,4.0,4.05,3.82,3.96,3.857313432835821,1675.0,9.0,6461.0,1450.0,86.57,0.23,-0.04,1285804800.0
2010-09-29,4.0,4.0,3.75,3.99,3.907625305623472,13088.0,36.0,51143.0,11300.0,86.34,0.25,-0.01,1285718400.0
2010-09-28,3.99,3.99,3.7,3.7,3.7168,625.0,5.0,2323.0,575.0,92.0,0.29,-0.29,1285632000.0
2010-09-27,4.15,4.15,3.5,3.75,3.7045149754135,17896.0,42.0,66296.0,15225.0,85.07,0.65,-0.4,1285545600.0
2010-09-24,4.24,4.24,3.7,3.8,3.9057492931196975,1061.0,10.0,4144.0,580.0,54.67,0.54,-0.44,1285286400.0
2010-09-23,3.97,3.97,3.97,3.97,3.96,25.0,1.0,99.0,25.0,100.0,0.0,0.0,1285200000.0
2010-09-22,4.0,4.1,3.65,3.7,3.768986940535058,7887.0,33.0,29726.0,5223.0,66.22,0.45,-0.3,1285113600.0
2010-09-21,4.09,4.09,3.71,3.75,3.8045,2000.0,13.0,7609.0,1550.0,77.5,0.38,-0.34,1285027200.0
2010-09-20,4.35,4.35,3.72,3.89,3.9985944088708414,6403.0,24.0,25603.0,4371.0,68.26,0.63,-0.46,1284940800.0
2010-09-17,3.91,4.28,3.81,3.99,3.8870074632854505,12461.0,20.0,48436.0,12432.0,99.77,0.47,0.08,1284681600.0
2010-09-16,4.0,4.28,4.0,4.01,4.1013422818791945,2980.0,13.0,12222.0,2140.0,71.81,0.28,0.01,1284595200.0
2010-09-15,4.22,4.3,3.93,4.12,4.054141414141414,4950.0,20.0,20068.0,4243.0,85.72,0.37,-0.1,1284508800.0
2010-09-14,4.4,4.5,3.9,4.0,4.012474012474013,3367.0,29.0,13510.0,2217.0,65.84,0.6,-0.4,1284422400.0
2010-09-13,4.0,4.35,3.82,4.1,3.992944496707432,6378.0,16.0,25467.0,6178.0,96.86,0.53,0.1,1284336000.0
2010-09-09,4.5,4.5,3.96,4.0,4.151933701657458,7602.0,22.0,31563.0,6502.0,85.53,0.54,-0.5,1283990400.0
2010-09-08,4.4,4.4,4.1,4.2,4.349417637271215,1202.0,5.0,5228.0,1202.0,100.0,0.3,-0.2,1283904000.0
2010-09-07,3.72,4.28,3.72,4.28,4.005,600.0,4.0,2403.0,400.0,66.67,0.56,0.56,1283817600.0
2010-09-06,3.94,3.94,3.94,3.94,3.939955894145952,9976.0,13.0,39305.0,9976.0,100.0,0.0,0.0,1283731200.0
2010-09-03,4.05,4.05,3.73,3.76,3.8076082203760384,9148.0,14.0,34832.0,8838.0,96.61,0.32,-0.29,1283472000.0
2010-09-02,3.71,3.9,3.67,3.9,3.700496991891185,3823.0,8.0,14147.0,3823.0,100.0,0.23,0.19,1283385600.0
2010-09-01,3.82,4.0,3.75,3.75,3.824585635359116,724.0,6.0,2769.0,724.0,100.0,0.25,-0.07,1283299200.0
2010-08-31,3.88,3.88,3.88,3.88,3.8799283154121857,558.0,3.0,2165.0,558.0,100.0,0.0,0.0,1283212800.0
2010-08-30,3.7,3.71,3.7,3.7,3.7017183414269694,5354.0,9.0,19819.0,4354.0,81.32,0.01,0.0,1283126400.0
2010-08-27,4.02,4.1,3.76,3.77,4.028580603725112,3114.0,13.0,12545.0,3107.0,99.78,0.34,-0.25,1282867200.0
2010-08-26,3.95,3.95,3.95,3.95,3.949732620320856,935.0,3.0,3693.0,935.0,100.0,0.0,0.0,1282780800.0
2010-08-25,4.02,4.02,4.02,4.02,4.017857142857143,56.0,2.0,225.0,56.0,100.0,0.0,0.0,1282694400.0
2010-08-24,4.01,4.02,4.01,4.02,4.015,2000.0,2.0,8030.0,2000.0,100.0,0.01,0.01,1282608000.0
2010-08-23,3.81,4.1,3.75,4.09,3.923817076394396,18915.0,35.0,74219.0,13792.0,72.92,0.35,0.28,1282521600.0
2010-08-20,4.24,4.24,3.91,3.91,4.110577777777777,11250.0,17.0,46244.0,10250.0,91.11,0.33,-0.33,1282262400.0
2010-08-19,4.0,4.04,4.0,4.04,4.010226216299968,3227.0,10.0,12941.0,3227.0,100.0,0.04,0.04,1282176000.0
2010-08-18,3.85,3.85,3.85,3.85,3.8498890806014296,4057.0,6.0,15619.0,4057.0,100.0,0.0,0.0,1282089600.0
2010-08-17,3.71,3.71,3.67,3.67,3.700759493670888,1975.0,7.0,7309.0,1975.0,100.0,0.04,-0.04,1282003200.0
2010-08-16,3.46,3.69,3.46,3.65,3.593465045592705,2632.0,8.0,9458.0,2632.0,100.0,0.23,0.19,1281916800.0
2010-08-13,3.65,3.8,3.46,3.52,3.556411114830934,8961.0,25.0,31869.0,8961.0,100.0,0.34,-0.13,1281657600.0
2010-08-12,3.63,3.98,3.62,3.64,3.6685286193073536,15217.0,21.0,55824.0,15217.0,100.0,0.36,0.01,1281571200.0
2010-08-11,3.8,4.05,3.8,3.8,3.820486397361913,4852.0,13.0,18537.0,4852.0,100.0,0.25,0.0,1281484800.0
2010-08-10,3.61,3.96,3.61,3.92,3.6741573033707855,712.0,4.0,2616.0,712.0,100.0,0.35,0.31,1281398400.0
2010-08-09,3.8,4.1,3.76,3.78,3.813054916146005,6082.0,21.0,23191.0,6082.0,100.0,0.34,-0.02,1281312000.0
2010-08-06,4.0,4.0,3.7,3.95,3.850746268656717,2010.0,7.0,7740.0,2010.0,100.0,0.3,-0.05,1281052800.0
2010-08-05,4.0,4.0,3.81,3.81,3.8490415335463255,2504.0,11.0,9638.0,2504.0,100.0,0.19,-0.19,1280966400.0
2010-08-04,4.01,4.02,4.0,4.0,4.003231017770598,3095.0,13.0,12390.0,3095.0,100.0,0.02,-0.01,1280880000.0
2010-08-03,4.2,4.2,4.2,4.2,4.2,1000.0,5.0,4200.0,1000.0,100.0,0.0,0.0,1280793600.0
2010-08-02,4.48,4.48,4.06,4.42,4.357832219747587,4041.0,7.0,17610.0,4041.0,100.0,0.42,-0.06,1280707200.0
2010-07-30,4.27,4.27,4.27,4.27,4.27,1000.0,1.0,4270.0,1000.0,100.0,0.0,0.0,1280448000.0
2010-07-29,4.55,4.55,4.49,4.49,4.507462686567164,2010.0,4.0,9060.0,2010.0,100.0,0.06,-0.06,1280361600.0
2010-07-28,4.75,4.75,4.36,4.36,4.489333333333333,750.0,2.0,3367.0,750.0,100.0,0.39,-0.39,1280275200.0
2010-07-27,4.64,4.75,4.58,4.58,4.636711281070745,2615.0,11.0,12125.0,2615.0,100.0,0.17,-0.06,1280188800.0
2010-07-26,4.68,4.69,4.3,4.64,4.6566012414024485,5961.0,15.0,27758.0,5961.0,100.0,0.39,-0.04,1280102400.0
2010-07-23,4.38,4.59,4.38,4.5,4.534013605442177,5586.0,20.0,25327.0,5586.0,100.0,0.21,0.12,1279843200.0
2010-07-22,3.99,4.39,3.99,4.38,4.074605954465849,11420.0,27.0,46532.0,11420.0,100.0,0.4,0.39,1279756800.0
2010-07-21,4.2,4.25,4.19,4.19,4.209695423377452,6271.0,31.0,26399.0,6271.0,100.0,0.06,-0.01,1279670400.0
2010-07-20,4.4,4.4,4.4,4.4,4.4,33685.0,35.0,148214.0,33685.0,100.0,0.0,0.0,1279584000.0
2010-07-19,4.63,4.63,4.63,4.63,4.63,11300.0,5.0,52319.0,11300.0,100.0,0.0,0.0,1279497600.0
2010-07-16,4.87,4.87,4.87,4.87,4.869902258173239,2967.0,9.0,14449.0,2967.0,100.0,0.0,0.0,1279238400.0
2010-07-15,5.12,5.12,5.12,5.12,5.119804400977995,818.0,1.0,4188.0,818.0,100.0,0.0,0.0,1279152000.0
2010-07-14,5.5,5.5,5.38,5.38,5.405701754385965,1368.0,6.0,7395.0,1368.0,100.0,0.12,-0.12,1279065600.0
2010-07-12,5.8,6.0,5.46,5.66,5.643353047055799,7778.0,26.0,43894.0,7778.0,100.0,0.54,-0.14,1278892800.0
2010-07-09,6.34,6.34,5.74,5.74,5.945667613636364,14080.0,48.0,83715.0,14080.0,100.0,0.6,-0.6,1278633600.0
2010-07-08,6.04,6.04,5.9,6.04,6.029221810481736,28335.0,72.0,170838.0,26730.0,94.34,0.14,0.0,1278547200.0
2010-07-07,5.78,5.78,5.27,5.76,5.75337004982953,19065.0,64.0,109688.0,16814.0,88.19,0.51,-0.02,1278460800.0
2010-07-06,5.5,5.51,5.5,5.51,5.509397996276266,22558.0,53.0,124281.0,22558.0,100.0,0.01,0.01,1278374400.0
2010-07-05,5.15,5.25,5.05,5.25,5.206999009574117,18174.0,36.0,94632.0,18174.0,100.0,0.2,0.1,1278288000.0
2010-07-02,4.77,5.09,4.74,5.0,4.9934186471663615,19145.0,56.0,95599.0,17670.0,92.3,0.35,0.23,1278028800.0
2010-07-01,4.85,4.86,4.55,4.85,4.854293326046861,29278.0,63.0,142124.0,29077.0,99.31,0.31,0.0,1277942400.0
2010-06-30,4.62,4.63,4.62,4.63,4.629675890340764,31224.0,31.0,144557.0,31224.0,100.0,0.01,0.01,1277856000.0
2010-06-29,4.12,4.21,3.8,4.21,4.20117644279606,84662.0,142.0,355680.0,82833.0,97.84,0.41,0.09,1277769600.0
2010-06-28,4.01,4.02,3.41,3.83,3.754429567866592,12473.0,22.0,46829.0,11873.0,95.19,0.61,-0.18,1277683200.0
2010-06-25,3.5,3.74,3.5,3.69,3.656122448979592,1960.0,8.0,7166.0,1960.0,100.0,0.24,0.19,1277424000.0
2010-06-24,3.68,3.84,3.39,3.69,3.60377358490566,1113.0,12.0,4011.0,1000.0,89.85,0.45,0.01,1277337600.0
2010-06-23,3.34,3.74,3.34,3.68,3.3827493261455523,371.0,5.0,1255.0,351.0,94.61,0.4,0.34,1277251200.0
2010-06-21,3.25,3.64,3.16,3.62,3.5047731290512667,8485.0,20.0,29738.0,7250.0,85.44,0.48,0.37,1277078400.0
2010-06-18,3.17,3.84,3.16,3.35,3.342,8000.0,12.0,26736.0,7500.0,93.75,0.68,0.18,1276819200.0
2010-06-17,3.4,3.85,3.4,3.51,3.502405498281787,2910.0,14.0,10192.0,2902.0,99.73,0.45,0.11,1276732800.0
2010-06-16,3.79,3.84,3.36,3.53,3.6471089643415255,7039.0,19.0,25672.0,6835.0,97.1,0.48,-0.26,1276646400.0
2010-06-15,3.88,3.88,3.38,3.62,3.7242301112061593,9352.0,18.0,34829.0,8701.0,93.04,0.5,-0.26,1276560000.0
2010-06-14,3.45,3.79,3.21,3.54,3.536528221512248,14085.0,49.0,49812.0,13102.0,93.02,0.58,0.09,1276473600.0
2010-06-11,3.35,3.5,3.06,3.45,3.202053712480253,6330.0,14.0,20269.0,5830.0,92.1,0.44,0.1,1276214400.0
2010-06-10,3.34,3.34,3.04,3.19,3.326036866359447,6944.0,5.0,23096.0,6944.0,100.0,0.3,-0.15,1276128000.0
2010-06-09,3.15,3.34,3.06,3.07,3.148347425057648,1301.0,4.0,4096.0,1300.0,99.92,0.28,-0.08,1276041600.0
2010-06-08,3.0,3.55,3.0,3.28,3.245872033023736,3876.0,21.0,12581.0,3126.0,80.65,0.55,0.28,1275955200.0
2010-06-07,3.59,3.6,3.15,3.27,3.301063829787234,4700.0,8.0,15515.0,4600.0,97.87,0.45,-0.32,1275868800.0
2010-06-04,3.3,3.4,3.25,3.39,3.347232207045291,8346.0,19.0,27936.0,6821.0,81.73,0.15,0.09,1275609600.0
2010-06-03,3.03,3.3,3.0,3.3,3.016296296296296,4725.0,6.0,14252.0,4725.0,100.0,0.3,0.27,1275523200.0
2010-06-02,3.0,3.48,3.0,3.33,3.1811923929529806,8571.0,36.0,27266.0,6649.0,77.58,0.48,0.33,1275436800.0
2010-06-01,3.2,3.2,3.2,3.2,3.2,1500.0,1.0,4800.0,1500.0,100.0,0.0,0.0,1275350400.0
2010-05-28,3.7,3.7,3.2,3.5,3.3393829401088926,1102.0,5.0,3680.0,800.0,72.6,0.5,-0.2,1275004800.0
2010-05-27,3.1,3.55,3.1,3.55,3.1246666666666663,1500.0,6.0,4687.0,1400.0,93.33,0.45,0.45,1274918400.0
2010-05-26,3.48,3.48,3.3,3.44,3.4089156626506023,4150.0,5.0,14147.0,4150.0,100.0,0.18,-0.04,1274832000.0
2010-05-25,3.4,3.4,2.92,3.28,3.034642857142857,2800.0,11.0,8497.0,1770.0,63.21,0.48,-0.12,1274745600.0
2010-05-24,3.07,3.3,3.01,3.1,3.205128205128205,2145.0,13.0,6875.0,1530.0,71.33,0.29,0.03,1274659200.0
2010-05-21,3.26,3.37,3.26,3.28,3.282051282051282,468.0,2.0,1536.0,468.0,100.0,0.11,0.02,1274400000.0
2010-05-20,3.06,3.3,3.03,3.29,3.076285240464345,1206.0,4.0,3710.0,1106.0,91.71,0.27,0.23,1274313600.0
2010-05-19,3.29,3.3,2.82,3.3,3.2256179775280898,2225.0,15.0,7177.0,1925.0,86.52,0.48,0.01,1274227200.0
2010-05-18,3.04,3.27,3.0,3.0,3.0602275881210104,3603.0,12.0,11026.0,3433.0,95.28,0.27,-0.04,1274140800.0
2010-05-17,3.29,3.39,3.29,3.3,3.340944881889764,6350.0,14.0,21215.0,6150.0,96.85,0.1,0.01,1274054400.0
2010-05-14,3.0,3.34,2.96,3.11,3.1179404666130326,6215.0,13.0,19378.0,3205.0,51.57,0.38,0.11,1273795200.0
2010-05-13,3.36,3.36,3.01,3.04,3.2958442313281022,3441.0,14.0,11341.0,3341.0,97.09,0.35,-0.32,1273708800.0
2010-05-12,3.06,3.43,3.06,3.06,3.1044444444444443,3600.0,10.0,11176.0,3200.0,88.89,0.37,0.0,1273622400.0
2010-05-11,3.4,3.4,3.09,3.34,3.3604255319148937,2350.0,10.0,7897.0,2125.0,90.43,0.31,-0.06,1273536000.0
2010-05-10,3.35,3.35,2.99,3.33,3.0797570850202427,4940.0,17.0,15214.0,4394.0,88.95,0.36,-0.02,1273449600.0
2010-05-07,3.3,3.31,3.3,3.31,3.300909090909091,1100.0,2.0,3631.0,1100.0,100.0,0.01,0.01,1273190400.0
2010-05-04,3.01,3.25,3.01,3.25,3.0129449838187705,618.0,3.0,1862.0,618.0,100.0,0.24,0.24,1272931200.0
2010-05-03,3.0,3.15,3.0,3.15,3.065,800.0,6.0,2452.0,550.0,68.75,0.15,0.15,1272844800.0
2010-04-30,3.1,3.1,3.0,3.0,3.027272727272728,3850.0,9.0,11655.0,3850.0,100.0,0.1,-0.1,1272585600.0
2010-04-29,3.15,3.38,3.1,3.1,3.1729629629629628,2700.0,11.0,8567.0,2650.0,98.15,0.28,-0.05,1272499200.0
2010-04-28,3.25,3.25,3.05,3.24,3.248395061728395,2025.0,5.0,6578.0,2025.0,100.0,0.2,-0.01,1272412800.0
2010-04-27,3.05,3.1,3.05,3.1,3.08,500.0,3.0,1540.0,500.0,100.0,0.05,0.05,1272326400.0
2010-04-26,3.2,3.36,3.2,3.2,3.243342516069789,1089.0,6.0,3532.0,1089.0,100.0,0.16,0.0,1272240000.0
2010-04-23,3.2,3.2,3.2,3.2,3.2,1000.0,2.0,3200.0,1000.0,100.0,0.0,0.0,1271980800.0
2010-04-22,3.2,3.4,3.2,3.31,3.288586956521739,1840.0,10.0,6051.0,1800.0,97.83,0.2,0.11,1271894400.0
2010-04-21,3.31,3.48,3.31,3.31,3.309437386569873,1102.0,6.0,3647.0,1101.0,99.91,0.17,0.0,1271808000.0
2010-04-20,3.17,3.48,3.17,3.48,3.3109090909090906,3300.0,4.0,10926.0,3300.0,100.0,0.31,0.31,1271721600.0
2010-04-16,3.33,3.33,3.33,3.33,3.0,2.0,2.0,6.0,1.0,50.0,0.0,0.0,1271376000.0
2010-04-15,3.33,3.33,3.33,3.33,3.272727272727273,11.0,1.0,36.0,11.0,100.0,0.0,0.0,1271289600.0
2010-04-13,3.33,3.33,3.33,3.33,3.33,500.0,5.0,1665.0,500.0,100.0,0.0,0.0,1271116800.0
2010-04-12,3.38,3.72,3.38,3.49,3.412142857142857,1400.0,5.0,4777.0,1300.0,92.86,0.34,0.11,1271030400.0
2010-04-09,3.25,3.57,3.25,3.55,3.391764705882353,850.0,7.0,2883.0,800.0,94.12,0.32,0.3,1270771200.0
2010-04-08,3.2,3.4,3.16,3.4,3.2069565217391305,2300.0,8.0,7376.0,2250.0,97.83,0.24,0.2,1270684800.0
2010-04-07,3.64,3.64,3.32,3.32,3.478802992518703,401.0,3.0,1395.0,201.0,50.12,0.32,-0.32,1270598400.0
2010-04-06,3.4,3.5,3.3,3.49,3.4265885924962047,4611.0,15.0,15800.0,4274.0,92.69,0.2,0.09,1270512000.0
2010-04-05,3.4,3.43,3.21,3.43,3.381448412698413,4032.0,18.0,13634.0,2712.0,67.26,0.22,0.03,1270425600.0
2010-04-01,2.98,3.27,2.98,3.27,3.230152997570425,15229.0,28.0,49192.0,11829.0,77.67,0.29,0.29,1270080000.0
2010-03-31,2.85,3.12,2.85,3.12,3.0866022933011465,3314.0,9.0,10229.0,2314.0,69.82,0.27,0.27,1269993600.0
2010-03-30,2.98,2.98,2.7,2.98,2.917777777777778,450.0,3.0,1313.0,450.0,100.0,0.28,0.0,1269907200.0
2010-03-29,2.84,3.11,2.84,2.84,2.896594814120588,3201.0,11.0,9272.0,2700.0,84.35,0.27,0.0,1269820800.0
2010-03-26,2.7,2.98,2.7,2.98,2.84,800.0,2.0,2272.0,400.0,50.0,0.28,0.28,1269561600.0
2010-03-25,2.72,2.84,2.72,2.84,2.826666666666666,900.0,4.0,2544.0,900.0,100.0,0.12,0.12,1269475200.0
2010-03-23,2.51,2.71,2.51,2.71,2.6100514683620952,6606.0,4.0,17242.0,3306.0,50.05,0.2,0.2,1269302400.0
2010-03-22,2.5,2.59,2.42,2.59,2.564691471443884,6531.0,8.0,16750.0,6531.0,100.0,0.17,0.09,1269216000.0
2010-03-19,2.65,2.65,2.47,2.47,2.62,600.0,3.0,1572.0,600.0,100.0,0.18,-0.18,1268956800.0
2010-03-18,2.65,2.65,2.53,2.53,2.535555555555556,2250.0,5.0,5705.0,2250.0,100.0,0.12,-0.12,1268870400.0
2010-03-17,2.65,2.65,2.65,2.65,2.65,200.0,2.0,530.0,200.0,100.0,0.0,0.0,1268784000.0
2010-03-16,2.7,2.95,2.7,2.72,2.7682775712515486,807.0,7.0,2234.0,607.0,75.22,0.25,0.02,1268697600.0
2010-03-12,3.24,3.24,2.73,2.81,2.980963855421687,4150.0,9.0,12371.0,2720.0,65.54,0.51,-0.43,1268352000.0
2010-03-11,3.25,3.47,2.91,2.95,3.070967741935484,2170.0,13.0,6664.0,2000.0,92.17,0.56,-0.3,1268265600.0
2010-03-10,3.85,3.85,3.16,3.16,3.202491216863621,3131.0,15.0,10027.0,2950.0,94.22,0.69,-0.69,1268179200.0
2010-03-09,3.26,3.5,2.97,3.5,3.363243243243243,925.0,7.0,3111.0,920.0,99.46,0.53,0.24,1268092800.0
2010-03-08,3.35,3.35,3.23,3.23,3.287857142857143,2800.0,4.0,9206.0,1800.0,64.29,0.12,-0.12,1268006400.0
2010-03-05,3.32,3.6,3.28,3.56,3.3345090293453725,7088.0,37.0,23635.0,6044.0,85.27,0.32,0.24,1267747200.0
2010-03-03,3.17,3.48,3.17,3.45,3.2250996015936253,502.0,8.0,1619.0,500.0,99.6,0.31,0.28,1267574400.0
2010-03-02,3.34,3.59,3.33,3.33,3.3374633192044345,3067.0,9.0,10236.0,3017.0,98.37,0.26,-0.01,1267488000.0
2010-02-24,3.4,3.55,3.4,3.5,3.45607476635514,535.0,4.0,1849.0,535.0,100.0,0.15,0.1,1266969600.0
2010-02-22,3.6,3.6,3.57,3.57,3.588,500.0,4.0,1794.0,500.0,100.0,0.03,-0.03,1266796800.0
2010-02-19,3.78,3.78,3.47,3.73,3.6245353159851295,1076.0,14.0,3900.0,964.0,89.59,0.31,-0.05,1266537600.0
2010-02-18,3.33,3.65,3.33,3.65,3.3289036544850497,301.0,4.0,1002.0,301.0,100.0,0.32,0.32,1266451200.0
2010-02-17,3.5,3.5,3.5,3.5,3.5,100.0,1.0,350.0,100.0,100.0,0.0,0.0,1266364800.0
2010-02-16,3.85,4.0,3.68,3.68,3.8208988764044944,4450.0,19.0,17003.0,4450.0,100.0,0.32,-0.17,1266278400.0
2010-02-15,3.57,3.9,3.57,3.87,3.68,525.0,7.0,1932.0,525.0,100.0,0.33,0.3,1266192000.0
2010-02-11,3.75,3.79,3.75,3.75,3.7507477567298095,1003.0,3.0,3762.0,1003.0,100.0,0.04,0.0,1265846400.0
2010-02-10,3.7,3.7,3.7,3.7,3.6,5.0,1.0,18.0,5.0,100.0,0.0,0.0,1265760000.0
2010-02-09,3.55,3.55,3.55,3.55,3.0,1.0,1.0,3.0,1.0,100.0,0.0,0.0,1265673600.0
2010-02-08,3.4,3.4,3.4,3.4,3.4,210.0,4.0,714.0,210.0,100.0,0.0,0.0,1265587200.0
2010-02-05,3.34,3.6,3.33,3.33,3.3577777777777778,2250.0,8.0,7555.0,2250.0,100.0,0.27,-0.01,1265328000.0
2010-02-04,3.5,3.5,3.5,3.5,3.5,100.0,1.0,350.0,100.0,100.0,0.0,0.0,1265241600.0
2010-02-03,3.35,3.65,3.33,3.5,3.36625821876868,6692.0,20.0,22527.0,6692.0,100.0,0.32,0.15,1265155200.0
2010-02-02,3.5,3.5,3.5,3.5,3.5,650.0,5.0,2275.0,650.0,100.0,0.0,0.0,1265068800.0
2010-02-01,3.4,3.7,3.38,3.55,3.44713711702662,7964.0,23.0,27453.0,7964.0,100.0,0.32,0.15,1264982400.0
2010-01-28,3.4,3.59,3.25,3.55,3.363919667590028,2888.0,11.0,9715.0,2888.0,100.0,0.34,0.15,1264636800.0
2010-01-27,3.42,3.42,3.42,3.42,3.42,500.0,2.0,1710.0,500.0,100.0,0.0,0.0,1264550400.0
2010-01-25,3.63,3.68,3.48,3.59,3.50188679245283,4770.0,17.0,16704.0,4770.0,100.0,0.2,-0.04,1264377600.0
2010-01-22,3.8,3.8,3.63,3.66,3.6977777777777776,1800.0,7.0,6656.0,1800.0,100.0,0.17,-0.14,1264118400.0
2010-01-21,3.86,3.86,3.52,3.81,3.593785310734463,1770.0,7.0,6361.0,1770.0,100.0,0.34,-0.05,1264032000.0
2010-01-20,3.7,3.7,3.69,3.69,3.693333333333333,300.0,2.0,1108.0,300.0,100.0,0.01,-0.01,1263945600.0
2010-01-19,3.6,3.82,3.5,3.55,3.7020184342550464,17142.0,30.0,63460.0,17142.0,100.0,0.32,-0.05,1263859200.0
2010-01-18,3.66,3.66,3.42,3.66,3.585454545454545,6600.0,19.0,23664.0,6600.0,100.0,0.24,0.0,1263772800.0
2010-01-15,3.53,3.7,3.4,3.49,3.532623169107856,1502.0,15.0,5306.0,1502.0,100.0,0.3,-0.04,1263513600.0
2010-01-14,3.21,3.53,3.21,3.53,3.452857142857143,2100.0,13.0,7251.0,2100.0,100.0,0.32,0.32,1263427200.0
2010-01-13,3.15,3.42,3.15,3.37,3.2652719665271968,5975.0,10.0,19510.0,5975.0,100.0,0.27,0.22,1263340800.0
2010-01-12,3.26,3.26,3.26,3.26,3.26,700.0,3.0,2282.0,700.0,100.0,0.0,0.0,1263254400.0
2010-01-11,3.2,3.33,3.03,3.11,3.286250099752613,12531.0,18.0,41180.0,12531.0,100.0,0.3,-0.09,1263168000.0
2010-01-08,3.36,3.36,3.18,3.18,3.359066767830045,5272.0,8.0,17709.0,5272.0,100.0,0.18,-0.18,1262908800.0
2010-01-07,3.2,3.2,3.15,3.2,3.172706245181188,1297.0,11.0,4115.0,1297.0,100.0,0.05,0.0,1262822400.0
2010-01-06,3.15,3.15,3.05,3.05,3.0933333333333333,1200.0,6.0,3712.0,1200.0,100.0,0.1,-0.1,1262736000.0
2010-01-05,3.2,3.2,3.08,3.2,3.189090909090909,1100.0,3.0,3508.0,1100.0,100.0,0.12,0.0,1262649600.0
2010-01-04,3.5,3.5,3.22,3.24,3.3465217391304347,4600.0,8.0,15394.0,4600.0,100.0,0.28,-0.26,1262563200.0
2009-12-31,3.1,3.38,3.06,3.38,3.252,2750.0,8.0,8943.0,2750.0,100.0,0.32,0.28,1262217600.0
2009-12-30,3.35,3.54,3.22,3.22,3.301704545454545,1760.0,9.0,5811.0,1760.0,100.0,0.32,-0.13,1262131200.0
2009-12-29,3.38,3.38,3.25,3.38,3.3085714285714283,1050.0,5.0,3474.0,1050.0,100.0,0.13,0.0,1262044800.0
2009-12-24,3.42,3.42,3.42,3.42,3.418181818181818,165.0,4.0,564.0,165.0,100.0,0.0,0.0,1261612800.0
2009-12-23,3.35,3.35,3.26,3.26,3.331054977711738,3365.0,9.0,11209.0,3365.0,100.0,0.09,-0.09,1261526400.0
2009-12-22,3.43,3.43,3.43,3.43,3.4299003322259134,3010.0,8.0,10324.0,3010.0,100.0,0.0,0.0,1261440000.0
2009-12-21,3.61,3.75,3.61,3.61,3.6282860147213456,1902.0,12.0,6901.0,1902.0,100.0,0.14,0.0,1261353600.0
2009-12-18,3.95,3.95,3.79,3.79,3.843333333333333,900.0,3.0,3459.0,900.0,100.0,0.16,-0.16,1261094400.0
2009-12-17,3.69,4.0,3.69,3.98,3.7039682539682537,2520.0,9.0,9334.0,2520.0,100.0,0.31,0.29,1261008000.0
2009-12-16,4.28,4.28,3.88,3.88,4.070422535211268,2201.0,9.0,8959.0,2201.0,100.0,0.4,-0.4,1260921600.0
2009-12-15,4.09,4.09,3.95,4.08,4.07409623109136,11701.0,23.0,47671.0,11701.0,100.0,0.14,-0.01,1260835200.0
2009-12-14,3.98,3.98,3.83,3.9,3.8615384615384616,455.0,5.0,1757.0,455.0,100.0,0.15,-0.08,1260748800.0
2009-12-11,3.72,3.9,3.72,3.8,3.8420049249344665,12589.0,37.0,48367.0,12589.0,100.0,0.18,0.08,1260489600.0
2009-12-10,3.72,3.72,3.51,3.72,3.695804195804196,9438.0,23.0,34881.0,8486.0,89.91,0.21,0.0,1260403200.0
2009-12-09,3.4,3.55,3.3,3.55,3.520585491019361,17148.0,36.0,60371.0,13614.0,79.39,0.25,0.15,1260316800.0
2009-12-08,3.39,3.39,3.11,3.39,3.3098676901323096,9901.0,25.0,32771.0,9590.0,96.86,0.28,0.0,1260230400.0
2009-12-07,3.23,3.23,3.1,3.23,3.214193548387097,4650.0,14.0,14946.0,4150.0,89.25,0.13,0.0,1260144000.0
2009-12-04,3.08,3.08,3.07,3.08,3.0798231929277167,3846.0,13.0,11845.0,3845.0,99.97,0.01,0.0,1259884800.0
2009-12-03,2.94,2.94,2.94,2.94,2.939782823297137,1013.0,3.0,2978.0,1013.0,100.0,0.0,0.0,1259798400.0
2009-12-02,2.68,2.68,2.5,2.68,2.6685714285714286,4375.0,13.0,11675.0,4275.0,97.71,0.18,0.0,1259712000.0
2009-12-01,2.13,2.49,2.13,2.44,2.3800186741363207,1071.0,8.0,2549.0,751.0,70.12,0.36,0.31,1259625600.0
2009-11-30,2.37,2.37,2.27,2.27,2.274509803921569,102.0,4.0,232.0,100.0,98.04,0.1,-0.1,1259539200.0
2009-11-27,2.16,2.16,2.16,2.16,2.16,500.0,1.0,1080.0,500.0,100.0,0.0,0.0,1259280000.0
2009-11-25,2.33,2.59,2.33,2.34,2.384186046511628,4300.0,3.0,10252.0,3500.0,81.4,0.26,0.01,1259107200.0
2009-11-24,2.45,2.48,2.45,2.45,2.4506295559973488,1509.0,6.0,3698.0,1509.0,100.0,0.03,0.0,1259020800.0
2009-11-23,2.45,2.45,2.45,2.45,2.45,400.0,1.0,980.0,400.0,100.0,0.0,0.0,1258934400.0
2009-11-20,2.42,2.42,2.42,2.42,2.42,500.0,2.0,1210.0,500.0,100.0,0.0,0.0,1258675200.0
2009-11-17,2.6,2.72,2.52,2.52,2.5786666666666664,1125.0,4.0,2901.0,1125.0,100.0,0.2,-0.08,1258416000.0
2009-11-16,2.65,2.65,2.65,2.65,2.65,720.0,2.0,1908.0,720.0,100.0,0.0,0.0,1258329600.0
2009-11-13,2.9,2.9,2.9,2.9,2.9,80.0,1.0,232.0,80.0,100.0,0.0,0.0,1258070400.0
2009-11-12,2.99,2.99,2.69,2.95,2.7376344086021502,2325.0,7.0,6365.0,2300.0,98.92,0.3,-0.04,1257984000.0
2009-11-11,3.5,3.5,2.93,2.98,3.105186621425109,4126.0,9.0,12812.0,3126.0,75.76,0.57,-0.52,1257897600.0
2009-11-10,3.25,3.25,3.25,3.25,3.25,500.0,1.0,1625.0,500.0,100.0,0.0,0.0,1257811200.0
2009-11-09,2.55,2.96,2.55,2.96,2.6886227544910177,167.0,3.0,449.0,117.0,70.06,0.41,0.41,1257724800.0
2009-11-06,2.7,2.7,2.7,2.7,2.7,340.0,2.0,918.0,340.0,100.0,0.0,0.0,1257465600.0
2009-11-04,2.86,2.86,2.73,2.73,2.748571428571428,700.0,3.0,1924.0,700.0,100.0,0.13,-0.13,1257292800.0
2009-10-29,2.86,2.86,2.86,2.86,2.86,200.0,1.0,572.0,200.0,100.0,0.0,0.0,1256774400.0
2009-10-28,3.0,3.0,2.8,3.0,2.827272727272727,1100.0,5.0,3110.0,1100.0,100.0,0.2,0.0,1256688000.0
2009-10-22,2.94,2.94,2.94,2.94,2.94,350.0,2.0,1029.0,350.0,100.0,0.0,0.0,1256169600.0
2009-10-21,3.0,3.0,2.8,2.8,2.8898876404494382,445.0,6.0,1286.0,445.0,100.0,0.2,-0.2,1256083200.0
2009-10-20,2.8,2.94,2.8,2.93,2.846102598267821,1501.0,7.0,4272.0,1025.0,68.29,0.14,0.13,1255996800.0
2009-10-17,2.8,2.8,2.8,2.8,2.8,500.0,3.0,1400.0,500.0,100.0,0.0,0.0,1255737600.0
2009-10-16,2.83,2.83,2.65,2.78,2.8018433179723505,1302.0,6.0,3648.0,1302.0,100.0,0.18,-0.05,1255651200.0
2009-10-15,2.8,2.8,2.7,2.7,2.761985018726592,5340.0,13.0,14749.0,4240.0,79.4,0.1,-0.1,1255564800.0
2009-10-14,2.8,2.8,2.68,2.8,2.7671009771986967,2456.0,12.0,6796.0,2060.0,83.88,0.12,0.0,1255478400.0
2009-10-12,2.67,2.9,2.67,2.71,2.7535135135135134,5550.0,13.0,15282.0,4500.0,81.08,0.23,0.04,1255305600.0
2009-10-09,2.55,2.8,2.55,2.8,2.5685990338164246,4140.0,14.0,10634.0,4140.0,100.0,0.25,0.25,1255046400.0
2009-10-08,2.48,2.68,2.48,2.68,2.570909090909091,2200.0,7.0,5656.0,1900.0,86.36,0.2,0.2,1254960000.0
2009-10-07,2.8,2.8,2.58,2.58,2.5891763937637746,24502.0,29.0,63440.0,20770.0,84.77,0.22,-0.22,1254873600.0
2009-10-06,2.68,2.79,2.68,2.71,2.7009768451519536,5528.0,22.0,14931.0,4490.0,81.22,0.11,0.03,1254787200.0
2009-10-05,2.9,2.9,2.79,2.79,2.8343524180100053,1799.0,12.0,5099.0,1799.0,100.0,0.11,-0.11,1254700800.0
2009-10-01,2.67,2.94,2.67,2.93,2.7366163349347974,5828.0,10.0,15949.0,4038.0,69.29,0.27,0.26,1254355200.0
2009-09-30,2.78,2.8,2.78,2.8,2.799130434782609,2300.0,3.0,6438.0,2300.0,100.0,0.02,0.02,1254268800.0
2009-09-29,2.86,2.92,2.86,2.92,2.8966666666666665,600.0,4.0,1738.0,600.0,100.0,0.06,0.06,1254182400.0
2009-09-25,3.2,3.2,3.0,3.0,3.128755364806867,233.0,4.0,729.0,233.0,100.0,0.2,-0.2,1253836800.0
2009-09-24,2.9,3.08,2.81,3.05,2.9000404694455684,2471.0,11.0,7166.0,2371.0,95.95,0.27,0.15,1253750400.0
2009-09-23,2.9,2.94,2.72,2.94,2.761052631578948,950.0,5.0,2623.0,950.0,100.0,0.22,0.04,1253664000.0
2009-09-22,2.72,2.99,2.72,2.8,2.7591316333563056,2902.0,12.0,8007.0,2857.0,98.45,0.27,0.08,1253577600.0
2009-09-18,2.99,2.99,2.85,2.85,2.8667929292929286,3168.0,7.0,9082.0,3168.0,100.0,0.14,-0.14,1253232000.0
2009-09-17,2.95,3.0,2.83,2.9,2.9515873015873013,6300.0,12.0,18595.0,5300.0,84.13,0.17,-0.05,1253145600.0
2009-09-16,3.0,3.0,2.78,2.95,2.823741007194245,834.0,7.0,2355.0,834.0,100.0,0.22,-0.05,1253059200.0
2009-09-15,3.0,3.0,2.92,2.92,2.973333333333333,300.0,4.0,892.0,300.0,100.0,0.08,-0.08,1252972800.0
2009-09-14,3.0,3.0,3.0,3.0,3.0,34.0,1.0,102.0,34.0,100.0,0.0,0.0,1252886400.0
2009-09-11,2.75,2.95,2.75,2.95,2.8221428571428566,2800.0,4.0,7902.0,2800.0,100.0,0.2,0.2,1252627200.0
2009-09-10,2.87,2.87,2.86,2.86,2.861176470588235,850.0,3.0,2432.0,850.0,100.0,0.01,-0.01,1252540800.0
2009-09-09,3.0,3.0,2.92,2.92,2.9931856899488927,1174.0,8.0,3514.0,974.0,82.96,0.08,-0.08,1252454400.0
2009-09-08,3.05,3.3,3.01,3.02,3.1404166666666664,2400.0,7.0,7537.0,1900.0,79.17,0.29,-0.03,1252368000.0
2009-09-07,3.0,3.15,2.87,3.15,3.0605,8000.0,21.0,24484.0,7200.0,90.0,0.28,0.15,1252281600.0
2009-09-04,3.2,3.2,2.98,3.0,3.03925925925926,5400.0,18.0,16412.0,5400.0,100.0,0.22,-0.2,1252022400.0
2009-09-03,2.95,3.13,2.95,3.12,3.108084897558581,8151.0,11.0,25334.0,8151.0,100.0,0.18,0.17,1251936000.0
2009-09-02,2.95,3.09,2.95,2.99,2.998366968899288,41028.0,15.0,123017.0,41028.0,100.0,0.14,0.04,1251849600.0
2009-09-01,2.91,3.1,2.91,2.96,2.970228019516081,10043.0,10.0,29830.0,9365.0,93.25,0.19,0.05,1251763200.0
2009-08-28,2.9,3.09,2.9,2.96,3.008836524300442,2037.0,9.0,6129.0,2037.0,100.0,0.19,0.06,1251417600.0
2009-08-27,3.0,3.1,2.83,2.95,3.092628205128205,6240.0,8.0,19298.0,6050.0,96.96,0.27,-0.05,1251331200.0
2009-08-26,3.0,3.0,2.95,2.96,2.966970802919708,5480.0,6.0,16259.0,5480.0,100.0,0.05,-0.04,1251244800.0
2009-08-25,2.95,3.11,2.95,3.1,3.029985007496252,2001.0,5.0,6063.0,2001.0,100.0,0.16,0.15,1251158400.0
2009-08-24,2.95,3.15,2.95,2.97,2.9983851433185302,4954.0,14.0,14854.0,4454.0,89.91,0.2,0.02,1251072000.0
2009-08-21,3.0,3.0,3.0,3.0,3.0,521.0,3.0,1563.0,521.0,100.0,0.0,0.0,1250812800.0
2009-08-19,3.0,3.0,3.0,3.0,3.0,41.0,3.0,123.0,41.0,100.0,0.0,0.0,1250640000.0
2009-08-18,3.14,3.14,3.14,3.14,3.138931297709924,655.0,4.0,2056.0,655.0,100.0,0.0,0.0,1250553600.0
2009-08-17,3.3,3.3,3.3,3.3,3.3,250.0,2.0,825.0,250.0,100.0,0.0,0.0,1250467200.0
2009-08-13,3.65,3.65,3.31,3.45,3.40997830802603,461.0,9.0,1572.0,461.0,100.0,0.34,-0.2,1250121600.0
2009-08-11,3.53,3.53,3.48,3.48,3.484515484515484,1001.0,3.0,3488.0,1001.0,100.0,0.05,-0.05,1249948800.0
2009-08-10,3.47,3.47,3.47,3.47,3.463576158940397,151.0,3.0,523.0,151.0,100.0,0.0,0.0,1249862400.0
2009-08-07,3.65,3.65,3.47,3.65,3.511111111111111,135.0,3.0,474.0,135.0,100.0,0.18,0.0,1249603200.0
2009-08-06,3.99,3.99,3.62,3.65,3.674270379067427,2981.0,14.0,10953.0,2981.0,100.0,0.37,-0.34,1249516800.0
2009-08-05,3.96,3.96,3.8,3.8,3.95,800.0,5.0,3160.0,800.0,100.0,0.16,-0.16,1249430400.0
2009-08-04,3.8,3.8,3.78,3.78,3.7,10.0,2.0,37.0,10.0,100.0,0.02,-0.02,1249344000.0
2009-08-03,3.65,3.65,3.65,3.65,3.65,1000.0,1.0,3650.0,1000.0,100.0,0.0,0.0,1249257600.0
2009-07-31,3.8,3.8,3.72,3.72,3.7250199840127896,1251.0,5.0,4660.0,1251.0,100.0,0.08,-0.08,1248998400.0
2009-07-30,3.95,3.95,3.62,3.62,3.6138613861386135,101.0,2.0,365.0,101.0,100.0,0.33,-0.33,1248912000.0
2009-07-28,3.8,3.8,3.8,3.8,3.8,500.0,1.0,1900.0,500.0,100.0,0.0,0.0,1248739200.0
2009-07-27,3.87,3.87,3.87,3.87,3.866666666666666,15.0,2.0,58.0,15.0,100.0,0.0,0.0,1248652800.0
2009-07-24,3.7,3.7,3.7,3.7,3.0,1.0,1.0,3.0,1.0,100.0,0.0,0.0,1248393600.0
2009-07-23,3.89,3.89,3.88,3.88,3.866666666666666,30.0,3.0,116.0,30.0,100.0,0.01,-0.01,1248307200.0
2009-07-22,3.79,3.79,3.74,3.74,3.753333333333333,150.0,2.0,563.0,150.0,100.0,0.05,-0.05,1248220800.0
2009-07-21,3.4,3.61,3.4,3.61,3.54,300.0,2.0,1062.0,300.0,100.0,0.21,0.21,1248134400.0
2009-07-20,3.44,3.44,3.44,3.44,3.44,500.0,1.0,1720.0,500.0,100.0,0.0,0.0,1248048000.0
2009-07-16,3.7,3.7,3.62,3.62,3.6182336182336177,351.0,2.0,1270.0,351.0,100.0,0.08,-0.08,1247702400.0
2009-07-15,3.8,3.8,3.8,3.8,3.0,1.0,1.0,3.0,1.0,100.0,0.0,0.0,1247616000.0
2009-07-14,3.9,3.9,3.9,3.9,3.6666666666666665,3.0,3.0,11.0,3.0,100.0,0.0,0.0,1247529600.0
2009-07-13,3.89,3.9,3.89,3.9,3.891089108910891,202.0,5.0,786.0,202.0,100.0,0.01,0.01,1247443200.0
2009-07-10,3.88,3.88,3.88,3.88,3.5,2.0,2.0,7.0,2.0,100.0,0.0,0.0,1247184000.0
2009-07-07,3.8,3.92,3.8,3.8,3.799800796812749,1004.0,5.0,3815.0,1004.0,100.0,0.12,0.0,1246924800.0
2009-07-06,3.79,3.8,3.79,3.8,3.5,2.0,2.0,7.0,1.0,50.0,0.01,0.01,1246838400.0
2009-07-03,3.72,3.72,3.72,3.72,3.72,150.0,2.0,558.0,150.0,100.0,0.0,0.0,1246579200.0
2009-07-02,3.35,3.55,3.35,3.55,3.54803996925442,1301.0,5.0,4616.0,1300.0,99.92,0.2,0.2,1246492800.0
2009-07-01,3.35,3.35,3.09,3.25,3.1932617549055906,2701.0,11.0,8625.0,2700.0,99.96,0.26,-0.1,1246406400.0
2009-06-30,3.45,3.45,3.25,3.25,3.353333333333333,450.0,7.0,1509.0,450.0,100.0,0.2,-0.2,1246320000.0
2009-06-29,3.34,3.34,3.29,3.29,3.3025,400.0,3.0,1321.0,400.0,100.0,0.05,-0.05,1246233600.0
2009-06-26,3.24,3.24,2.94,3.19,3.2089361702127657,4700.0,7.0,15082.0,4700.0,100.0,0.3,-0.05,1245974400.0
2009-06-25,3.09,3.09,3.09,3.09,3.09,1200.0,5.0,3708.0,1200.0,100.0,0.0,0.0,1245888000.0
2009-06-19,2.8,2.99,2.8,2.99,2.7960199004975124,201.0,3.0,562.0,201.0,100.0,0.19,0.19,1245369600.0
2009-06-18,2.94,2.94,2.94,2.94,2.933333333333333,120.0,2.0,352.0,120.0,100.0,0.0,0.0,1245283200.0
2009-06-17,3.09,3.09,3.09,3.09,3.09,300.0,2.0,927.0,300.0,100.0,0.0,0.0,1245196800.0
2009-06-16,3.25,3.25,3.25,3.25,3.248571428571428,350.0,4.0,1137.0,350.0,100.0,0.0,0.0,1245110400.0
2009-06-15,3.4,3.4,3.3,3.3,3.3166666666666664,60.0,2.0,199.0,60.0,100.0,0.1,-0.1,1245024000.0
2009-06-12,3.39,3.73,3.39,3.39,3.39019801980198,10100.0,8.0,34241.0,10100.0,100.0,0.34,0.0,1244764800.0
2009-06-11,3.5,3.6,3.48,3.56,3.499583029292192,19186.0,23.0,67143.0,19186.0,100.0,0.12,0.06,1244678400.0
2009-06-10,3.43,3.43,3.43,3.43,3.0,1.0,1.0,3.0,1.0,100.0,0.0,0.0,1244592000.0
2009-06-08,3.3,3.3,3.3,3.3,3.0,1.0,1.0,3.0,1.0,100.0,0.0,0.0,1244419200.0
2009-06-05,3.25,3.25,3.09,3.25,3.231176470588235,1700.0,5.0,5493.0,1700.0,100.0,0.16,0.0,1244160000.0
2009-06-04,3.34,3.34,3.09,3.25,3.147279081377933,2003.0,9.0,6304.0,2003.0,100.0,0.25,-0.09,1244073600.0
2009-06-03,3.3,3.3,3.0,3.25,3.1365079365079365,2205.0,5.0,6916.0,2205.0,100.0,0.3,-0.05,1243987200.0
2009-06-02,2.95,3.2,2.95,3.15,2.958730158730159,315.0,5.0,932.0,315.0,100.0,0.25,0.2,1243900800.0
2009-06-01,3.1,3.1,2.9,3.1,3.086915887850467,2140.0,8.0,6606.0,2140.0,100.0,0.2,0.0,1243814400.0
2009-05-29,3.0,3.04,2.8,3.0,2.9623762376237623,1515.0,16.0,4488.0,1515.0,100.0,0.24,0.0,1243555200.0
2009-05-28,2.96,2.96,2.7,2.9,2.8148514851485147,1010.0,7.0,2843.0,1010.0,100.0,0.26,-0.06,1243468800.0
2009-05-27,2.7,2.82,2.7,2.82,2.696517412935324,201.0,2.0,542.0,201.0,100.0,0.12,0.12,1243382400.0
2009-05-26,2.88,2.88,2.7,2.7,2.7364,2500.0,5.0,6841.0,2500.0,100.0,0.18,-0.18,1243296000.0
2009-05-22,2.8,2.8,2.8,2.8,2.8,100.0,1.0,280.0,100.0,100.0,0.0,0.0,1242950400.0
2009-05-14,2.8,2.8,2.8,2.8,2.8,10.0,1.0,28.0,10.0,100.0,0.0,0.0,1242259200.0
2009-05-13,2.88,2.88,2.85,2.85,2.85,20.0,2.0,57.0,20.0,100.0,0.03,-0.03,1242172800.0
2009-05-08,2.75,2.75,2.75,2.75,2.736842105263157,19.0,1.0,52.0,19.0,100.0,0.0,0.0,1241740800.0
2009-05-07,2.62,2.62,2.62,2.62,2.5,2.0,1.0,5.0,2.0,100.0,0.0,0.0,1241654400.0
2009-05-06,2.5,2.5,2.5,2.5,2.5,20.0,1.0,50.0,20.0,100.0,0.0,0.0,1241568000.0
2009-04-09,2.5,2.5,2.5,2.5,2.5,500.0,1.0,1250.0,500.0,100.0,0.0,0.0,1239235200.0
2009-03-27,2.29,2.53,2.29,2.53,2.52,100.0,2.0,252.0,100.0,100.0,0.24,0.24,1238112000.0
2009-03-09,2.41,2.41,2.41,2.41,2.41,200.0,1.0,482.0,200.0,100.0,0.0,0.0,1236556800.0
2009-03-03,2.3,2.3,2.3,2.3,2.3,200.0,2.0,460.0,200.0,100.0,0.0,0.0,1236038400.0
2009-02-24,2.3,2.3,2.3,2.3,2.3,200.0,2.0,460.0,200.0,100.0,0.0,0.0,1235433600.0
2009-02-19,2.42,2.42,2.42,2.42,2.4194444444444443,360.0,1.0,871.0,360.0,100.0,0.0,0.0,1235001600.0
2009-02-18,2.6,2.6,2.54,2.54,2.5859375,640.0,3.0,1655.0,640.0,100.0,0.06,-0.06,1234915200.0
2009-02-17,2.67,2.67,2.67,2.67,2.67,178800.0,5.0,477396.0,178800.0,100.0,0.0,0.0,1234828800.0
2009-01-07,2.8,2.8,2.8,2.8,2.8,200.0,1.0,560.0,200.0,100.0,0.0,0.0,1231286400.0
2009-01-05,2.8,2.8,2.8,2.8,2.0,1.0,1.0,2.0,1.0,100.0,0.0,0.0,1231113600.0
2008-11-11,2.8,2.8,2.8,2.8,2.8,200.0,1.0,560.0,200.0,100.0,0.0,0.0,1226361600.0
2008-11-05,2.83,2.83,2.83,2.83,2.83,800.0,1.0,2264.0,800.0,100.0,0.0,0.0,1225843200.0
2008-10-23,2.83,2.83,2.83,2.83,2.829901960784313,4080.0,1.0,11546.0,4080.0,100.0,0.0,0.0,1224720000.0
2008-10-21,2.57,2.7,2.57,2.7,2.5,2.0,2.0,5.0,2.0,100.0,0.13,0.13,1224547200.0
2008-10-16,2.7,2.7,2.7,2.7,2.7,1000.0,1.0,2700.0,1000.0,100.0,0.0,0.0,1224115200.0
2008-10-15,2.83,2.83,2.83,2.83,2.83,1000.0,2.0,2830.0,1000.0,100.0,0.0,0.0,1224028800.0
2008-10-14,3.0,3.0,2.95,2.95,2.974752475247525,2020.0,4.0,6009.0,2020.0,100.0,0.05,-0.05,1223942400.0
2008-10-13,3.05,3.1,3.05,3.06,3.0666666666666664,300.0,2.0,920.0,300.0,100.0,0.05,0.01,1223856000.0
2008-10-10,3.02,3.3,3.02,3.2,3.193548387096774,31.0,3.0,99.0,31.0,100.0,0.28,0.18,1223596800.0
2008-10-08,3.17,3.17,3.17,3.17,3.1682419659735346,529.0,2.0,1676.0,529.0,100.0,0.0,0.0,1223424000.0
2008-10-07,3.33,3.33,3.33,3.33,3.33,500.0,1.0,1665.0,500.0,100.0,0.0,0.0,1223337600.0
2008-10-03,3.5,3.5,3.5,3.5,3.5,1000.0,3.0,3500.0,1000.0,100.0,0.0,0.0,1222992000.0
2008-09-22,3.35,3.62,3.35,3.62,3.34916864608076,842.0,4.0,2820.0,842.0,100.0,0.27,0.27,1222041600.0
2008-09-18,3.45,3.45,3.4,3.45,3.44,1000.0,5.0,3440.0,1000.0,100.0,0.05,0.0,1221696000.0
2008-09-17,3.45,3.45,3.45,3.45,3.45,100.0,1.0,345.0,100.0,100.0,0.0,0.0,1221609600.0
2008-09-16,3.6,3.61,3.6,3.61,3.5970149253731343,201.0,2.0,723.0,201.0,100.0,0.01,0.01,1221523200.0
2008-09-11,3.12,3.44,3.12,3.44,3.233548387096774,3100.0,3.0,10024.0,3100.0,100.0,0.32,0.32,1221091200.0
2008-09-10,3.28,3.28,3.28,3.28,3.28,100.0,1.0,328.0,100.0,100.0,0.0,0.0,1221004800.0
2008-09-05,2.87,3.15,2.87,3.15,3.01,200.0,2.0,602.0,200.0,100.0,0.28,0.28,1220572800.0
2008-09-04,3.15,3.15,3.0,3.0,3.098573281452659,2313.0,8.0,7167.0,2313.0,100.0,0.15,-0.15,1220486400.0
2008-09-02,3.15,3.15,3.15,3.15,3.15,100.0,1.0,315.0,100.0,100.0,0.0,0.0,1220313600.0
2008-09-01,3.0,3.0,3.0,3.0,3.0,106.0,3.0,318.0,106.0,100.0,0.0,0.0,1220227200.0
2008-08-29,2.86,2.86,2.86,2.86,2.86,150.0,2.0,429.0,150.0,100.0,0.0,0.0,1219968000.0
2008-08-22,3.0,3.0,3.0,3.0,3.0,400.0,3.0,1200.0,400.0,100.0,0.0,0.0,1219363200.0
2008-08-11,3.16,3.16,3.06,3.1,3.1147407104940794,2449.0,4.0,7628.0,2449.0,100.0,0.1,-0.06,1218412800.0
2008-08-08,3.0,3.24,3.0,3.21,3.1626353374798435,4341.0,9.0,13729.0,4341.0,100.0,0.24,0.21,1218153600.0
2008-08-07,3.09,3.09,3.09,3.09,3.089922480620156,1290.0,3.0,3986.0,1290.0,100.0,0.0,0.0,1218067200.0
2008-08-06,2.68,2.95,2.68,2.95,2.815,200.0,3.0,563.0,200.0,100.0,0.27,0.27,1217980800.0
2008-08-05,2.81,2.81,2.81,2.81,2.81,100.0,1.0,281.0,100.0,100.0,0.0,0.0,1217894400.0
2008-08-01,2.95,2.95,2.95,2.95,2.9466666666666663,150.0,2.0,442.0,150.0,100.0,0.0,0.0,1217548800.0
2008-07-31,3.0,3.05,2.91,3.05,2.982920580700256,1171.0,5.0,3493.0,1171.0,100.0,0.14,0.05,1217462400.0
2008-07-30,3.1,3.1,3.06,3.06,3.0720675944334,2012.0,9.0,6181.0,2012.0,100.0,0.04,-0.04,1217376000.0
2008-07-29,3.42,3.42,3.2,3.2,3.2275,800.0,3.0,2582.0,800.0,100.0,0.22,-0.22,1217289600.0
2008-07-28,3.26,3.26,3.26,3.26,3.259132420091324,876.0,3.0,2855.0,876.0,100.0,0.0,0.0,1217203200.0
2008-07-24,3.44,3.44,3.43,3.43,3.4385714285714286,700.0,2.0,2407.0,700.0,100.0,0.01,-0.01,1216857600.0
2008-07-23,3.27,3.61,3.27,3.61,3.432300163132137,4291.0,16.0,14728.0,4291.0,100.0,0.34,0.34,1216771200.0
2008-07-22,3.44,3.44,3.44,3.44,3.44,1550.0,4.0,5332.0,1550.0,100.0,0.0,0.0,1216684800.0
2008-07-21,3.62,3.62,3.62,3.62,3.62,3150.0,5.0,11403.0,3150.0,100.0,0.0,0.0,1216598400.0
2008-07-18,3.81,3.81,3.81,3.81,3.808988764044944,623.0,2.0,2373.0,623.0,100.0,0.0,0.0,1216339200.0
2008-07-17,4.0,4.0,4.0,4.0,4.0,1150.0,3.0,4600.0,1150.0,100.0,0.0,0.0,1216252800.0
2008-07-16,3.83,3.83,3.83,3.83,3.83,1000.0,2.0,3830.0,1000.0,100.0,0.0,0.0,1216166400.0
2008-07-15,4.03,4.03,3.65,3.65,3.744278606965175,2010.0,5.0,7526.0,2010.0,100.0,0.38,-0.38,1216080000.0
2008-07-14,3.9,3.9,3.84,3.84,3.89,1200.0,2.0,4668.0,1200.0,100.0,0.06,-0.06,1215993600.0
2008-07-11,3.66,4.04,3.66,4.04,3.8085714285714287,2800.0,5.0,10664.0,2800.0,100.0,0.38,0.38,1215734400.0
2008-07-10,4.0,4.0,3.85,3.85,3.9,1250.0,4.0,4875.0,1250.0,100.0,0.15,-0.15,1215648000.0
2008-07-09,4.0,4.0,4.0,4.0,4.0,1000.0,2.0,4000.0,1000.0,100.0,0.0,0.0,1215561600.0
2008-07-08,4.0,4.17,4.0,4.13,4.131868131868132,1001.0,4.0,4136.0,1001.0,100.0,0.17,0.13,1215475200.0
2008-07-07,3.99,3.99,3.99,3.99,3.99,200.0,2.0,798.0,200.0,100.0,0.0,0.0,1215388800.0
2008-07-03,4.19,4.19,4.19,4.19,4.183333333333333,120.0,1.0,502.0,120.0,100.0,0.0,0.0,1215043200.0
2008-06-27,4.19,4.19,4.19,4.19,4.19,100.0,1.0,419.0,100.0,100.0,0.0,0.0,1214524800.0
2008-06-25,4.0,4.0,4.0,4.0,4.0,843.0,3.0,3372.0,843.0,100.0,0.0,0.0,1214352000.0
2008-06-24,3.81,4.2,3.81,4.2,4.122,500.0,3.0,2061.0,500.0,100.0,0.39,0.39,1214265600.0
2008-06-23,4.0,4.0,3.86,4.0,3.941756693283232,2129.0,5.0,8392.0,2129.0,100.0,0.14,0.0,1214179200.0
2008-06-20,4.0,4.06,4.0,4.06,4.016748366013072,2448.0,16.0,9833.0,2448.0,100.0,0.06,0.06,1213920000.0
2008-06-19,3.8,3.87,3.8,3.87,3.8129629629629616,540.0,2.0,2059.0,540.0,100.0,0.07,0.07,1213833600.0
2008-06-17,3.69,3.69,3.69,3.69,3.69,500.0,1.0,1845.0,500.0,100.0,0.0,0.0,1213660800.0
2008-06-16,3.52,3.52,3.52,3.52,3.5,4.0,1.0,14.0,4.0,100.0,0.0,0.0,1213574400.0
2008-06-12,3.36,3.36,3.36,3.36,3.3589743589743586,351.0,3.0,1179.0,351.0,100.0,0.0,0.0,1213228800.0
2008-06-10,3.2,3.2,3.2,3.2,3.2,10400.0,4.0,33280.0,10400.0,100.0,0.0,0.0,1213056000.0
2008-06-09,3.15,3.15,3.05,3.05,3.0666666666666664,1200.0,2.0,3680.0,1200.0,100.0,0.1,-0.1,1212969600.0
2008-06-06,2.86,3.0,2.86,3.0,2.96,700.0,4.0,2072.0,700.0,100.0,0.14,0.14,1212710400.0
2008-06-05,3.0,3.0,3.0,3.0,3.0,200.0,1.0,600.0,200.0,100.0,0.0,0.0,1212624000.0
2008-06-04,3.08,3.08,3.08,3.08,3.08,2750.0,6.0,8470.0,2750.0,100.0,0.0,0.0,1212537600.0
2008-06-03,2.95,2.95,2.95,2.95,2.95,1000.0,3.0,2950.0,1000.0,100.0,0.0,0.0,1212451200.0
2008-06-02,3.09,3.09,3.09,3.09,3.09,100.0,1.0,309.0,100.0,100.0,0.0,0.0,1212364800.0
2008-05-30,3.45,3.45,3.25,3.25,3.299268292682927,4100.0,10.0,13527.0,4100.0,100.0,0.2,-0.2,1212105600.0
2008-05-29,3.35,3.35,3.33,3.33,3.3328571428571427,2800.0,5.0,9332.0,2800.0,100.0,0.02,-0.02,1212019200.0
2008-05-27,3.84,3.84,3.5,3.5,3.6586666666666665,4500.0,15.0,16464.0,4500.0,100.0,0.34,-0.34,1211846400.0
2008-05-26,4.01,4.01,3.67,3.67,3.9533333333333327,1200.0,2.0,4744.0,1200.0,100.0,0.34,-0.34,1211760000.0
2008-05-23,3.83,3.83,3.83,3.83,3.83,7000.0,7.0,26810.0,7000.0,100.0,0.0,0.0,1211500800.0
2008-05-22,3.65,3.65,3.65,3.65,3.6499598393574297,6225.0,7.0,22721.0,6225.0,100.0,0.0,0.0,1211414400.0
2008-05-16,3.48,3.49,3.2,3.48,3.44325,4000.0,8.0,13773.0,4000.0,100.0,0.29,0.0,1210896000.0
2008-05-15,3.34,3.34,3.33,3.33,3.33,100.0,2.0,333.0,100.0,100.0,0.01,-0.01,1210809600.0
2008-05-13,3.62,3.62,3.46,3.46,3.5217391304347823,3220.0,5.0,11340.0,3220.0,100.0,0.16,-0.16,1210636800.0
2008-05-12,3.47,3.47,3.46,3.46,3.46,100.0,2.0,346.0,100.0,100.0,0.01,-0.01,1210550400.0
2008-05-09,3.94,3.94,3.62,3.62,3.7977777777777777,900.0,3.0,3418.0,900.0,100.0,0.32,-0.32,1210291200.0
2008-05-06,3.84,3.84,3.53,3.8,3.776595744680851,2350.0,5.0,8875.0,2350.0,100.0,0.31,-0.04,1210032000.0
2008-05-05,4.0,4.04,3.66,3.66,3.988489208633093,1390.0,7.0,5544.0,1390.0,100.0,0.38,-0.34,1209945600.0
2008-05-02,3.75,3.85,3.75,3.85,3.8342857142857136,350.0,2.0,1342.0,350.0,100.0,0.1,0.1,1209686400.0
2008-04-30,3.8,3.8,3.62,3.8,3.753521126760563,3124.0,11.0,11726.0,3124.0,100.0,0.18,0.0,1209513600.0
2008-04-29,3.63,3.63,3.62,3.62,3.62,100.0,2.0,362.0,100.0,100.0,0.01,-0.01,1209427200.0
2008-04-28,3.8,3.8,3.65,3.65,3.786363636363636,1100.0,2.0,4165.0,1100.0,100.0,0.15,-0.15,1209340800.0
2008-04-25,3.82,3.82,3.81,3.81,3.815,400.0,3.0,1526.0,400.0,100.0,0.01,-0.01,1209081600.0
2008-04-24,3.9,3.92,3.9,3.92,3.9066666666666654,300.0,2.0,1172.0,300.0,100.0,0.02,0.02,1208995200.0
2008-04-23,3.9,4.0,3.89,3.89,3.908472222222223,7200.0,17.0,28141.0,7200.0,100.0,0.11,-0.01,1208908800.0
2008-04-22,4.13,4.3,4.09,4.09,4.157941176470588,3400.0,9.0,14137.0,3400.0,100.0,0.21,-0.04,1208822400.0
2008-04-21,4.3,4.3,4.3,4.3,4.3,4800.0,8.0,20640.0,4800.0,100.0,0.0,0.0,1208736000.0
2008-04-17,4.55,4.55,4.52,4.52,4.532743362831858,2825.0,5.0,12805.0,2825.0,100.0,0.03,-0.03,1208390400.0
2008-04-16,4.75,4.75,4.75,4.75,4.75,100.0,1.0,475.0,100.0,100.0,0.0,0.0,1208304000.0
2008-04-15,4.75,4.75,4.75,4.75,4.75,100.0,1.0,475.0,100.0,100.0,0.0,0.0,1208217600.0
2008-04-08,4.95,4.95,4.75,4.75,4.810434782608696,575.0,4.0,2766.0,575.0,100.0,0.2,-0.2,1207612800.0
2008-04-04,5.3,5.44,4.96,4.96,5.323386970785816,6401.0,13.0,34075.0,6401.0,100.0,0.48,-0.34,1207267200.0
2008-04-03,5.19,5.19,5.19,5.19,5.18941504178273,1436.0,4.0,7452.0,1436.0,100.0,0.0,0.0,1207180800.0
2008-04-02,4.95,4.95,4.95,4.95,4.95,100.0,1.0,495.0,100.0,100.0,0.0,0.0,1207094400.0
2008-04-01,4.72,4.72,4.72,4.72,4.72,850.0,3.0,4012.0,850.0,100.0,0.0,0.0,1207008000.0
2008-03-27,4.5,4.5,4.5,4.5,4.499903119550474,5161.0,5.0,23224.0,5161.0,100.0,0.0,0.0,1206576000.0
2008-03-26,4.29,4.29,4.29,4.29,4.289931869795609,6605.0,7.0,28335.0,6605.0,100.0,0.0,0.0,1206489600.0
2008-03-25,4.0,4.09,4.0,4.09,4.0771428571428565,3500.0,5.0,14270.0,3500.0,100.0,0.09,0.09,1206403200.0
2008-03-24,3.67,4.0,3.67,3.9,3.8511627906976735,4300.0,5.0,16560.0,4300.0,100.0,0.33,0.23,1206316800.0
2008-03-19,3.53,3.85,3.53,3.85,3.8256603773584894,2650.0,7.0,10138.0,2650.0,100.0,0.32,0.32,1205884800.0
2008-03-18,3.7,3.7,3.7,3.7,3.7,1000.0,2.0,3700.0,1000.0,100.0,0.0,0.0,1205798400.0
2008-03-17,3.26,3.53,3.22,3.53,3.36468253968254,10080.0,15.0,33916.0,10080.0,100.0,0.31,0.27,1205712000.0
2008-03-14,3.38,3.38,3.38,3.38,3.38,1000.0,2.0,3380.0,1000.0,100.0,0.0,0.0,1205452800.0
2008-03-12,3.83,3.83,3.54,3.54,3.784615384615385,650.0,3.0,2460.0,650.0,100.0,0.29,-0.29,1205280000.0
2008-03-11,3.65,3.65,3.62,3.65,3.645161290322581,620.0,3.0,2260.0,620.0,100.0,0.03,0.0,1205193600.0
2008-03-10,3.89,3.89,3.81,3.81,3.842,1000.0,4.0,3842.0,1000.0,100.0,0.08,-0.08,1205107200.0
2008-03-07,4.0,4.0,4.0,4.0,4.0,5800.0,7.0,23200.0,5800.0,100.0,0.0,0.0,1204848000.0
2008-03-04,4.2,4.2,4.2,4.2,4.2,400.0,2.0,1680.0,400.0,100.0,0.0,0.0,1204588800.0
2008-03-03,4.84,4.85,4.39,4.41,4.5648275862068965,2900.0,11.0,13238.0,2900.0,100.0,0.46,-0.43,1204502400.0
2008-02-29,4.64,4.64,4.62,4.62,4.630864197530864,810.0,4.0,3751.0,810.0,100.0,0.02,-0.02,1204243200.0
2008-02-28,4.85,4.86,4.85,4.86,4.854,500.0,2.0,2427.0,500.0,100.0,0.01,0.01,1204156800.0
2008-02-27,4.62,4.65,4.62,4.65,4.635356200527704,1895.0,9.0,8784.0,1895.0,100.0,0.03,0.03,1204070400.0
2008-02-26,5.33,5.34,4.86,4.86,4.968438003220612,3105.0,8.0,15427.0,3105.0,100.0,0.48,-0.47,1203984000.0
2008-02-25,5.59,5.59,5.08,5.11,5.217142857142857,2100.0,7.0,10956.0,2100.0,100.0,0.51,-0.48,1203897600.0
2008-02-22,5.33,5.33,5.33,5.33,5.33,1000.0,3.0,5330.0,1000.0,100.0,0.0,0.0,1203638400.0
2008-02-21,5.2,5.2,4.73,5.11,5.112907883338146,3463.0,11.0,17706.0,3463.0,100.0,0.47,-0.09,1203552000.0
2008-02-20,4.95,4.96,4.95,4.96,4.954198473282442,3537.0,5.0,17523.0,3537.0,100.0,0.01,0.01,1203465600.0
2008-02-19,4.73,4.73,4.73,4.73,4.73,1000.0,3.0,4730.0,1000.0,100.0,0.0,0.0,1203379200.0
2008-02-18,4.51,4.51,4.3,4.51,4.42,1800.0,4.0,7956.0,1800.0,100.0,0.21,0.0,1203292800.0
2008-02-15,4.31,4.34,4.31,4.31,4.32125,1600.0,8.0,6914.0,1600.0,100.0,0.03,0.0,1203033600.0
2008-02-14,4.53,4.53,4.53,4.53,4.53,1300.0,3.0,5889.0,1300.0,100.0,0.0,0.0,1202947200.0
2008-02-13,4.75,4.79,4.75,4.75,4.772640218878249,7310.0,12.0,34888.0,7310.0,100.0,0.04,0.0,1202860800.0
2008-02-12,4.99,5.25,4.99,4.99,4.990280715796696,34982.0,12.0,174570.0,34982.0,100.0,0.26,0.0,1202774400.0
2008-02-11,5.25,5.25,5.25,5.25,5.249090909090909,550.0,3.0,2887.0,550.0,100.0,0.0,0.0,1202688000.0
2008-02-08,5.8,5.8,5.52,5.52,5.5312,2500.0,8.0,13828.0,2500.0,100.0,0.28,-0.28,1202428800.0
2008-02-07,6.1,6.15,5.8,5.8,6.047717842323651,2410.0,7.0,14575.0,2410.0,100.0,0.35,-0.3,1202342400.0
2008-02-06,6.3,6.4,6.09,6.1,6.168358714043992,5910.0,15.0,36455.0,5910.0,100.0,0.31,-0.2,1202256000.0
2008-02-05,6.87,6.87,6.29,6.41,6.431736954967834,1399.0,5.0,8998.0,1399.0,100.0,0.58,-0.46,1202169600.0
2008-02-04,6.56,6.56,6.28,6.56,6.507551487414188,2185.0,11.0,14219.0,2185.0,100.0,0.28,0.0,1202083200.0
2008-02-01,6.25,6.25,5.96,6.25,6.181481481481482,2160.0,12.0,13352.0,2160.0,100.0,0.29,0.0,1201824000.0
2008-01-31,5.68,5.96,5.68,5.96,5.796008869179601,902.0,5.0,5228.0,902.0,100.0,0.28,0.28,1201737600.0
2008-01-30,5.67,5.69,5.51,5.68,5.684428044280442,6775.0,14.0,38512.0,6775.0,100.0,0.18,0.01,1201651200.0
2008-01-29,5.42,5.42,4.98,5.42,5.35280701754386,5700.0,9.0,30511.0,5700.0,100.0,0.44,0.0,1201564800.0
2008-01-28,5.17,5.25,5.17,5.17,5.197391304347826,1150.0,10.0,5977.0,1150.0,100.0,0.08,0.0,1201478400.0
2008-01-25,5.3,5.56,5.05,5.44,5.38731884057971,2760.0,11.0,14869.0,2760.0,100.0,0.51,0.14,1201219200.0
2008-01-24,5.84,5.84,5.3,5.3,5.664109589041096,3650.0,14.0,20674.0,3650.0,100.0,0.54,-0.54,1201132800.0
2008-01-23,5.86,5.86,5.57,5.57,5.641311475409836,6100.0,12.0,34412.0,6100.0,100.0,0.29,-0.29,1201046400.0
2008-01-22,6.44,6.44,5.86,5.86,5.86138613861386,101.0,2.0,592.0,101.0,100.0,0.58,-0.58,1200960000.0
2008-01-21,6.15,6.6,6.15,6.16,6.184857142857143,3500.0,8.0,21647.0,3500.0,100.0,0.45,0.01,1200873600.0
2008-01-18,6.45,7.07,6.45,6.46,7.048069306930693,20200.0,25.0,142371.0,20200.0,100.0,0.62,0.01,1200614400.0
2008-01-17,6.61,6.89,6.61,6.74,6.708926080892608,7170.0,14.0,48103.0,7170.0,100.0,0.28,0.13,1200528000.0
2008-01-16,6.58,6.95,6.56,6.87,6.658818565400844,11850.0,33.0,78907.0,11850.0,100.0,0.39,0.29,1200441600.0
2008-01-15,7.61,7.61,6.89,6.9,6.952317073170732,8200.0,22.0,57009.0,8200.0,100.0,0.72,-0.71,1200355200.0
2008-01-14,7.97,7.97,7.25,7.25,7.313925925925926,6750.0,14.0,49369.0,6750.0,100.0,0.72,-0.72,1200268800.0
2008-01-11,7.6,7.6,7.6,7.6,7.6,3500.0,6.0,26600.0,3500.0,100.0,0.0,0.0,1200009600.0
2008-01-10,8.01,8.09,7.99,7.99,7.99896103896104,3850.0,8.0,30796.0,3850.0,100.0,0.1,-0.02,1199923200.0
2008-01-09,8.41,8.41,8.41,8.41,8.40997506234414,4010.0,11.0,33724.0,4010.0,100.0,0.0,0.0,1199836800.0
2008-01-08,9.63,9.63,8.75,8.85,9.207166345390634,26457.0,77.0,243594.0,26457.0,100.0,0.88,-0.78,1199750400.0
2008-01-07,8.75,9.18,8.32,9.18,8.963246443130952,110139.0,123.0,987203.0,110139.0,100.0,0.86,0.43,1199664000.0
2008-01-04,8.09,8.75,7.93,8.75,8.349963125244024,92204.0,164.0,769900.0,92204.0,100.0,0.82,0.66,1199404800.0
2008-01-03,8.5,8.65,8.34,8.34,8.371246530406259,15852.0,30.0,132701.0,15852.0,100.0,0.31,-0.16,1199318400.0
2008-01-02,9.69,9.69,8.77,8.77,9.007580801030816,46565.0,103.0,419438.0,46565.0,100.0,0.92,-0.92,1199232000.0
2008-01-01,9.42,9.42,9.0,9.23,9.36999531651498,79001.0,85.0,740239.0,79001.0,100.0,0.42,-0.19,1199145600.0
2007-12-31,8.98,8.98,8.98,8.98,8.98,7900.0,20.0,70942.0,7900.0,100.0,0.0,0.0,1199059200.0
2007-12-28,8.56,8.56,7.76,8.56,8.366136866110754,57443.0,127.0,480576.0,57443.0,100.0,0.8,0.0,1198800000.0
2007-12-27,8.16,8.16,8.0,8.16,8.15173404792419,25749.0,40.0,209899.0,25749.0,100.0,0.16,0.0,1198713600.0
2007-12-26,7.77,7.78,7.77,7.78,7.779548532731377,22150.0,32.0,172317.0,22150.0,100.0,0.01,0.01,1198627200.0
2007-12-24,7.41,7.41,7.07,7.41,7.381007194244605,6950.0,16.0,51298.0,6950.0,100.0,0.34,0.0,1198454400.0
2007-12-20,7.06,7.06,7.04,7.06,7.056311881188119,8080.0,23.0,57015.0,8080.0,100.0,0.02,0.0,1198108800.0
2007-12-19,6.73,6.73,6.73,6.73,6.73,36600.0,39.0,246318.0,36600.0,100.0,0.0,0.0,1198022400.0
2007-12-18,6.41,6.41,6.39,6.41,6.408841822932321,43249.0,50.0,277176.0,43249.0,100.0,0.02,0.0,1197936000.0
2007-12-17,6.1,6.11,6.1,6.11,6.104145873320538,26050.0,40.0,159013.0,26050.0,100.0,0.01,0.01,1197849600.0
2007-12-14,5.82,5.82,5.82,5.82,5.82,15100.0,19.0,87882.0,15100.0,100.0,0.0,0.0,1197590400.0
2007-12-13,5.55,5.55,5.55,5.55,5.55,3900.0,9.0,21645.0,3900.0,100.0,0.0,0.0,1197504000.0
2007-12-12,5.29,5.29,5.29,5.29,5.289939676979957,5139.0,14.0,27185.0,5139.0,100.0,0.0,0.0,1197417600.0
2007-12-11,5.04,5.04,5.04,5.04,5.04,7400.0,11.0,37296.0,7400.0,100.0,0.0,0.0,1197331200.0
2007-12-10,4.37,4.8,4.37,4.8,4.551093333333333,18750.0,23.0,85333.0,18750.0,100.0,0.43,0.43,1197244800.0
2007-12-07,4.59,4.59,4.36,4.59,4.582569832402235,8950.0,14.0,41014.0,8950.0,100.0,0.23,0.0,1196985600.0
2007-12-06,4.38,4.38,4.38,4.38,4.379992344009187,7837.0,8.0,34326.0,7837.0,100.0,0.0,0.0,1196899200.0
2007-12-05,4.18,4.18,4.17,4.18,4.177910447761193,3350.0,8.0,13996.0,3350.0,100.0,0.01,0.0,1196812800.0
2007-12-04,3.99,3.99,3.99,3.99,3.99,3900.0,4.0,15561.0,3900.0,100.0,0.0,0.0,1196726400.0
2007-12-03,3.8,3.8,3.8,3.8,3.8,3130.0,8.0,11894.0,3130.0,100.0,0.0,0.0,1196640000.0
2007-11-30,3.61,3.65,3.61,3.63,3.6306493506493513,3850.0,4.0,13978.0,3850.0,100.0,0.04,0.02,1196380800.0
2007-11-29,3.82,3.82,3.78,3.78,3.7984615384615377,1950.0,8.0,7407.0,1950.0,100.0,0.04,-0.04,1196294400.0
2007-11-28,3.96,3.97,3.96,3.97,3.9656750572082378,874.0,2.0,3466.0,874.0,100.0,0.01,0.01,1196208000.0
2007-11-26,4.3,4.51,4.11,4.11,4.452011494252874,17400.0,14.0,77465.0,17400.0,100.0,0.4,-0.19,1196035200.0
2007-11-23,4.25,4.3,3.93,4.3,4.267105263157895,7600.0,10.0,32430.0,7600.0,100.0,0.37,0.05,1195776000.0
2007-11-22,4.52,4.52,4.1,4.1,4.271246006389776,3130.0,7.0,13369.0,3130.0,100.0,0.42,-0.42,1195689600.0
2007-11-21,3.93,4.31,3.93,4.31,4.301335807050092,26950.0,22.0,115921.0,26950.0,100.0,0.38,0.38,1195603200.0
2007-11-20,3.73,4.11,3.73,4.11,4.0515384615384615,6500.0,11.0,26335.0,6500.0,100.0,0.38,0.38,1195516800.0
2007-11-19,3.92,3.92,3.92,3.92,3.919918591275108,11301.0,13.0,44299.0,11301.0,100.0,0.0,0.0,1195430400.0
2007-11-16,3.74,3.74,3.74,3.74,3.74,100.0,1.0,374.0,100.0,100.0,0.0,0.0,1195171200.0
2007-11-15,3.57,3.57,3.57,3.57,3.57,500.0,1.0,1785.0,500.0,100.0,0.0,0.0,1195084800.0
2007-11-14,3.4,3.4,3.25,3.4,3.373214285714285,5600.0,7.0,18890.0,5600.0,100.0,0.15,0.0,1194998400.0
2007-11-13,3.16,3.48,3.16,3.24,3.296393442622951,3050.0,5.0,10054.0,3050.0,100.0,0.32,0.08,1194912000.0
2007-11-12,3.18,3.32,3.18,3.32,3.305,2800.0,8.0,9254.0,2800.0,100.0,0.14,0.14,1194825600.0
2007-11-08,3.17,3.17,3.17,3.17,3.17,300.0,2.0,951.0,300.0,100.0,0.0,0.0,1194480000.0
2007-11-06,3.34,3.34,3.33,3.33,3.331232876712329,3650.0,7.0,12159.0,3650.0,100.0,0.01,-0.01,1194307200.0
2007-11-05,3.36,3.64,3.36,3.5,3.411206896551724,1160.0,8.0,3957.0,1160.0,100.0,0.28,0.14,1194220800.0
2007-11-02,3.5,3.5,3.5,3.5,3.5,500.0,2.0,1750.0,500.0,100.0,0.0,0.0,1193961600.0
2007-11-01,3.55,3.55,3.55,3.55,3.55,5100.0,7.0,18105.0,5100.0,100.0,0.0,0.0,1193875200.0
2007-10-31,3.77,3.77,3.56,3.7,3.6888,2500.0,8.0,9222.0,2500.0,100.0,0.21,-0.07,1193788800.0
2007-10-30,3.6,3.9,3.6,3.61,3.8167213114754097,3050.0,6.0,11641.0,3050.0,100.0,0.3,0.01,1193702400.0
2007-10-29,4.03,4.03,3.7,3.73,3.9535483870967743,6200.0,15.0,24512.0,6200.0,100.0,0.33,-0.3,1193616000.0
2007-10-26,3.9,4.03,3.85,3.85,3.9268478260869566,9200.0,13.0,36127.0,9200.0,100.0,0.18,-0.05,1193356800.0
2007-10-25,3.84,4.1,3.84,3.84,3.98356890459364,5660.0,15.0,22547.0,5660.0,100.0,0.26,0.0,1193270400.0
2007-10-24,4.1,4.3,4.0,4.01,4.06448051948052,15400.0,20.0,62593.0,15400.0,100.0,0.3,-0.09,1193184000.0
2007-10-23,4.4,4.41,4.0,4.1,4.213636363636364,12100.0,23.0,50985.0,12100.0,100.0,0.41,-0.3,1193097600.0
2007-10-22,4.2,4.2,4.2,4.2,4.2,6200.0,10.0,26040.0,6200.0,100.0,0.0,0.0,1193011200.0
2007-10-19,4.0,4.01,4.0,4.01,4.005281690140845,1704.0,8.0,6825.0,1704.0,100.0,0.01,0.01,1192752000.0
2007-10-18,3.86,4.2,3.85,4.2,3.9785714285714286,2100.0,10.0,8355.0,2100.0,100.0,0.35,0.34,1192665600.0
2007-10-17,4.25,4.25,3.95,4.0,4.194915254237288,2950.0,8.0,12375.0,2950.0,100.0,0.3,-0.25,1192579200.0
2007-10-16,4.05,4.2,4.05,4.05,4.058284762697752,1201.0,9.0,4874.0,1201.0,100.0,0.15,0.0,1192492800.0
2007-10-15,4.26,4.7,4.26,4.26,4.299293286219081,14150.0,26.0,60835.0,14150.0,100.0,0.44,0.0,1192406400.0
2007-10-12,4.5,4.5,4.48,4.48,4.494285714285714,700.0,2.0,3146.0,700.0,100.0,0.02,-0.02,1192147200.0
2007-10-11,4.71,4.93,4.71,4.71,4.868903628560281,5126.0,15.0,24958.0,5126.0,100.0,0.22,0.0,1192060800.0
2007-10-10,4.95,4.95,4.95,4.95,4.95,1100.0,2.0,5445.0,1100.0,100.0,0.0,0.0,1191974400.0
2007-10-09,4.94,5.39,4.94,5.2,4.985238095238096,67200.0,48.0,335008.0,67200.0,100.0,0.45,0.26,1191888000.0
2007-10-08,5.73,5.73,5.19,5.19,5.225454545454546,7700.0,15.0,40236.0,7700.0,100.0,0.54,-0.54,1191801600.0
2007-10-05,5.65,5.65,5.13,5.46,5.436532362048357,106251.0,162.0,577637.0,106251.0,100.0,0.52,-0.19,1191542400.0
2007-10-04,5.39,5.39,5.39,5.39,5.39,10300.0,25.0,55517.0,10300.0,100.0,0.0,0.0,1191456000.0
2007-10-03,5.14,5.14,5.14,5.14,5.139990971560415,39874.0,34.0,204952.0,39874.0,100.0,0.0,0.0,1191369600.0
2007-10-01,4.9,4.9,4.9,4.9,4.899990109781426,50555.0,20.0,247719.0,50555.0,100.0,0.0,0.0,1191196800.0
2007-09-28,4.67,4.67,4.67,4.67,4.67,10600.0,16.0,49502.0,10600.0,100.0,0.0,0.0,1190937600.0
2007-09-27,4.45,4.45,4.45,4.45,4.45,19400.0,25.0,86330.0,19400.0,100.0,0.0,0.0,1190851200.0
2007-09-26,4.24,4.24,4.24,4.24,4.23998377766868,46849.0,32.0,198639.0,46849.0,100.0,0.0,0.0,1190764800.0
2007-09-25,4.04,4.04,4.04,4.04,4.04,4100.0,9.0,16564.0,4100.0,100.0,0.0,0.0,1190678400.0
2007-09-24,3.85,3.85,3.85,3.85,3.85,4800.0,6.0,18480.0,4800.0,100.0,0.0,0.0,1190592000.0
2007-09-21,3.67,3.67,3.67,3.67,3.669858156028369,2820.0,4.0,10349.0,2820.0,100.0,0.0,0.0,1190332800.0
2007-09-20,3.5,3.5,3.5,3.5,3.5,9800.0,14.0,34300.0,9800.0,100.0,0.0,0.0,1190246400.0
2007-09-19,3.34,3.34,3.34,3.34,3.34,39500.0,19.0,131930.0,39500.0,100.0,0.0,0.0,1190160000.0
2007-09-18,3.19,3.19,3.19,3.19,3.19,2800.0,7.0,8932.0,2800.0,100.0,0.0,0.0,1190073600.0
2007-09-17,3.04,3.04,3.04,3.04,3.04,5800.0,12.0,17632.0,5800.0,100.0,0.0,0.0,1189987200.0
2007-09-14,2.9,2.9,2.9,2.9,2.8999714294784287,31501.0,18.0,91352.0,31501.0,100.0,0.0,0.0,1189728000.0
2007-09-13,2.77,2.77,2.77,2.77,2.77,1100.0,3.0,3047.0,1100.0,100.0,0.0,0.0,1189641600.0
2007-09-12,2.64,2.64,2.64,2.64,2.64,3100.0,7.0,8184.0,3100.0,100.0,0.0,0.0,1189555200.0
2007-09-11,2.52,2.52,2.52,2.52,2.51999742798354,31104.0,12.0,78382.0,31104.0,100.0,0.0,0.0,1189468800.0
2007-09-10,2.4,2.4,2.4,2.4,2.4,28400.0,6.0,68160.0,28400.0,100.0,0.0,0.0,1189382400.0
2007-09-07,2.29,2.29,2.23,2.29,2.2895672687581423,28401.0,22.0,65026.0,28401.0,100.0,0.06,0.0,1189123200.0
2007-09-06,2.1,2.19,2.1,2.19,2.1783697953422725,68016.0,35.0,148164.0,68016.0,100.0,0.09,0.09,1189036800.0
2007-09-05,2.2,2.2,2.04,2.09,2.0902922755741127,38320.0,21.0,80100.0,38320.0,100.0,0.16,-0.11,1188950400.0
2007-09-04,2.1,2.16,2.04,2.1,2.0798776342624063,29420.0,16.0,61190.0,29420.0,100.0,0.12,0.0,1188864000.0
2007-09-03,1.92,2.1,1.92,2.1,2.090573581423958,13006.0,11.0,27190.0,13006.0,100.0,0.18,0.18,1188777600.0
2007-08-31,1.95,2.0,1.92,2.0,1.9645652173913044,4600.0,7.0,9037.0,4600.0,100.0,0.08,0.05,1188518400.0
2007-08-28,2.0,2.13,2.0,2.0,2.0026248906295567,24001.0,18.0,48065.0,24001.0,100.0,0.13,0.0,1188259200.0
2007-08-27,2.1,2.1,2.03,2.03,2.03625,11200.0,3.0,22806.0,11200.0,100.0,0.07,-0.07,1188172800.0
2007-08-24,2.1,2.1,2.1,2.1,2.1,100.0,1.0,210.0,100.0,100.0,0.0,0.0,1187913600.0
2007-08-23,2.13,2.13,2.05,2.05,2.0828571428571427,7000.0,6.0,14580.0,7000.0,100.0,0.08,-0.08,1187827200.0
2007-08-22,2.13,2.13,2.13,2.13,2.13,2600.0,12.0,5538.0,2600.0,100.0,0.0,0.0,1187740800.0
2007-08-21,2.23,2.23,2.03,2.03,2.1268269230769232,10400.0,10.0,22119.0,10400.0,100.0,0.2,-0.2,1187654400.0
2007-08-20,2.35,2.35,2.13,2.13,2.204872881355932,23600.0,21.0,52035.0,23600.0,100.0,0.22,-0.22,1187568000.0
2007-08-17,2.35,2.35,2.17,2.24,2.2241071428571426,15680.0,15.0,34874.0,15680.0,100.0,0.18,-0.11,1187308800.0
2007-08-16,2.36,2.36,2.28,2.28,2.302992125984252,12700.0,15.0,29248.0,12700.0,100.0,0.08,-0.08,1187222400.0
2007-08-14,2.25,2.32,2.12,2.25,2.300190735694823,36700.0,29.0,84417.0,36700.0,100.0,0.2,0.0,1187049600.0
2007-08-13,2.05,2.21,2.05,2.21,2.0838317757009346,10700.0,15.0,22297.0,10700.0,100.0,0.16,0.16,1186963200.0
2007-08-10,2.05,2.11,2.0,2.11,2.095105485232068,23700.0,9.0,49654.0,23700.0,100.0,0.11,0.06,1186704000.0
2007-08-09,2.1,2.1,2.01,2.01,2.06,2700.0,5.0,5562.0,2700.0,100.0,0.09,-0.09,1186617600.0
2007-08-08,2.05,2.1,2.05,2.1,2.095,10000.0,7.0,20950.0,10000.0,100.0,0.05,0.05,1186531200.0
2007-08-07,2.01,2.01,1.85,2.0,1.9938461538461536,1300.0,6.0,2592.0,1300.0,100.0,0.16,-0.01,1186444800.0
2007-08-06,1.95,1.95,1.92,1.92,1.9371428571428568,700.0,6.0,1356.0,700.0,100.0,0.03,-0.03,1186358400.0
2007-08-03,2.0,2.0,1.95,1.95,1.975,200.0,2.0,395.0,200.0,100.0,0.05,-0.05,1186099200.0
2007-08-02,2.1,2.18,2.02,2.02,2.1115555555555554,9000.0,21.0,19004.0,9000.0,100.0,0.16,-0.08,1186012800.0
