Date,Open Price,High Price,Low Price,Close Price,WAP,No.of Shares,No. of Trades,Total Turnover (Rs.),Deliverable Quantity,% Deli. Qty to Traded Qty,Spread High-Low,Spread Close-Open,Unix Date
2021-05-06,1089.95,1108.0,1072.0,1099.0,1089.7664758955643,108507.0,9460.0,118247291.0,65357.0,60.23,36.0,9.049999999999956,1620259200.0
2021-05-05,1058.5,1080.4,1030.0,1065.85,1063.3962106305012,84869.0,6574.0,90249373.0,48788.0,57.49,50.40000000000009,7.349999999999909,1620153000.0
2021-05-04,1059.95,1062.2,1033.3,1046.45,1047.1379178144437,70426.0,5624.0,73745735.0,,,28.9,-13.5,1620086400.0
2021-05-03,1003.0,1044.4,998.6,1036.5,1027.4357064354622,65512.0,6250.0,67309368.0,27302.0,41.67,45.8,33.5,1620000000.0
2021-04-30,1045.0,1045.05,1011.45,1019.0,1031.2497656103506,53330.0,7779.0,54996550.0,35184.0,65.97,33.6,-26.0,1619740800.0
2021-04-29,1053.05,1065.9,1050.0,1056.2,1056.6312714999676,15407.0,1363.0,16279518.0,7364.0,47.8,15.9,3.15,1619654400.0
2021-04-28,1055.0,1074.4,1045.55,1054.35,1058.2520803613884,16824.0,1692.0,17804033.0,9866.0,58.64,28.85,-0.65,1619568000.0
2021-04-27,1045.0,1065.95,1044.95,1054.25,1053.112230964302,15379.0,1366.0,16195813.0,5479.0,35.63,21.0,9.25,1619481600.0
2021-04-26,1053.0,1061.15,1045.5,1049.15,1051.6236290799238,15227.0,1261.0,16013073.0,6973.0,45.79,15.65,-3.85,1619395200.0
2021-04-23,1028.0,1064.0,1028.0,1052.4,1047.99949979992,29988.0,2097.0,31427409.0,12302.0,41.02,36.0,24.4,1619136000.0
2021-04-22,1040.05,1053.15,1008.65,1029.65,1028.0101344302363,33549.0,2120.0,34488712.0,8650.0,25.78,44.5,-10.4,1619049600.0
2021-04-20,1068.0,1088.75,1037.6,1043.55,1060.2112413763914,23627.0,2277.0,25049611.0,10011.0,42.37,51.15,-24.45,1618876800.0
2021-04-19,1108.0,1108.0,1052.3,1055.7,1068.1429948867783,34225.0,2908.0,36557194.0,13492.0,39.42,55.7,-52.3,1618790400.0
2021-04-16,1135.0,1148.05,1099.0,1107.65,1124.5336777155976,34845.0,2635.0,39184376.0,13514.0,38.78,49.05,-27.35,1618531200.0
2021-04-15,1103.05,1144.0,1086.15,1121.55,1112.910619442168,32949.0,2289.0,36669292.0,7880.0,23.92,57.85,18.5,1618444800.0
2021-04-13,1040.1,1137.15,1034.15,1113.35,1078.4404913949998,125276.0,11491.0,135102711.0,48935.0,39.06,103.0,73.25,1618272000.0
2021-04-12,1122.05,1130.2,1085.8,1085.8,1092.8221634631682,58998.0,6630.0,64474322.0,42714.0,72.4,44.4,-36.25,1618185600.0
2021-04-09,1167.0,1180.0,1111.0,1142.9,1149.4659577922075,61600.0,6845.0,70807103.0,22154.0,35.96,69.0,-24.1,1617926400.0
2021-04-08,1179.95,1215.0,1160.0,1166.1,1191.834589598879,211208.0,2551.0,251725000.0,196350.0,92.97,55.0,-13.85,1617840000.0
2021-04-07,1215.2,1225.0,1157.15,1194.75,1193.3784432064376,103392.0,9162.0,123385784.0,50820.0,49.15,67.85,-20.45,1617753600.0
2021-04-06,1184.0,1208.0,1151.8,1194.55,1190.295401394788,95355.0,7366.0,113500618.0,51501.0,54.01,56.2,10.55,1617667200.0
2021-04-05,1161.0,1210.0,1126.05,1168.6,1175.7855957227473,57233.0,4513.0,67293737.0,19270.0,33.67,83.95,7.6,1617580800.0
2021-04-01,1105.0,1159.5,1105.0,1159.5,1146.181522915915,24939.0,2158.0,28584621.0,10545.0,42.28,54.5,54.5,1617235200.0
2021-03-31,1165.0,1165.0,1098.8,1104.3,1122.1072403059068,52042.0,4072.0,58396705.0,23442.0,45.04,66.2,-60.7,1617148800.0
2021-03-30,1220.0,1230.0,1151.0,1156.6,1184.917119316448,32770.0,2437.0,38829734.0,15175.0,46.31,79.0,-63.4,1617062400.0
2021-03-26,1215.1,1260.0,1180.0,1211.55,1204.5143221178805,63573.0,7243.0,76574589.0,29567.0,46.51,80.0,-3.55,1616716800.0
2021-03-25,1300.0,1301.0,1228.0,1228.0,1244.61233821361,67141.0,7174.0,83564517.0,41644.0,62.02,73.0,-72.0,1616630400.0
2021-03-24,1300.0,1341.6,1269.0,1292.6,1305.7780410087537,84421.0,6268.0,110235088.0,30266.0,35.85,72.6,-7.4,1616544000.0
2021-03-23,1306.0,1313.6,1279.45,1312.2,1310.6791876464267,154514.0,4811.0,202518284.0,76150.0,49.28,34.15,6.2,1616457600.0
2021-03-22,1251.05,1251.05,1233.4,1251.05,1250.1265558792372,30208.0,831.0,37763823.0,25537.0,84.54,17.65,0.0,1616371200.0
2021-03-19,1134.8,1191.5,1081.0,1191.5,1141.8573925560352,29178.0,2118.0,33317115.0,10896.0,37.34,110.5,56.7,1616112000.0
2021-03-18,1171.0,1185.75,1121.0,1134.8,1150.4082968466676,22611.0,1852.0,26011882.0,7557.0,33.42,64.75,-36.2,1616025600.0
2021-03-17,1224.0,1239.5,1158.3,1163.5,1188.7007287181184,24152.0,2219.0,28709500.0,10471.0,43.35,81.2,-60.5,1615939200.0
2021-03-16,1205.0,1245.0,1197.35,1219.25,1225.1316618515991,68881.0,5060.0,84388294.0,40878.0,59.35,47.65,14.25,1615852800.0
2021-03-15,1188.0,1205.0,1137.25,1197.35,1177.1159106417065,33707.0,1934.0,39677046.0,18715.0,55.52,67.75,9.35,1615766400.0
2021-03-12,1186.05,1200.0,1153.05,1160.3,1180.1978559776276,34328.0,2893.0,40513832.0,17797.0,51.84,46.95,-25.75,1615507200.0
2021-03-10,1175.0,1192.0,1167.35,1185.65,1181.4662629955444,43765.0,3727.0,51706871.0,31690.0,72.41,24.65,10.65,1615334400.0
2021-03-09,1180.0,1180.0,1137.95,1168.25,1162.5159854563692,15952.0,1422.0,18544455.0,7446.0,46.68,42.05,-11.75,1615248000.0
2021-03-08,1172.1,1185.8,1163.25,1171.3,1172.454125245362,15793.0,1162.0,18516568.0,6446.0,40.82,22.55,-0.8,1615161600.0
2021-03-05,1180.0,1205.95,1160.0,1171.05,1180.2368251790233,69963.0,5302.0,82572909.0,29936.0,42.79,45.95,-8.95,1614902400.0
2021-03-04,1188.9,1201.45,1164.7,1185.15,1169.683894719078,159991.0,2475.0,187138896.0,138932.0,86.84,36.75,-3.75,1614816000.0
2021-03-03,1181.0,1190.0,1133.65,1174.8,1173.996804115675,25658.0,1655.0,30122410.0,12203.0,47.56,56.35,-6.2,1614729600.0
2021-03-02,1141.1,1175.0,1133.65,1162.55,1152.1344571276877,22602.0,1726.0,26040543.0,6979.0,30.88,41.35,21.45,1614643200.0
2021-03-01,1170.0,1170.0,1131.3,1140.55,1148.4684969339512,42726.0,4819.0,49069465.0,22440.0,52.52,38.7,-29.45,1614556800.0
2021-02-26,1122.0,1185.65,1075.75,1168.05,1151.8298561333083,177873.0,12074.0,204879432.0,85175.0,47.89,109.9,46.05,1614297600.0
2021-02-25,1180.0,1192.0,1118.0,1129.2,1168.2255207933877,169501.0,3080.0,198015394.0,158431.0,93.47,74.0,-50.8,1614211200.0
2021-02-24,1213.7,1213.7,1155.15,1167.35,1173.8546784451346,74373.0,5043.0,87303094.0,36449.0,49.01,58.55,-46.35,1614124800.0
2021-02-23,1160.0,1197.55,1159.95,1194.45,1194.5157777958168,184785.0,5208.0,220728598.0,85545.0,46.29,37.6,34.45,1614038400.0
2021-02-22,1100.0,1151.05,1100.0,1140.55,1130.9299550640787,105261.0,7071.0,119042818.0,67912.0,64.52,51.05,40.55,1613952000.0
2021-02-19,1109.05,1127.95,1070.0,1118.4,1107.5421233600764,89867.0,6103.0,99531488.0,47250.0,52.58,57.95,9.35,1613692800.0
2021-02-18,1108.95,1128.5,1085.75,1114.4,1105.1376160990712,38760.0,2598.0,42835134.0,9516.0,24.55,42.75,5.45,1613606400.0
2021-02-17,1080.0,1121.3,1053.0,1102.8,1104.8819235723486,144398.0,6492.0,159542740.0,51224.0,35.47,68.3,22.8,1613520000.0
2021-02-16,1058.9,1107.4,1048.95,1067.95,1085.2650170750703,83455.0,4308.0,90570792.0,25555.0,30.62,58.45,9.05,1613433600.0
2021-02-15,1068.0,1080.0,1038.3,1054.7,1068.8297079169868,26020.0,1768.0,27810949.0,12511.0,48.08,41.7,-13.3,1613347200.0
2021-02-12,1074.0,1081.0,1044.0,1061.2,1071.2070826306913,23720.0,1492.0,25409032.0,12544.0,52.88,37.0,-12.8,1613088000.0
2021-02-11,1087.7,1090.0,1052.0,1062.45,1073.2966155947247,23431.0,1416.0,25148413.0,11735.0,50.08,38.0,-25.25,1613001600.0
2021-02-10,1080.0,1098.85,1061.0,1076.15,1079.6856873230577,31790.0,2004.0,34323208.0,11689.0,36.77,37.85,-3.85,1612915200.0
2021-02-09,1063.0,1114.6,1031.1,1085.35,1069.942770055775,79067.0,3954.0,84597165.0,41638.0,52.66,83.5,22.35,1612828800.0
2021-02-08,1079.8,1096.75,1051.2,1061.55,1070.282890213156,17452.0,1509.0,18678577.0,10248.0,58.72,45.55,-18.25,1612742400.0
2021-02-05,1108.0,1131.15,1055.0,1076.05,1097.78657130758,42506.0,2859.0,46662516.0,19420.0,45.69,76.15,-31.95,1612483200.0
2021-02-04,1045.0,1077.3,1042.6,1077.3,1040.342699490662,212040.0,2835.0,220594266.0,182495.0,86.07,34.7,32.3,1612396800.0
2021-02-03,1036.0,1045.0,1017.65,1026.0,1029.158211181282,42911.0,4302.0,44162208.0,25715.0,59.93,27.35,-10.0,1612310400.0
2021-02-02,1037.75,1047.15,1006.55,1032.85,1029.4516342670147,25669.0,2304.0,26424994.0,15576.0,60.68,40.6,-4.9,1612224000.0
2021-02-01,1008.0,1040.55,1007.0,1022.9,1024.1358807795184,26170.0,2326.0,26801636.0,8497.0,32.47,33.55,14.9,1612137600.0
2021-01-29,1040.0,1049.1,980.65,1003.75,1017.880219842484,35298.0,2963.0,35929136.0,9736.0,27.58,68.45,-36.25,1611878400.0
2021-01-28,1019.75,1038.75,1016.4,1032.25,1019.7686204196034,145566.0,1839.0,148443639.0,138733.0,95.31,22.35,12.5,1611792000.0
2021-01-27,1045.0,1049.85,1022.3,1027.6,1033.9034837235863,22763.0,2428.0,23534745.0,13714.0,60.25,27.55,-17.4,1611705600.0
2021-01-25,1064.8,1064.8,1006.5,1029.9,1041.3816622558709,29851.0,3039.0,31086284.0,14837.0,49.7,58.3,-34.9,1611532800.0
2021-01-22,1048.0,1064.85,1035.0,1047.45,1048.6753742209796,34338.0,3514.0,36009415.0,15852.0,46.16,29.85,-0.55,1611273600.0
2021-01-21,1021.35,1055.0,1010.0,1048.05,1045.382761097693,192112.0,14097.0,200830573.0,148043.0,77.06,45.0,26.7,1611187200.0
2021-01-20,997.0,1026.0,978.05,1020.55,1009.3330380087872,193008.0,17403.0,194809351.0,120489.0,62.43,47.95,23.55,1611100800.0
2021-01-19,980.0,1001.1,965.65,997.05,985.4627251960796,177734.0,12906.0,175150232.0,125974.0,70.88,35.45,17.05,1611014400.0
2021-01-18,954.0,978.0,920.55,953.45,915.4426036554592,36291745.0,7061.0,33223009534.0,36206634.0,99.77,57.45,-0.55,1610928000.0
2021-01-15,1015.9,1015.9,939.25,947.55,983.4359757685164,115222.0,8560.0,113313460.0,42286.0,36.7,76.65,-68.35,1610668800.0
2021-01-14,928.0,967.55,924.45,967.55,932.2889776857712,207715.0,5713.0,193650405.0,164614.0,79.25,43.1,39.55,1610582400.0
2021-01-13,926.0,935.0,899.2,921.5,915.6999172064938,20267290.0,14911.0,18558755775.0,20172186.0,99.53,35.8,-4.5,1610496000.0
2021-01-12,976.4,990.5,921.15,925.2,941.1444310211148,110918.0,8226.0,104389858.0,74121.0,66.82,69.35,-51.2,1610409600.0
2021-01-11,1017.1,1025.0,964.2,967.95,978.079969303734,144643.0,17853.0,141472421.0,81432.0,56.3,60.8,-49.15,1610323200.0
2021-01-08,1072.4,1075.6,1010.35,1014.9,1023.6388894816585,140583.0,13281.0,143906226.0,73589.0,52.35,65.25,-57.5,1610064000.0
2021-01-07,1111.05,1114.0,1051.25,1063.5,1104.5804180050288,137606.0,8425.0,151996893.0,117915.0,85.69,62.75,-47.55,1609977600.0
2021-01-06,1096.55,1110.95,1080.0,1106.55,1101.91181621881,83360.0,9018.0,91855369.0,57240.0,68.67,30.95,10.0,1609891200.0
2021-01-05,1066.0,1106.95,1064.15,1096.55,1084.4980592355075,23702.0,2950.0,25704773.0,14273.0,60.22,42.8,30.55,1609804800.0
2021-01-04,1086.0,1088.0,1069.95,1081.55,1078.2290954121947,67832.0,8040.0,73138436.0,48327.0,71.25,18.05,-4.45,1609718400.0
2021-01-01,1053.05,1075.0,1053.05,1066.15,1064.102274627864,11958.0,1492.0,12724535.0,5118.0,42.8,21.95,13.1,1609459200.0
2020-12-31,1068.5,1090.7,1043.15,1052.55,1069.1826587499431,44126.0,4428.0,47178754.0,18504.0,41.93,47.55,-15.95,1609372800.0
2020-12-30,1036.3,1060.0,1028.2,1051.35,1043.5019154929576,17750.0,2088.0,18522159.0,9593.0,54.04,31.8,15.05,1609286400.0
2020-12-29,1040.5,1045.0,1026.0,1038.2,1033.3814089203834,14394.0,1481.0,14874492.0,6392.0,44.41,19.0,-2.3,1609200000.0
2020-12-28,1045.9,1045.9,1025.8,1037.5,1032.551561754888,16776.0,2010.0,17322085.0,6986.0,41.64,20.1,-8.4,1609113600.0
2020-12-24,1065.0,1065.0,1021.0,1035.8,1036.5906620651351,25209.0,2787.0,26131414.0,11507.0,45.65,44.0,-29.2,1608768000.0
2020-12-23,1029.5,1049.0,1013.9,1044.25,1038.3455431485186,30986.0,3054.0,32174175.0,14184.0,45.78,35.1,14.75,1608681600.0
2020-12-22,986.45,1039.0,975.0,1029.5,1007.3833098018124,133863.0,11885.0,134851352.0,74547.0,55.69,64.0,43.05,1608595200.0
2020-12-21,1016.0,1039.7,971.0,1020.55,1007.09307095944,156977.0,13707.0,158090449.0,97482.0,62.1,68.7,4.55,1608508800.0
2020-12-18,1040.05,1058.0,1002.0,1016.15,1027.5180080690284,33957.0,3017.0,34891429.0,15832.0,46.62,56.0,-23.9,1608249600.0
2020-12-17,1020.1,1059.1,1014.5,1041.1,1039.692728424204,34738.0,3168.0,36116846.0,17308.0,49.82,44.6,21.0,1608163200.0
2020-12-16,1016.2,1030.0,1011.0,1018.4,1020.4771827267584,21212.0,2179.0,21646362.0,10011.0,47.19,19.0,2.2,1608076800.0
2020-12-15,1004.5,1020.0,999.95,1012.8,1008.7072352212648,75091.0,7422.0,75744835.0,47899.0,63.79,20.05,8.3,1607990400.0
2020-12-14,1034.9,1034.9,996.1,1012.0,1011.7330101340498,34241.0,3795.0,34642750.0,14243.0,41.6,38.8,-22.9,1607904000.0
2020-12-11,1000.0,1056.35,985.0,1041.1,1010.7169087328969,118838.0,11771.0,120111576.0,43939.0,36.97,71.35,41.1,1607644800.0
2020-12-10,1070.0,1070.0,1030.0,1036.05,1037.409259614769,31254.0,4272.0,32423189.0,17902.0,57.28,40.0,-33.95,1607558400.0
2020-12-09,1104.8,1109.3,1050.0,1064.7,1079.0789992418495,46165.0,4964.0,49815682.0,27252.0,59.03,59.3,-40.1,1607472000.0
2020-12-08,1108.55,1122.05,1088.0,1097.8,1103.686616829246,87752.0,8979.0,96850708.0,50396.0,57.43,34.05,-10.75,1607385600.0
2020-12-07,1130.2,1140.35,1072.75,1108.55,1099.1927663970164,74541.0,6816.0,81934928.0,33613.0,45.09,67.6,-21.65,1607299200.0
2020-12-04,1145.5,1159.0,1122.7,1129.2,1134.2856457083224,95825.0,8900.0,108692922.0,68521.0,71.51,36.3,-16.3,1607040000.0
2020-12-03,1149.0,1159.0,1126.15,1145.3,1147.2772428105543,168650.0,2201.0,193488307.0,158649.0,94.07,32.85,-3.7,1606953600.0
2020-12-02,1135.0,1154.8,1113.0,1144.9,1129.8610001024697,39036.0,4169.0,44105254.0,14926.0,38.24,41.8,9.9,1606867200.0
2020-12-01,1132.1,1155.65,1080.85,1133.85,1130.921349919081,63026.0,3817.0,71277449.0,26535.0,42.1,74.8,1.75,1606780800.0
2020-11-27,1102.0,1159.5,1072.65,1120.8,1142.1477760645237,168620.0,8845.0,192588958.0,83675.0,49.62,86.85,18.8,1606435200.0
2020-11-26,1087.55,1142.5,1087.55,1104.3,1102.6649672983397,178890.0,10638.0,197255736.0,65437.0,36.58,54.95,16.75,1606348800.0
2020-11-25,1209.8,1209.8,1144.75,1144.75,1150.0508783507746,31821.0,1984.0,36595769.0,26605.0,83.61,65.05,-65.05,1606262400.0
2020-11-24,1197.2,1220.0,1180.0,1204.95,1199.9782632810852,180294.0,8715.0,216348881.0,60012.0,33.29,40.0,7.75,1606176000.0
2020-11-23,1150.25,1191.4,1140.15,1180.0,1166.0892405956836,205411.0,15790.0,239527557.0,90023.0,43.83,51.25,29.75,1606089600.0
2020-11-20,1036.0,1138.0,1036.0,1135.55,1109.5902132998744,338725.0,19070.0,375845945.0,179275.0,52.93,102.0,99.55,1605830400.0
2020-11-19,1082.0,1090.0,1051.0,1083.85,1064.5091275712307,167624.0,7605.0,178437278.0,52578.0,31.37,39.0,1.85,1605744000.0
2020-11-18,1080.0,1098.0,1031.65,1079.15,1077.5156944700557,292842.0,21621.0,315541851.0,126844.0,43.31,66.35,-0.85,1605657600.0
2020-11-17,1025.0,1059.1,1023.5,1058.75,1052.9925032859917,343884.0,15535.0,362107274.0,145785.0,42.39,35.6,33.75,1605571200.0
2020-11-14,1019.0,1022.95,990.0,1008.7,1009.236458900381,44088.0,3268.0,44495217.0,19123.0,43.37,32.95,-10.3,1605312000.0
2020-11-13,944.0,988.15,944.0,988.15,955.7681750727004,249999.0,4613.0,238941088.0,201399.0,80.56,44.15,44.15,1605225600.0
2020-11-12,917.0,941.15,902.05,941.1,939.1516677289144,141210.0,3879.0,132617607.0,79159.0,56.06,39.1,24.1,1605139200.0
2020-11-11,865.55,896.35,865.55,896.35,893.4395579824416,84974.0,1866.0,75919133.0,47414.0,55.8,30.8,30.8,1605052800.0
2020-11-10,919.9,923.0,852.7,853.7,883.0230575355413,101572.0,6968.0,89690418.0,55502.0,54.64,70.3,-66.2,1604966400.0
2020-11-09,875.0,902.9,865.9,897.55,884.09143016221,201159.0,5870.0,177842948.0,136356.0,67.79,37.0,22.55,1604880000.0
2020-11-06,853.0,875.0,853.0,859.95,861.0579569390662,79283.0,2609.0,68267258.0,47052.0,59.35,22.0,6.95,1604620800.0
2020-11-05,798.6,870.0,798.6,854.55,849.5783114423971,166355.0,5615.0,141331600.0,89529.0,53.82,71.4,55.95,1604534400.0
2020-11-04,816.0,861.95,816.0,840.6,841.4427182757125,477229.0,25548.0,401560867.0,371648.0,77.88,45.95,24.6,1604448000.0
2020-11-03,884.0,894.15,816.2,831.5,853.6764455068591,148927.0,10131.0,127135472.0,55323.0,37.15,77.95,-52.5,1604361600.0
2020-11-02,852.0,899.05,841.65,859.15,876.3310977534214,278824.0,13265.0,244342142.0,135359.0,48.55,57.4,7.15,1604275200.0
2020-10-30,837.0,856.25,833.75,856.25,854.2744185739552,151524.0,2597.0,129443077.0,82414.0,54.39,22.5,19.25,1604016000.0
2020-10-29,750.0,815.5,750.0,815.5,795.4282956130002,46615.0,1954.0,37078890.0,28942.0,62.09,65.5,65.5,1603929600.0
2020-10-28,776.7,776.7,765.0,776.7,768.7798753823031,780467.0,664.0,600007323.0,773697.0,99.13,11.7,0.0,1603843200.0
2020-10-27,722.0,739.75,716.7,739.75,735.2186535631201,42126.0,1867.0,30971821.0,30775.0,73.05,23.05,17.75,1603756800.0
2020-10-26,722.0,723.15,701.0,704.55,709.4507901998495,23918.0,1449.0,16968644.0,8957.0,37.45,22.15,-17.45,1603670400.0
2020-10-23,735.95,736.75,712.0,718.9,721.2978233415049,40383.0,3410.0,29128170.0,14193.0,35.15,24.75,-17.05,1603411200.0
2020-10-22,686.0,726.85,686.0,726.85,716.8716372393596,82633.0,3651.0,59237254.0,51857.0,62.76,40.85,40.85,1603324800.0
2020-10-21,686.0,712.7,676.6,692.25,696.9542487422434,86861.0,6257.0,60538143.0,46361.0,53.37,36.1,6.25,1603238400.0
2020-10-20,693.0,708.0,685.5,689.15,695.3323322016192,53606.0,4503.0,37273985.0,30430.0,56.77,22.5,-3.85,1603152000.0
2020-10-19,714.6,715.1,695.1,702.8,707.188129861346,29570.0,2326.0,20911553.0,11344.0,38.36,20.0,-11.8,1603065600.0
2020-10-16,703.6,717.95,700.0,704.95,706.3876466834964,72094.0,5348.0,50926311.0,34316.0,47.6,17.95,1.35,1602806400.0
2020-10-15,730.0,735.0,698.1,704.7,718.4076277873944,157136.0,9029.0,112887701.0,77564.0,49.36,36.9,-25.3,1602720000.0
2020-10-14,717.95,734.95,705.85,727.8,723.8043694296832,191192.0,10087.0,138385605.0,83184.0,43.51,29.1,9.85,1602633600.0
2020-10-13,669.0,706.7,661.05,706.7,699.4498654147905,313556.0,10167.0,219316702.0,127527.0,40.67,45.65,37.7,1602547200.0
2020-10-12,684.0,701.9,661.0,673.05,677.0404998352709,42494.0,2881.0,28770159.0,13461.0,31.68,40.9,-10.95,1602460800.0
2020-10-09,699.0,712.75,681.0,683.85,692.6474035608309,40440.0,3979.0,28010661.0,20463.0,50.6,31.75,-15.15,1602201600.0
2020-10-08,697.0,725.0,664.75,695.8,701.5793491877682,194772.0,14487.0,136648013.0,92021.0,47.25,60.25,-1.2,1602115200.0
2020-10-07,720.0,729.0,699.6,699.7,706.6239598528898,194684.0,12803.0,137568379.0,102966.0,52.89,29.4,-20.3,1602028800.0
2020-10-06,754.6,754.6,725.0,736.4,735.1784554730982,43120.0,3248.0,31700895.0,19672.0,45.62,29.6,-18.2,1601942400.0
2020-10-05,770.0,772.3,730.0,749.25,749.4824460099319,51954.0,3372.0,38938611.0,28532.0,54.92,42.3,-20.75,1601856000.0
2020-10-01,745.0,755.0,714.05,747.05,740.1024092274092,205128.0,13178.0,151815727.0,114642.0,55.89,40.95,2.05,1601510400.0
2020-09-30,749.9,749.9,686.25,737.85,732.3668944134806,981792.0,21732.0,719031958.0,777837.0,79.23,63.65,-12.05,1601424000.0
2020-09-29,714.2,714.2,714.2,714.2,714.1999979020466,95331.0,1757.0,68085400.0,95331.0,100.0,0.0,0.0,1601337600.0
2020-09-28,680.2,680.2,680.2,680.2,680.1999982452446,113976.0,1665.0,77526475.0,113897.0,99.93,0.0,0.0,1601251200.0
2020-09-25,647.0,647.85,627.2,647.85,645.7556539326479,70703.0,2575.0,45656862.0,64196.0,90.8,20.65,0.85,1600992000.0
2020-09-24,558.95,617.75,558.95,617.0,580.421458572724,305463.0,15780.0,177297280.0,189001.0,61.87,58.8,58.05,1600905600.0
2020-09-23,617.5,630.6,588.35,588.35,597.6466904711149,75056.0,4432.0,44856970.0,57022.0,75.97,42.25,-29.15,1600819200.0
2020-09-22,636.0,649.0,619.3,619.3,623.1436709221623,192927.0,9622.0,120221239.0,135384.0,70.17,29.7,-16.7,1600732800.0
2020-09-21,682.95,686.0,645.9,651.85,669.0298158064426,71338.0,5308.0,47727249.0,33810.0,47.39,40.1,-31.1,1600646400.0
2020-09-18,675.0,688.0,633.6,664.6,667.877318908278,239768.0,9690.0,160135609.0,130835.0,54.57,54.4,-10.4,1600387200.0
2020-09-17,670.0,675.0,650.0,666.9,662.9847659928143,190101.0,12775.0,126034067.0,114259.0,60.1,25.0,-3.1,1600300800.0
2020-09-16,695.2,699.0,643.35,675.6,676.818335976744,218783.0,10977.0,148076346.0,76217.0,34.84,55.65,-19.6,1600214400.0
2020-09-15,657.0,670.65,648.0,670.65,668.73594342363,268522.0,5012.0,179570313.0,132133.0,49.21,22.65,13.65,1600128000.0
2020-09-14,624.95,638.85,622.0,638.75,637.7544256262781,185341.0,2631.0,118202043.0,86392.0,46.61,16.85,13.8,1600041600.0
2020-09-11,589.95,608.55,579.85,608.45,603.1441937403724,114256.0,5829.0,68912843.0,46578.0,40.77,28.7,18.5,1599782400.0
2020-09-10,598.6,619.0,570.0,579.6,593.4826166147666,187219.0,10581.0,111111222.0,83302.0,44.49,49.0,-19.0,1599696000.0
2020-09-09,554.0,592.55,536.15,590.3,569.5948613970675,127739.0,6860.0,72759478.0,46134.0,36.12,56.4,36.3,1599609600.0
2020-09-08,554.5,579.0,542.7,564.35,565.9088119655128,85713.0,4801.0,48505742.0,34061.0,39.74,36.3,9.85,1599523200.0
2020-09-07,521.05,571.0,517.45,552.95,533.7804074882939,556335.0,15780.0,296960723.0,276522.0,49.7,53.55,31.9,1599436800.0
2020-09-04,544.65,550.0,544.65,544.65,544.707756404152,210020.0,3291.0,114399523.0,197445.0,94.01,5.35,0.0,1599177600.0
2020-09-03,560.35,573.3,558.25,573.3,572.9254970727243,638136.0,4144.0,365604385.0,614388.0,96.28,15.05,12.95,1599091200.0
2020-09-02,508.0,546.0,502.0,546.0,536.0102305613528,689014.0,15675.0,369318553.0,235856.0,34.23,44.0,38.0,1599004800.0
2020-09-01,451.3,498.95,451.3,496.4,480.54377600129646,468967.0,15782.0,225359173.0,275018.0,58.64,47.65,45.1,1598918400.0
2020-08-31,465.85,497.55,420.6,453.6,459.0136401517453,460772.0,11612.0,211500633.0,75539.0,16.39,76.95,-12.25,1598832000.0
2020-08-28,434.25,472.0,434.25,462.15,458.939100164028,224352.0,5577.0,102963905.0,68352.0,30.47,37.75,27.9,1598572800.0
2020-08-27,429.45,442.5,425.0,432.2,432.8182238108331,90925.0,2229.0,39353997.0,31316.0,34.44,17.5,2.75,1598486400.0
2020-08-26,423.45,439.0,419.6,427.45,429.32781854034766,274353.0,6305.0,117787375.0,133711.0,48.74,19.4,4.0,1598400000.0
2020-08-25,425.0,435.0,400.0,424.8,422.3133603450681,344048.0,12867.0,145296067.0,151100.0,43.92,35.0,-0.2,1598313600.0
2020-08-24,369.0,414.3,369.0,414.3,405.3857866118973,480561.0,13631.0,194812599.0,325729.0,67.78,45.3,45.3,1598227200.0
2020-08-21,381.9,384.2,375.25,376.65,379.5965482341661,56319.0,1468.0,21378498.0,19765.0,35.09,8.95,-5.25,1597968000.0
2020-08-20,377.9,380.0,366.05,374.8,373.0203576341128,69065.0,2290.0,25762651.0,16523.0,23.92,13.95,-3.1,1597881600.0
2020-08-19,376.0,384.0,368.3,370.75,376.24194890571687,48068.0,1333.0,18085198.0,18708.0,38.92,15.7,-5.25,1597795200.0
2020-08-18,367.85,375.0,367.6,373.5,371.306143733013,63284.0,1665.0,23497738.0,20353.0,32.16,7.4,5.65,1597708800.0
2020-08-17,358.0,369.95,355.1,366.1,365.0634706631608,134251.0,5038.0,49010136.0,70898.0,52.81,14.85,8.1,1597622400.0
2020-08-14,362.0,367.0,351.2,357.7,359.88637776220264,75619.0,2200.0,27214248.0,16419.0,21.71,15.8,-4.3,1597363200.0
2020-08-13,366.95,369.4,361.0,361.95,364.4043944984904,29810.0,1015.0,10862895.0,9155.0,30.71,8.4,-5.0,1597276800.0
2020-08-12,362.85,369.5,352.65,362.25,362.1509644146467,48475.0,2781.0,17555268.0,13056.0,26.93,16.85,-0.6,1597190400.0
2020-08-11,373.45,376.45,359.85,360.6,364.52351236009343,49676.0,1630.0,18108070.0,20000.0,40.26,16.6,-12.85,1597104000.0
2020-08-10,385.0,388.75,370.6,373.45,379.6834188942976,180573.0,7174.0,68560574.0,91914.0,50.9,18.15,-11.55,1597017600.0
2020-08-07,345.0,375.65,342.65,371.0,363.2839094159714,184580.0,5561.0,67054944.0,44143.0,23.92,33.0,26.0,1596758400.0
2020-08-06,347.5,347.5,340.15,341.5,344.2297267759563,27450.0,830.0,9449106.0,7420.0,27.03,7.35,-6.0,1596672000.0
2020-08-05,348.0,348.7,342.0,342.6,344.5324278903865,29157.0,1145.0,10045532.0,10514.0,36.06,6.7,-5.4,1596585600.0
2020-08-04,340.0,347.5,340.0,343.15,343.10176769905,33999.0,1288.0,11665117.0,9446.0,27.78,7.5,3.15,1596499200.0
2020-08-03,342.0,346.95,336.5,339.65,342.0496453900709,88266.0,4052.0,30191354.0,39893.0,45.2,10.45,-2.35,1596412800.0
2020-07-31,341.45,348.85,338.5,340.65,343.5528090491416,37219.0,1276.0,12786692.0,12084.0,32.47,10.35,-0.8,1596153600.0
2020-07-30,337.0,350.8,337.0,341.3,344.11822895171275,77536.0,2585.0,26681551.0,37947.0,48.94,13.8,4.3,1596067200.0
2020-07-29,337.0,345.8,333.65,338.1,339.9585783934376,51688.0,1924.0,17571779.0,12490.0,24.16,12.15,1.1,1595980800.0
2020-07-28,346.0,346.0,336.25,337.75,339.69428897365515,56102.0,1990.0,19057529.0,16540.0,29.48,9.75,-8.25,1595894400.0
2020-07-27,347.8,353.0,326.0,342.2,344.5356227703116,200981.0,5987.0,69245114.0,63309.0,31.5,27.0,-5.6,1595808000.0
2020-07-24,315.0,336.2,306.1,336.2,326.58831817033104,158280.0,3068.0,51692399.0,55509.0,35.07,30.1,21.2,1595548800.0
2020-07-23,336.0,339.65,319.3,320.2,325.50712522759454,247150.0,10346.0,80449086.0,141597.0,57.29,20.35,-15.8,1595462400.0
2020-07-22,342.4,346.4,332.55,336.1,338.2874677044205,155207.0,6615.0,52504583.0,75469.0,48.62,13.85,-6.3,1595376000.0
2020-07-21,349.65,354.85,345.0,347.7,348.1502420612128,60935.0,1549.0,21214535.0,19393.0,31.83,9.85,-1.95,1595289600.0
2020-07-20,349.9,362.9,348.3,349.65,353.64983209227626,68490.0,2325.0,24221477.0,21483.0,31.37,14.6,-0.25,1595203200.0
2020-07-17,351.2,354.55,344.6,347.1,348.8735875986203,50446.0,1945.0,17599277.0,14811.0,29.36,9.95,-4.1,1594944000.0
2020-07-16,354.25,359.95,338.05,348.1,348.2385642758951,79291.0,2971.0,27612184.0,12112.0,15.28,21.9,-6.15,1594857600.0
2020-07-15,345.5,365.55,345.5,354.25,360.2773158007575,349825.0,9004.0,126034012.0,109796.0,31.39,20.05,8.75,1594771200.0
2020-07-14,364.05,365.0,347.0,348.15,352.61462959354265,97501.0,2545.0,34380279.0,37980.0,38.95,18.0,-15.9,1594684800.0
2020-07-13,380.0,382.35,361.6,364.4,371.3067256300788,215727.0,7749.0,80100886.0,96866.0,44.9,20.75,-15.6,1594598400.0
2020-07-10,361.3,384.0,356.45,372.35,367.908758948477,374086.0,13764.0,137629516.0,141894.0,37.93,27.55,11.05,1594339200.0
2020-07-09,378.0,393.3,373.35,373.8,377.1227012448133,241000.0,15264.0,90886571.0,121465.0,50.4,19.95,-4.2,1594252800.0
2020-07-08,414.0,425.5,393.0,393.0,408.903156553984,389412.0,18874.0,159231796.0,209375.0,53.77,32.5,-21.0,1594166400.0
2020-07-07,403.5,414.1,375.8,413.65,405.2006249359308,526774.0,20673.0,213449154.0,202457.0,38.43,38.3,10.15,1594080000.0
2020-07-06,394.4,394.4,362.15,394.4,389.3512094946435,1085412.0,8535.0,422606475.0,712681.0,65.66,32.25,0.0,1593993600.0
2020-07-03,375.65,375.65,375.65,375.65,375.64994959677415,7936.0,120.0,2981158.0,7936.0,100.0,0.0,0.0,1593734400.0
2020-07-02,323.8,357.8,323.8,357.8,340.6651865622248,347498.0,4500.0,118380471.0,102153.0,29.4,34.0,34.0,1593648000.0
2020-07-01,340.8,340.8,340.8,340.8,340.79995017438966,12042.0,370.0,4103913.0,12038.0,99.97,0.0,0.0,1593561600.0
2020-06-30,358.7,358.7,358.7,358.7,358.6999933435399,30046.0,478.0,10777500.0,30033.0,99.96,0.0,0.0,1593475200.0
2020-06-29,377.55,377.55,377.55,377.55,377.5499422457292,16449.0,513.0,6210319.0,16449.0,100.0,0.0,0.0,1593388800.0
2020-06-26,397.4,397.4,397.4,397.4,397.39998183964406,11013.0,439.0,4376566.0,11013.0,100.0,0.0,0.0,1593129600.0
2020-06-25,418.3,418.3,418.3,418.3,418.2999604273842,12635.0,592.0,5285220.0,12589.0,99.64,0.0,0.0,1593043200.0
2020-06-24,486.6,486.6,440.3,440.3,455.9962668776144,369128.0,9463.0,168320990.0,164500.0,44.56,46.3,-46.3,1592956800.0
2020-06-23,463.65,463.65,455.5,463.45,463.18865314450727,231324.0,3597.0,107146652.0,153851.0,66.51,8.15,-0.2,1592870400.0
2020-06-22,441.6,441.6,438.8,441.6,441.3800300788554,98408.0,1731.0,43435326.0,61513.0,62.51,2.8,0.0,1592784000.0
2020-06-19,420.6,420.6,414.0,420.6,420.15135830269526,187403.0,3310.0,78737625.0,138218.0,73.75,6.6,0.0,1592524800.0
2020-06-18,400.6,400.6,391.95,400.6,399.8719132318541,208187.0,2505.0,83248134.0,147992.0,71.09,8.65,0.0,1592438400.0
2020-06-17,372.0,381.55,371.0,381.55,379.90784528916816,90207.0,920.0,34270347.0,50165.0,55.61,10.55,9.55,1592352000.0
2020-06-16,357.2,363.4,349.7,363.4,362.3775059225504,800753.0,5350.0,290174875.0,572913.0,71.55,13.7,6.2,1592265600.0
2020-06-15,346.0,351.0,337.8,346.1,342.86820762077923,139697.0,5994.0,47897660.0,53029.0,37.96,13.2,0.1,1592179200.0
2020-06-12,316.8,345.0,315.5,336.45,330.22159936313574,211034.0,5590.0,69687985.0,83400.0,39.52,29.5,19.65,1591920000.0
2020-06-11,344.75,344.75,316.5,332.1,343.8348341117163,3521617.0,9798.0,1210854597.0,3299853.0,93.7,28.25,-12.65,1591833600.0
2020-06-10,328.35,328.35,327.8,328.35,328.3429526626465,550073.0,1242.0,180612593.0,444333.0,80.78,0.55,0.0,1591747200.0
2020-06-09,309.9,312.75,308.0,312.75,312.2397476340694,134091.0,1013.0,41868540.0,96864.0,72.24,4.75,2.85,1591660800.0
2020-06-08,287.7,298.4,280.0,297.9,292.1023937432373,105358.0,2433.0,30775324.0,27255.0,25.87,18.4,10.2,1591574400.0
2020-06-05,280.5,285.95,272.0,284.2,280.2523294883785,57738.0,1462.0,16181209.0,27917.0,48.35,13.95,3.7,1591315200.0
2020-06-04,275.1,283.65,263.3,273.85,273.0508794902601,74077.0,3220.0,20226790.0,20233.0,27.31,20.35,-1.25,1591228800.0
2020-06-03,286.85,286.85,260.75,273.15,282.26595886752136,179712.0,3730.0,50726580.0,70463.0,39.21,26.1,-13.7,1591142400.0
2020-06-02,269.0,273.2,265.45,273.2,270.4641270652904,31291.0,949.0,8463093.0,14791.0,47.27,7.75,4.2,1591056000.0
2020-06-01,253.0,260.2,252.15,260.2,259.00571909167365,95120.0,2549.0,24636624.0,50170.0,52.74,8.05,7.2,1590969600.0
2020-05-29,246.0,250.0,246.0,247.85,247.86257512713823,17304.0,887.0,4289014.0,7098.0,41.02,4.0,1.85,1590710400.0
2020-05-28,243.95,251.55,241.85,245.9,247.68639522507667,47917.0,1515.0,11868389.0,19030.0,39.71,9.7,1.95,1590624000.0
2020-05-27,242.5,243.0,235.0,242.25,240.6070899209486,32384.0,999.0,7791820.0,18427.0,56.9,8.0,-0.25,1590537600.0
2020-05-26,242.0,243.0,235.55,239.75,239.7500818759416,30534.0,772.0,7320529.0,14122.0,46.25,7.45,-2.25,1590451200.0
2020-05-22,236.0,241.5,232.5,240.6,237.84495867768595,24200.0,631.0,5755848.0,13330.0,55.08,9.0,4.6,1590105600.0
2020-05-21,234.0,243.55,234.0,234.75,237.34835531542984,31465.0,1150.0,7468166.0,11544.0,36.69,9.55,0.75,1590019200.0
2020-05-20,231.95,235.5,227.3,234.5,232.00006162758447,32453.0,879.0,7529098.0,9817.0,30.25,8.2,2.55,1589932800.0
2020-05-19,229.0,235.0,229.0,233.55,232.38385711745127,39361.0,743.0,9146861.0,21162.0,53.76,6.0,4.55,1589846400.0
2020-05-18,236.4,236.4,219.0,229.1,227.29846271608088,62708.0,1468.0,14253432.0,21286.0,33.94,17.4,-7.3,1589760000.0
2020-05-15,229.5,230.8,221.5,230.1,228.4765437956992,46363.0,983.0,10592858.0,27599.0,59.53,9.3,0.6,1589500800.0
2020-05-14,229.55,232.0,220.55,229.45,228.69020483793184,39397.0,1144.0,9009708.0,11748.0,29.82,11.45,-0.1,1589414400.0
2020-05-13,233.6,235.9,228.0,231.05,231.42139201637664,58620.0,1064.0,13565922.0,19926.0,33.99,7.9,-2.55,1589328000.0
2020-05-12,225.0,229.7,217.55,226.15,226.5425342871463,65841.0,1671.0,14915787.0,19799.0,30.07,12.15,1.15,1589241600.0
2020-05-11,208.0,222.7,208.0,222.5,218.68372519258853,69838.0,1576.0,15272434.0,36475.0,52.23,14.7,14.5,1589155200.0
2020-05-08,215.0,215.0,202.7,212.1,208.38069356757248,54645.0,677.0,11386963.0,42223.0,77.27,12.3,-2.9,1588896000.0
2020-05-07,210.0,212.65,209.0,210.3,210.34348472915025,11427.0,388.0,2403595.0,4721.0,41.31,3.65,0.3,1588809600.0
2020-05-06,213.0,214.0,206.2,211.3,210.86354473851208,53578.0,1166.0,11297647.0,37578.0,70.14,7.8,-1.7,1588723200.0
2020-05-05,216.0,216.5,209.35,210.35,212.1160477289077,40311.0,1254.0,8550610.0,16646.0,41.29,7.15,-5.65,1588636800.0
2020-05-04,209.5,218.0,199.75,209.45,210.02612251710897,131802.0,2666.0,27681863.0,33288.0,25.26,18.25,-0.05,1588550400.0
2020-04-30,212.5,214.0,207.5,210.25,210.26137330362567,49370.0,977.0,10380604.0,27141.0,54.97,6.5,-2.25,1588204800.0
2020-04-29,204.0,209.0,202.45,207.9,206.18062036172955,45006.0,796.0,9279365.0,23447.0,52.1,6.55,3.9,1588118400.0
2020-04-28,203.0,204.7,198.85,203.4,202.26151112484547,38832.0,655.0,7854219.0,24632.0,63.43,5.85,0.4,1588032000.0
2020-04-27,194.9,200.9,194.0,200.45,197.95,44600.0,767.0,8828570.0,28680.0,64.3,6.9,5.55,1587945600.0
2020-04-24,203.8,203.8,192.55,196.05,195.90023604863487,22453.0,612.0,4398548.0,12082.0,53.81,11.25,-7.75,1587686400.0
2020-04-23,200.0,201.0,196.0,200.0,199.33423820834747,29470.0,727.0,5874380.0,21097.0,71.59,5.0,0.0,1587600000.0
2020-04-22,192.5,198.4,185.0,196.7,191.859523131383,49154.0,860.0,9430663.0,26298.0,53.5,13.4,4.2,1587513600.0
2020-04-21,200.75,200.75,190.95,191.5,191.63967644194352,36964.0,618.0,7083769.0,21642.0,58.55,9.8,-9.25,1587427200.0
2020-04-20,204.9,204.9,194.0,201.0,199.78728382718936,47011.0,1132.0,9392200.0,22720.0,48.33,10.9,-3.9,1587340800.0
2020-04-17,200.95,200.95,193.65,198.75,198.80959049767887,38559.0,998.0,7665899.0,21527.0,55.83,7.3,-2.2,1587081600.0
2020-04-16,186.5,194.75,183.0,193.65,192.1530039057357,45574.0,944.0,8757181.0,20035.0,43.96,11.75,7.15,1586995200.0
2020-04-15,183.35,191.0,183.35,187.85,188.2997449908925,54900.0,1157.0,10337656.0,25744.0,46.89,7.65,4.5,1586908800.0
2020-04-13,176.05,183.5,167.5,183.4,177.66674690606325,70622.0,1393.0,12547181.0,32368.0,45.83,16.0,7.35,1586736000.0
2020-04-09,173.95,174.8,166.5,174.8,171.63138738999746,55226.0,1650.0,9478515.0,21090.0,38.19,8.3,0.85,1586390400.0
2020-04-08,166.8,166.95,163.1,166.5,165.79260371394705,63275.0,1729.0,10490527.0,29863.0,47.2,3.85,-0.3,1586304000.0
2020-04-07,155.0,159.8,149.0,159.0,155.61155648099947,38420.0,1020.0,5978596.0,25033.0,65.16,10.8,4.0,1586217600.0
2020-04-03,158.0,158.0,150.55,152.95,151.92236937153865,62295.0,737.0,9464004.0,55347.0,88.85,7.45,-5.05,1585872000.0
2020-04-01,154.6,159.0,151.35,152.65,153.7445945945946,11840.0,556.0,1820336.0,7365.0,62.2,7.65,-1.95,1585699200.0
2020-03-31,144.0,154.6,144.0,153.65,151.60409822136626,70616.0,3410.0,10705675.0,53263.0,75.43,10.6,9.65,1585612800.0
2020-03-30,145.0,148.3,141.3,147.25,143.02310253681645,29131.0,912.0,4166406.0,14229.0,48.84,7.0,2.25,1585526400.0
2020-03-27,158.0,158.0,144.6,148.7,150.84092060345776,45405.0,1264.0,6848932.0,21840.0,48.1,13.4,-9.3,1585267200.0
2020-03-26,146.1,155.55,142.55,152.1,150.49259990949926,90607.0,3028.0,13635683.0,47679.0,52.62,13.0,6.0,1585180800.0
2020-03-25,137.45,148.3,137.45,148.15,144.84814911366007,53704.0,1432.0,7778925.0,36098.0,67.22,10.85,10.7,1585094400.0
2020-03-24,130.0,141.65,128.25,141.25,135.25292438487077,64458.0,2349.0,8718133.0,45108.0,69.98,13.4,11.25,1585008000.0
2020-03-23,135.0,139.0,134.95,134.95,135.70653809709603,17941.0,295.0,2434711.0,13881.0,77.37,4.05,-0.05,1584921600.0
2020-03-20,142.0,142.15,138.55,142.05,141.30350352674813,34451.0,710.0,4868047.0,16718.0,48.53,3.6,0.05,1584662400.0
2020-03-19,128.0,135.8,122.9,135.4,131.72467039010385,70007.0,2914.0,9221649.0,39750.0,56.78,12.9,7.4,1584576000.0
2020-03-18,123.6,129.45,118.3,129.35,126.79867617519784,74179.0,1929.0,9405799.0,48966.0,66.01,11.15,5.75,1584489600.0
2020-03-17,117.0,124.5,112.7,123.3,121.66916987146172,115452.0,2703.0,14046949.0,72372.0,62.69,11.8,6.3,1584403200.0
2020-03-16,123.4,128.0,118.6,118.6,120.90053772929976,84987.0,1876.0,10274974.0,40871.0,48.09,9.4,-4.8,1584316800.0
2020-03-13,118.25,130.6,118.2,124.8,122.90341951160474,107413.0,1305.0,13201425.0,40702.0,37.89,12.4,6.55,1584057600.0
2020-03-12,124.4,124.4,124.4,124.4,124.4,4020.0,76.0,500088.0,4020.0,100.0,0.0,0.0,1583971200.0
2020-03-11,132.0,136.1,130.9,130.9,132.1133504688238,124887.0,2080.0,16499240.0,41665.0,33.36,5.2,-1.1,1583884800.0
2020-03-09,137.75,139.0,137.75,137.75,137.76722278969467,17622.0,188.0,2427734.0,17370.0,98.57,1.25,0.0,1583712000.0
2020-03-06,146.0,147.25,144.95,144.95,145.17037673117997,45417.0,670.0,6593203.0,22554.0,49.66,2.3,-1.05,1583452800.0
2020-03-05,151.0,158.7,145.35,152.55,150.33087022773287,143721.0,3105.0,21605703.0,46307.0,32.22,13.35,1.55,1583366400.0
2020-03-04,159.3,159.45,151.7,152.15,153.79185375843088,53227.0,1103.0,8185879.0,23671.0,44.47,7.75,-7.15,1583280000.0
2020-03-03,161.05,162.85,157.0,159.65,159.46999058938343,57382.0,1334.0,9150707.0,16483.0,28.72,5.85,-1.4,1583193600.0
2020-03-02,160.0,162.6,150.4,155.25,160.69666087367335,177801.0,2652.0,28572027.0,60800.0,34.2,12.2,-4.75,1583107200.0
2020-02-28,154.7,160.0,154.7,154.9,155.94577087727615,160246.0,2091.0,24989686.0,74196.0,46.3,5.3,0.2,1582848000.0
2020-02-27,165.1,167.75,162.8,162.8,163.42782457159453,120505.0,1094.0,19693870.0,79587.0,66.04,4.95,-2.3,1582761600.0
2020-02-26,177.9,177.9,171.3,171.35,173.3970410908079,107810.0,2606.0,18693935.0,51254.0,47.54,6.6,-6.55,1582675200.0
2020-02-25,186.2,188.95,178.0,180.3,181.85555125077224,95501.0,2474.0,17367387.0,39197.0,41.04,10.95,-5.9,1582588800.0
2020-02-24,192.0,192.0,185.25,185.85,188.35322123066555,91999.0,3154.0,17328308.0,43150.0,46.9,6.75,-6.15,1582502400.0
2020-02-20,198.25,198.25,192.0,194.95,194.7310587832272,122603.0,2862.0,23874612.0,49034.0,39.99,6.25,-3.3,1582156800.0
2020-02-19,194.2,198.75,191.95,197.85,197.7653271936045,320101.0,4429.0,63304879.0,125602.0,39.24,6.8,3.65,1582070400.0
2020-02-18,199.55,200.05,188.55,189.3,190.7397506783153,107251.0,2725.0,20457029.0,45653.0,42.57,11.5,-10.25,1581984000.0
2020-02-17,207.1,208.45,198.0,198.45,200.3159662166716,89038.0,2290.0,17835733.0,43290.0,48.62,10.45,-8.65,1581897600.0
2020-02-14,204.3,209.7,201.4,206.95,206.4138955196836,126933.0,3694.0,26200735.0,44249.0,34.86,8.3,2.65,1581638400.0
2020-02-13,209.0,209.0,197.7,199.75,201.3663523053497,166157.0,5010.0,33458429.0,78065.0,46.98,11.3,-9.25,1581552000.0
2020-02-12,216.0,216.0,205.0,207.5,208.19916371539844,90639.0,3329.0,18870964.0,34503.0,38.07,11.0,-8.5,1581465600.0
2020-02-11,215.0,217.35,208.15,211.2,213.11886558433145,108038.0,3302.0,23024936.0,40254.0,37.26,9.2,-3.8,1581379200.0
2020-02-10,219.0,221.8,206.9,213.2,214.7852929280972,202746.0,6457.0,43546859.0,74391.0,36.69,14.9,-5.8,1581292800.0
2020-02-07,207.8,212.3,206.15,212.3,211.5396134163656,293701.0,1898.0,62129396.0,118600.0,40.38,6.15,4.5,1581033600.0
2020-02-06,191.0,202.2,190.45,202.2,199.2259822063089,257507.0,3210.0,51302085.0,116141.0,45.1,11.75,11.2,1580947200.0
2020-02-05,195.0,204.0,191.0,192.6,195.29175364761832,179158.0,4048.0,34988080.0,62946.0,35.13,13.0,-2.4,1580860800.0
2020-02-04,203.4,205.4,190.55,197.9,199.96301507774368,339706.0,14617.0,67928636.0,116183.0,34.2,14.85,-5.5,1580774400.0
2020-02-03,188.0,195.65,185.95,195.65,192.14317103362905,96940.0,4106.0,18626359.0,58583.0,60.43,9.7,7.65,1580688000.0
2020-02-01,193.0,197.8,184.2,186.35,191.73158139534883,193500.0,10080.0,37100061.0,87979.0,45.47,13.6,-6.65,1580515200.0
2020-01-31,184.9,189.45,177.0,189.45,186.2270519355792,108288.0,4353.0,20166155.0,56503.0,52.18,12.45,4.55,1580428800.0
2020-01-30,187.2,188.05,177.95,180.45,180.71072395715217,74963.0,4783.0,13546618.0,48782.0,65.07,10.1,-6.75,1580342400.0
2020-01-29,189.1,192.95,185.05,186.35,186.90591757005868,59129.0,2172.0,11051560.0,27725.0,46.89,7.9,-2.75,1580256000.0
2020-01-28,192.3,196.4,185.0,187.45,190.6269181078447,88238.0,2213.0,16820538.0,44198.0,50.09,11.4,-4.85,1580169600.0
2020-01-27,191.0,194.5,187.3,190.8,191.94555881132337,79517.0,1615.0,15262935.0,36621.0,46.05,7.2,-0.2,1580083200.0
2020-01-24,190.0,194.9,182.75,190.0,186.8092924825075,262255.0,6780.0,48991671.0,104046.0,39.67,12.15,0.0,1579824000.0
2020-01-23,200.9,200.9,190.0,192.35,193.40844035443,117033.0,2485.0,22635170.0,55023.0,47.01,10.9,-8.55,1579737600.0
2020-01-22,205.0,208.65,194.4,197.55,200.9014401272381,160958.0,3493.0,32336694.0,61024.0,37.91,14.25,-7.45,1579651200.0
2020-01-21,199.2,206.75,193.0,202.2,202.34787265920184,290339.0,5611.0,58749479.0,136713.0,47.09,13.75,3.0,1579564800.0
2020-01-20,197.75,197.75,185.75,197.75,195.3411895775404,324031.0,4516.0,63296601.0,180491.0,55.7,12.0,0.0,1579478400.0
2020-01-17,170.75,188.35,170.75,188.35,182.6719262219603,651576.0,6910.0,119024643.0,248983.0,38.21,17.6,17.6,1579219200.0
2020-01-16,179.4,179.4,179.4,179.4,179.39999519265436,41603.0,297.0,7463578.0,41587.0,99.96,0.0,0.0,1579132800.0
2020-01-15,188.8,188.8,188.8,188.8,188.8,9125.0,153.0,1722800.0,9125.0,100.0,0.0,0.0,1579046400.0
2020-01-14,198.7,198.7,198.7,198.7,198.699996663664,29973.0,357.0,5955635.0,29970.0,99.99,0.0,0.0,1578960000.0
2020-01-13,209.15,209.15,209.15,209.15,209.1499714611872,21024.0,279.0,4397169.0,21005.0,99.91,0.0,0.0,1578873600.0
2020-01-10,243.25,243.25,220.15,220.15,231.43617204265843,488344.0,4591.0,113020466.0,369847.0,75.73,23.1,-23.1,1578614400.0
2020-01-09,231.7,231.7,231.7,231.7,231.69997362405488,22748.0,132.0,5270711.0,22748.0,100.0,0.0,0.0,1578528000.0
2020-01-08,218.0,220.7,214.5,220.7,219.2514817950889,62593.0,1100.0,13723608.0,44280.0,70.74,6.2,2.7,1578441600.0
2020-01-07,208.85,210.2,204.0,210.2,209.07852215503533,150327.0,3080.0,31430147.0,71387.0,47.49,6.2,1.35,1578355200.0
2020-01-06,198.9,202.25,186.0,200.2,197.27732520148115,1101840.0,13674.0,217368048.0,194761.0,17.68,16.25,1.3,1578268800.0
2020-01-03,190.0,192.65,183.35,192.65,190.5584969453056,441288.0,5282.0,84091178.0,136735.0,30.99,9.3,2.65,1578009600.0
2020-01-02,181.3,183.5,177.5,183.5,181.3687389969932,256748.0,3662.0,46566061.0,100154.0,39.01,6.0,2.2,1577923200.0
2020-01-01,171.0,174.8,168.35,174.8,173.19197100596676,751327.0,8345.0,130123804.0,263874.0,35.12,6.45,3.8,1577836800.0
2019-12-31,166.3,166.5,161.65,166.5,166.08448129174735,386701.0,2478.0,64225035.0,157910.0,40.84,4.85,0.2,1577750400.0
2019-12-30,153.9,158.6,152.4,158.6,156.1069437771544,193569.0,2580.0,30217465.0,77725.0,40.15,6.2,4.7,1577664000.0
2019-12-27,161.8,164.0,149.2,151.05,154.78267214376464,762691.0,8510.0,118051351.0,221586.0,29.05,14.8,-10.75,1577404800.0
2019-12-26,155.0,156.2,155.0,156.2,155.61227332772907,41635.0,137.0,6478917.0,38674.0,92.89,1.2,1.2,1577318400.0
2019-12-24,146.25,148.8,145.65,148.8,147.75425811077005,143667.0,1923.0,21227411.0,49767.0,34.64,3.15,2.55,1577145600.0
2019-12-23,136.7,141.75,135.0,141.75,140.373368406837,340618.0,4702.0,47813696.0,118822.0,34.88,6.75,5.05,1577059200.0
2019-12-20,133.1,136.45,133.1,135.0,135.23755100833876,67636.0,1792.0,9146927.0,25438.0,37.61,3.35,1.9,1576800000.0
2019-12-19,135.0,135.35,133.0,134.1,134.1328466742619,71097.0,1267.0,9536443.0,24027.0,33.79,2.35,-0.9,1576713600.0
2019-12-18,135.6,137.35,134.1,134.95,135.5596068436074,65521.0,2015.0,8882001.0,23901.0,36.48,3.25,-0.65,1576627200.0
2019-12-17,136.8,136.9,134.5,135.45,135.77784371530305,104476.0,2112.0,14185526.0,35018.0,33.52,2.4,-1.35,1576540800.0
2019-12-16,134.8,137.75,132.95,134.4,135.14982065301209,201007.0,3551.0,27166060.0,45462.0,22.62,4.8,-0.4,1576454400.0
2019-12-13,133.0,135.3,131.55,132.6,132.96763658407212,131970.0,3113.0,17547739.0,48216.0,36.54,3.75,-0.4,1576195200.0
2019-12-12,134.45,135.25,129.6,131.55,132.1859809991965,211570.0,3802.0,27966588.0,52825.0,24.97,5.65,-2.9,1576108800.0
2019-12-11,127.0,133.35,126.0,132.9,131.72326653717025,322274.0,4581.0,42450984.0,110420.0,34.26,7.35,5.9,1576022400.0
2019-12-10,123.0,128.85,123.0,127.0,127.0778378842521,139752.0,2684.0,17759382.0,36155.0,25.87,5.85,4.0,1575936000.0
2019-12-09,126.4,126.4,121.0,124.4,123.90132214886052,122074.0,2837.0,15125130.0,34383.0,28.17,5.4,-2.0,1575849600.0
2019-12-06,130.0,131.25,123.5,126.4,126.54361161139953,188780.0,4346.0,23888903.0,54113.0,28.66,7.75,-3.6,1575590400.0
2019-12-05,129.0,133.6,128.75,129.85,130.74347985848814,234044.0,4992.0,30599727.0,67211.0,28.72,4.85,0.85,1575504000.0
2019-12-04,118.5,130.9,118.5,128.55,124.96336581464652,895284.0,9532.0,111877702.0,173688.0,19.4,12.4,10.05,1575417600.0
2019-12-03,132.9,132.9,124.7,124.7,125.8208642514186,114550.0,1683.0,14412780.0,56786.0,49.57,8.2,-8.2,1575331200.0
2019-12-02,137.9,138.85,130.35,131.25,131.8970101554554,387378.0,4501.0,51094000.0,119829.0,30.93,8.5,-6.65,1575244800.0
2019-11-29,136.9,138.7,132.5,137.2,137.01592792848822,771789.0,8647.0,105747386.0,193642.0,25.09,6.2,0.3,1574985600.0
2019-11-28,126.7,132.1,126.7,132.1,130.1108273867282,430778.0,5627.0,56048882.0,133476.0,30.98,5.4,5.4,1574899200.0
2019-11-27,115.25,126.65,115.25,125.85,122.44065034324151,693972.0,8836.0,84970383.0,152369.0,21.96,11.4,10.6,1574812800.0
2019-11-26,114.8,119.0,110.85,115.15,115.3672180439549,519487.0,7607.0,59931770.0,105320.0,20.27,8.15,0.35,1574726400.0
2019-11-25,107.9,117.0,107.0,114.2,113.32122256192793,1056470.0,10791.0,119720472.0,231671.0,21.93,10.0,6.3,1574640000.0
2019-11-22,97.95,106.6,95.45,106.6,103.8604304230509,690437.0,5320.0,71709084.0,206365.0,29.89,11.15,8.65,1574380800.0
2019-11-21,99.0,99.2,96.4,96.95,97.8397213118814,121139.0,1056.0,11852206.0,56926.0,46.99,2.8,-2.05,1574294400.0
2019-11-20,97.0,100.5,95.7,98.7,98.63051004342245,220393.0,2188.0,21737474.0,66727.0,30.28,4.8,1.7,1574208000.0
2019-11-19,95.5,97.5,91.95,96.2,94.41231731375731,372565.0,2231.0,35174725.0,141291.0,37.92,5.55,0.7,1574121600.0
2019-11-18,96.0,96.0,93.7,94.0,94.39031229506344,88442.0,893.0,8348068.0,35958.0,40.66,2.3,-2.0,1574035200.0
2019-11-15,96.4,96.7,94.5,95.5,95.85281886512094,207282.0,1533.0,19868564.0,65154.0,31.43,2.2,-0.9,1573776000.0
2019-11-14,98.0,98.5,93.6,94.95,95.50824307330332,246510.0,2610.0,23543737.0,90049.0,36.53,4.9,-3.05,1573689600.0
2019-11-13,94.5,99.8,94.0,95.95,97.12887554598174,838398.0,6832.0,81432655.0,162888.0,19.43,5.8,1.45,1573603200.0
2019-11-11,86.6,95.0,85.15,93.6,91.6053460618066,388211.0,2905.0,35562203.0,189065.0,48.7,9.85,7.0,1573430400.0
2019-11-08,89.05,89.5,83.5,86.7,86.75977552634552,265510.0,1625.0,23035588.0,102821.0,38.73,6.0,-2.35,1573171200.0
2019-11-07,90.8,91.15,88.35,88.7,89.3467369904262,207232.0,1105.0,18515503.0,128636.0,62.07,2.8,-2.1,1573084800.0
2019-11-06,90.65,92.1,89.4,90.3,90.9629142255584,174784.0,1146.0,15898862.0,49889.0,28.54,2.7,-0.35,1572998400.0
2019-11-05,93.45,93.5,90.15,90.65,91.43183318171276,168183.0,1140.0,15377280.0,65267.0,38.81,3.35,-2.8,1572912000.0
2019-11-04,89.85,95.9,89.7,92.65,93.1399308727762,444398.0,3959.0,41391199.0,137212.0,30.88,6.2,2.8,1572825600.0
2019-11-01,90.45,91.0,88.15,89.85,89.49089627940678,150433.0,1245.0,13462384.0,66493.0,44.2,2.85,-0.6,1572566400.0
2019-10-31,90.2,91.65,88.75,89.65,89.91134162855462,117417.0,1238.0,10557120.0,37478.0,31.92,2.9,-0.55,1572480000.0
2019-10-30,89.95,92.0,89.5,89.85,90.20151006365752,194164.0,1889.0,17513886.0,69722.0,35.91,2.5,-0.1,1572393600.0
2019-10-29,90.9,92.7,87.2,89.5,90.25978384465076,271749.0,2787.0,24528006.0,63293.0,23.29,5.5,-1.4,1572307200.0
2019-10-27,90.0,91.45,89.6,90.15,90.30318752119362,117960.0,1291.0,10652164.0,50489.0,42.8,1.85,0.15,1572134400.0
2019-10-25,85.65,93.1,85.4,88.95,89.65854036656782,457978.0,4932.0,41061639.0,141761.0,30.95,7.7,3.3,1571961600.0
2019-10-24,87.9,87.9,85.2,86.1,86.19905301505514,198736.0,1427.0,17130855.0,71244.0,35.85,2.7,-1.8,1571875200.0
2019-10-23,87.9,89.9,84.75,86.6,87.23070513829843,304848.0,1953.0,26592106.0,73959.0,24.26,5.15,-1.3,1571788800.0
2019-10-22,90.3,91.25,83.4,86.55,86.83438587527795,477574.0,3398.0,41469845.0,141163.0,29.56,7.85,-3.75,1571702400.0
2019-10-18,88.75,93.5,88.05,89.7,91.21448520946994,499475.0,5349.0,45559355.0,171798.0,34.4,5.45,0.95,1571356800.0
2019-10-17,80.6,92.85,80.35,88.7,88.20835536424516,1448722.0,14993.0,127789385.0,315844.0,21.8,12.5,8.1,1571270400.0
2019-10-16,80.5,82.3,79.5,80.15,80.20568921937063,224319.0,3248.0,17991660.0,87197.0,38.87,2.8,-0.35,1571184000.0
2019-10-15,79.95,81.3,77.2,79.95,79.93074387843129,452090.0,2566.0,36135890.0,131171.0,29.01,4.1,0.0,1571097600.0
2019-10-14,79.55,81.8,72.4,79.1,78.43329103448275,543750.0,5371.0,42648102.0,191371.0,35.19,9.4,-0.45,1571011200.0
2019-10-11,74.6,79.45,74.15,78.8,77.67071494954537,1029737.0,7152.0,79980409.0,191148.0,18.56,5.3,4.2,1570752000.0
2019-10-10,71.85,74.5,70.7,73.7,73.00342123770706,514726.0,3223.0,37576759.0,143577.0,27.89,3.8,1.85,1570665600.0
2019-10-09,68.0,74.3,67.5,71.3,71.44252412294429,894584.0,6601.0,63911339.0,196347.0,21.95,6.8,3.3,1570579200.0
2019-10-07,65.6,68.65,62.6,68.0,66.30997539877787,504040.0,3489.0,33422880.0,128361.0,25.47,6.05,2.4,1570406400.0
2019-10-04,62.15,65.9,61.3,65.05,64.14831745478155,642271.0,4566.0,41200604.0,160645.0,25.01,4.6,2.9,1570147200.0
2019-10-03,56.5,63.1,55.5,61.2,60.58459740685056,403062.0,2612.0,24419349.0,163973.0,40.68,7.6,4.7,1570060800.0
2019-10-01,59.9,59.9,55.75,56.65,57.5464390171004,187364.0,1400.0,10782131.0,59992.0,32.02,4.15,-3.25,1569888000.0
2019-09-30,57.45,61.3,55.75,58.25,59.42207243065536,483635.0,3095.0,28738594.0,111357.0,23.02,5.55,0.8,1569801600.0
2019-09-27,59.0,60.1,56.0,57.3,57.76612994573295,291337.0,1872.0,16829411.0,111685.0,38.34,4.1,-1.7,1569542400.0
2019-09-26,50.7,60.4,50.7,59.05,58.35653542901927,1010584.0,5861.0,58974181.0,257469.0,25.48,9.7,8.35,1569456000.0
2019-09-25,52.5,53.9,51.5,52.5,52.74542014277114,139524.0,791.0,7359252.0,43034.0,30.84,2.4,0.0,1569369600.0
2019-09-24,53.2,53.5,51.15,52.5,52.38068850827253,164762.0,906.0,8630347.0,67898.0,41.21,2.35,-0.7,1569283200.0
2019-09-23,54.2,54.2,50.15,51.95,52.658794128478974,190070.0,890.0,10008857.0,96926.0,50.99,4.05,-2.25,1569196800.0
2019-09-20,51.0,53.3,49.3,51.55,51.50147158264457,205561.0,1272.0,10586694.0,48594.0,23.64,4.0,0.55,1568937600.0
2019-09-19,53.05,53.15,49.0,50.15,51.230927743256736,157231.0,1081.0,8055090.0,70857.0,45.07,4.15,-2.9,1568851200.0
2019-09-18,55.7,55.75,52.15,53.2,53.71900092344224,113705.0,854.0,6108119.0,45491.0,40.01,3.6,-2.5,1568764800.0
2019-09-17,56.25,57.2,53.35,54.75,55.42769941506087,341574.0,1979.0,18932661.0,106298.0,31.12,3.85,-1.5,1568678400.0
2019-09-16,50.0,57.5,49.9,55.55,54.94102871662744,788672.0,4301.0,43330451.0,226035.0,28.66,7.6,5.55,1568592000.0
2019-09-13,49.05,50.6,48.0,50.2,49.440910318746624,103656.0,715.0,5124847.0,54164.0,52.25,2.6,1.15,1568332800.0
2019-09-12,49.45,50.25,48.45,48.85,49.37194573045267,93312.0,663.0,4606995.0,49156.0,52.68,1.8,-0.6,1568246400.0
2019-09-11,45.55,49.1,45.55,48.3,47.6260392340028,128460.0,785.0,6118041.0,56526.0,44.0,3.55,2.75,1568160000.0
2019-09-09,45.0,45.75,44.95,45.55,45.45236846306474,43847.0,237.0,1992950.0,16430.0,37.47,0.8,0.55,1567987200.0
2019-09-06,45.25,45.85,44.75,45.0,45.20470208496904,22926.0,231.0,1036363.0,11506.0,50.19,1.1,-0.25,1567728000.0
2019-09-05,44.45,45.75,44.4,44.95,45.00647366889729,27496.0,302.0,1237498.0,17425.0,63.37,1.35,0.5,1567641600.0
2019-09-04,44.8,44.8,43.55,43.9,43.94620937806017,43911.0,316.0,1929722.0,16916.0,38.52,1.25,-0.9,1567555200.0
2019-09-03,45.3,46.25,43.8,44.45,45.04695536370316,43552.0,336.0,1961885.0,25062.0,57.54,2.45,-0.85,1567468800.0
2019-08-30,45.55,47.9,45.55,46.2,46.464474620985456,228949.0,1667.0,10637995.0,81393.0,35.55,2.35,0.65,1567123200.0
2019-08-29,43.8,44.3,43.05,43.35,43.48656405840778,27873.0,355.0,1212101.0,17326.0,62.16,1.25,-0.45,1567036800.0
2019-08-28,45.8,45.8,43.6,44.35,44.25104797391709,51528.0,890.0,2280168.0,29843.0,57.92,2.2,-1.45,1566950400.0
2019-08-27,44.5,45.5,43.55,45.05,44.497358889224266,79512.0,459.0,3538074.0,43646.0,54.89,1.95,0.55,1566864000.0
2019-08-26,43.85,44.8,42.55,43.65,43.62163565877093,53911.0,432.0,2351686.0,25507.0,47.31,2.25,-0.2,1566777600.0
2019-08-23,43.3,44.05,43.0,43.8,43.49538321691704,41804.0,379.0,1818281.0,23647.0,56.57,1.05,0.5,1566518400.0
2019-08-22,44.1,44.5,43.1,43.55,43.71644655668784,65649.0,543.0,2869941.0,38393.0,58.48,1.4,-0.55,1566432000.0
2019-08-21,45.55,45.7,43.8,44.0,44.72471994025392,33475.0,298.0,1497160.0,16190.0,48.36,1.9,-1.55,1566345600.0
2019-08-20,46.45,46.7,45.5,45.8,46.05334932480455,22512.0,235.0,1036753.0,12528.0,55.65,1.2,-0.65,1566259200.0
2019-08-19,47.55,47.55,46.05,46.35,46.60854576793976,44092.0,268.0,2055064.0,26197.0,59.41,1.5,-1.2,1566172800.0
2019-08-16,46.3,47.6,45.75,46.8,46.84034291176295,33478.0,255.0,1568121.0,12716.0,37.98,1.85,0.5,1565913600.0
2019-08-14,47.0,47.0,46.25,46.6,46.616158559648994,26438.0,240.0,1232438.0,14929.0,56.47,0.75,-0.4,1565740800.0
2019-08-13,47.0,47.1,46.0,46.5,46.6156556335834,41723.0,281.0,1944945.0,22777.0,54.59,1.1,-0.5,1565654400.0
2019-08-09,47.3,48.15,46.1,46.35,47.29346983474633,81269.0,455.0,3843493.0,32243.0,39.67,2.05,-0.95,1565308800.0
2019-08-08,48.5,49.5,46.7,47.3,47.88646667220668,108303.0,687.0,5186248.0,32694.0,30.19,2.8,-1.2,1565222400.0
2019-08-07,47.6,49.35,47.25,47.85,48.31245681315644,115776.0,764.0,5593423.0,35268.0,30.46,2.1,0.25,1565136000.0
2019-08-06,46.1,48.1,46.0,47.4,47.16289087428207,68948.0,424.0,3251787.0,22591.0,32.77,2.1,1.3,1565049600.0
2019-08-05,45.95,47.5,45.1,45.75,46.20769385970812,74345.0,494.0,3435311.0,36398.0,48.96,2.4,-0.2,1564963200.0
2019-08-02,45.0,48.15,45.0,46.95,46.84934105185368,162380.0,821.0,7607396.0,68358.0,42.1,3.15,1.95,1564704000.0
2019-08-01,47.2,47.7,45.1,45.7,46.18544356962855,70237.0,412.0,3243927.0,30091.0,42.84,2.6,-1.5,1564617600.0
2019-07-31,46.1,47.8,45.5,46.75,46.52107802968224,98847.0,595.0,4598469.0,33661.0,34.05,2.3,0.65,1564531200.0
2019-07-30,49.0,49.1,46.05,46.45,47.07084887036631,86621.0,538.0,4077324.0,45172.0,52.15,3.05,-2.55,1564444800.0
2019-07-29,49.7,50.0,48.65,48.85,49.00557751831081,32631.0,240.0,1599101.0,18153.0,55.63,1.35,-0.85,1564358400.0
2019-07-26,48.75,50.35,48.2,49.6,49.30067549598426,112806.0,652.0,5561412.0,54401.0,48.23,2.15,0.85,1564099200.0
2019-07-25,48.8,49.4,48.35,48.75,48.89695585996956,65700.0,403.0,3212530.0,36322.0,55.28,1.05,-0.05,1564012800.0
2019-07-24,49.15,49.5,48.2,48.35,48.56711084254504,95983.0,416.0,4661617.0,52864.0,55.08,1.3,-0.8,1563926400.0
2019-07-23,46.8,49.3,46.8,48.75,48.52754226030985,131743.0,831.0,6393164.0,71084.0,53.96,2.5,1.95,1563840000.0
2019-07-22,45.0,47.3,44.8,46.8,46.40100735697048,85769.0,482.0,3979768.0,25969.0,30.28,2.5,1.8,1563753600.0
2019-07-19,47.7,47.9,45.35,45.85,46.29183240150945,107853.0,601.0,4992713.0,41100.0,38.11,2.55,-1.85,1563494400.0
2019-07-18,48.45,49.85,47.0,47.5,48.27309007066778,186931.0,916.0,9023737.0,58520.0,31.31,2.85,-0.95,1563408000.0
2019-07-17,49.5,50.0,48.25,48.45,49.01164312533524,139825.0,688.0,6853053.0,61133.0,43.72,1.75,-1.05,1563321600.0
2019-07-16,48.6,49.8,48.1,49.2,48.829239770781925,248846.0,891.0,12150961.0,71317.0,28.66,1.7,0.6,1563235200.0
2019-07-15,50.0,51.0,48.1,48.55,49.01118038845535,150442.0,834.0,7373340.0,47907.0,31.84,2.9,-1.45,1563148800.0
2019-07-12,49.4,50.75,49.0,49.55,49.86937756141053,197401.0,921.0,9844265.0,40646.0,20.59,1.75,0.15,1562889600.0
2019-07-11,49.9,50.7,48.4,49.4,49.268519576241296,201341.0,1144.0,9919773.0,59611.0,29.61,2.3,-0.5,1562803200.0
2019-07-10,50.0,52.9,48.15,49.1,50.098434069108976,553792.0,2591.0,27744112.0,193596.0,34.96,4.75,-0.9,1562716800.0
2019-07-09,45.0,51.75,43.3,49.65,48.67314892866245,867187.0,4614.0,42208722.0,206344.0,23.79,8.45,4.65,1562630400.0
2019-07-08,47.55,47.55,44.3,44.95,45.03539381100098,264340.0,1123.0,11904656.0,146269.0,55.33,3.25,-2.6,1562544000.0
2019-07-05,52.0,52.0,46.9,47.55,49.10400300865962,308443.0,1673.0,15145786.0,117208.0,38.0,5.1,-4.45,1562284800.0
2019-07-04,53.9,53.9,50.3,51.05,51.48809813003759,366371.0,1773.0,18863746.0,144800.0,39.52,3.6,-2.85,1562198400.0
2019-07-03,50.45,54.0,50.45,52.0,52.5887444631169,758098.0,3980.0,39867422.0,192269.0,25.36,3.55,1.55,1562112000.0
2019-07-02,45.85,51.85,45.75,50.25,50.20212912933964,1469333.0,7752.0,73763645.0,326681.0,22.23,6.1,4.4,1562025600.0
2019-07-01,44.7,46.15,44.5,45.55,45.3867668597716,198683.0,1190.0,9017579.0,79340.0,39.93,1.65,0.85,1561939200.0
2019-06-28,43.0,45.45,43.0,44.45,44.58552843680491,431149.0,1675.0,19223006.0,124839.0,28.95,2.45,1.45,1561680000.0
2019-06-27,41.65,43.25,41.6,42.6,42.00445896728956,58758.0,373.0,2468098.0,29959.0,50.99,1.65,0.95,1561593600.0
2019-06-26,41.5,41.75,41.2,41.5,41.454291651797895,47639.0,338.0,1974841.0,26723.0,56.09,0.55,0.0,1561507200.0
2019-06-25,40.95,41.9,40.8,41.4,41.34164692969788,69244.0,414.0,2862661.0,34324.0,49.57,1.1,0.45,1561420800.0
2019-06-24,41.35,41.6,40.95,41.2,41.260144081551296,35119.0,342.0,1449015.0,13894.0,39.56,0.65,-0.15,1561334400.0
2019-06-21,42.45,42.45,39.5,41.25,41.24028771330723,101907.0,647.0,4202674.0,40054.0,39.3,2.95,-1.2,1561075200.0
2019-06-20,40.95,42.0,40.25,40.9,41.06960879855214,165209.0,984.0,6785069.0,46727.0,28.28,1.75,-0.05,1560988800.0
2019-06-19,41.25,41.8,38.6,39.65,40.24191436427917,152740.0,689.0,6146550.0,86114.0,56.38,3.2,-1.6,1560902400.0
2019-06-18,41.7,42.3,40.25,40.8,41.05366702076694,96018.0,512.0,3941891.0,56499.0,58.84,2.05,-0.9,1560816000.0
2019-06-17,42.95,42.95,41.45,41.8,42.18411466716365,59023.0,320.0,2489833.0,37091.0,62.84,1.5,-1.15,1560729600.0
2019-06-14,43.5,44.0,42.55,42.7,43.27976708550413,81575.0,482.0,3530547.0,36870.0,45.2,1.45,-0.8,1560470400.0
2019-06-13,43.5,43.6,42.2,43.5,43.06177474918409,132368.0,679.0,5700001.0,53294.0,40.26,1.4,0.0,1560384000.0
2019-06-12,42.95,43.75,42.8,43.05,43.290332782568285,154936.0,809.0,6707231.0,81055.0,52.32,0.95,0.1,1560297600.0
2019-06-11,42.8,43.1,41.95,42.55,42.54119560411798,63332.0,321.0,2694219.0,30595.0,48.31,1.15,-0.25,1560211200.0
2019-06-10,44.0,44.15,42.7,42.85,43.44019417475728,61800.0,370.0,2684604.0,27193.0,44.0,1.45,-1.15,1560124800.0
2019-06-07,44.65,44.9,43.1,43.4,43.72838949160189,97522.0,427.0,4264480.0,50876.0,52.17,1.8,-1.25,1559865600.0
2019-06-06,45.8,46.0,44.0,44.35,44.851276274550365,130497.0,750.0,5852957.0,54572.0,41.82,2.0,-1.45,1559779200.0
2019-06-04,44.4,46.1,43.6,45.05,45.058431758530176,213360.0,1178.0,9613667.0,70396.0,32.99,2.5,0.65,1559606400.0
2019-06-03,43.3,45.0,40.95,44.05,43.95111841788183,186737.0,915.0,8207300.0,71473.0,38.27,4.05,0.75,1559520000.0
2019-05-31,44.65,45.1,41.95,43.1,43.6617608568725,149007.0,607.0,6505908.0,63567.0,42.66,3.15,-1.55,1559260800.0
2019-05-30,45.0,45.2,44.35,44.65,44.786996706682245,103543.0,573.0,4637380.0,47231.0,45.61,0.85,-0.35,1559174400.0
2019-05-29,45.45,46.1,44.0,44.25,44.99441197100772,171080.0,917.0,7697644.0,77335.0,45.2,2.1,-1.2,1559088000.0
2019-05-28,43.55,46.8,43.0,45.2,45.27596038127881,574173.0,2874.0,25996234.0,215738.0,37.57,3.8,1.65,1559001600.0
2019-05-27,42.45,44.05,42.45,43.1,43.25605236457922,141928.0,758.0,6139245.0,44898.0,31.63,1.6,0.65,1558915200.0
2019-05-24,44.0,44.25,41.65,42.45,42.50374405766781,193106.0,1058.0,8207728.0,77868.0,40.32,2.6,-1.55,1558656000.0
2019-05-23,46.0,47.25,43.2,43.6,45.452656946116655,526582.0,2220.0,23934551.0,207376.0,39.38,4.05,-2.4,1558569600.0
2019-05-22,44.0,44.3,42.5,44.0,43.70416118920012,197780.0,1439.0,8643809.0,96272.0,48.68,1.8,0.0,1558483200.0
2019-05-21,44.15,45.3,43.3,43.55,44.26581827949768,446730.0,2234.0,19774869.0,156837.0,35.11,2.0,-0.6,1558396800.0
2019-05-20,41.05,43.8,41.05,43.0,42.50656178541163,422446.0,2293.0,17956727.0,160415.0,37.97,2.75,1.95,1558310400.0
2019-05-17,37.35,37.75,36.65,37.4,37.33861472203564,75927.0,418.0,2835009.0,32447.0,42.73,1.1,0.05,1558051200.0
2019-05-16,37.5,37.6,35.6,36.8,36.55334721563615,194012.0,942.0,7091788.0,88670.0,45.7,2.0,-0.7,1557964800.0
2019-05-15,38.35,39.8,37.1,37.6,38.63802137717616,105346.0,815.0,4070361.0,38406.0,36.46,2.7,-0.75,1557878400.0
2019-05-14,37.85,38.15,36.95,37.9,37.82861446087598,98929.0,589.0,3742347.0,46222.0,46.72,1.2,0.05,1557792000.0
2019-05-13,39.5,39.9,37.55,37.9,38.35304440413282,50716.0,327.0,1945113.0,20273.0,39.97,2.35,-1.6,1557705600.0
2019-05-10,39.95,39.95,38.6,38.95,39.25992660701769,48506.0,358.0,1904342.0,21289.0,43.89,1.35,-1.0,1557446400.0
2019-05-09,38.2,39.5,37.6,39.05,38.8012141079342,82365.0,541.0,3195862.0,27270.0,33.11,1.9,0.85,1557360000.0
2019-05-08,39.9,40.15,38.0,38.25,38.5591321876104,144363.0,603.0,5566512.0,76955.0,53.31,2.15,-1.65,1557273600.0
2019-05-07,41.2,41.6,39.45,39.75,40.58820174841716,154311.0,719.0,6263206.0,81301.0,52.69,2.15,-1.45,1557187200.0
2019-05-06,40.85,41.55,40.0,40.45,40.78183869534001,87747.0,432.0,3578484.0,39729.0,45.28,1.55,-0.4,1557100800.0
2019-05-03,42.4,43.6,41.45,41.85,42.23529105433639,96013.0,559.0,4055137.0,43664.0,45.48,2.15,-0.55,1556841600.0
2019-05-02,40.0,43.9,39.3,41.7,42.13546506531077,182512.0,1288.0,7690228.0,52980.0,29.03,4.6,1.7,1556755200.0
2019-04-30,43.0,43.0,40.0,40.25,41.03544879130024,249938.0,2015.0,10256318.0,116495.0,46.61,3.0,-2.75,1556582400.0
2019-04-26,43.8,44.35,42.6,43.1,43.33396986154182,187999.0,965.0,8146743.0,75490.0,40.15,1.75,-0.7,1556236800.0
2019-04-25,45.05,45.15,43.6,43.95,44.31662947548857,129511.0,650.0,5739491.0,60680.0,46.85,1.55,-1.1,1556150400.0
2019-04-24,44.95,45.45,44.3,44.75,44.86879766544221,214516.0,992.0,9625075.0,90717.0,42.29,1.15,-0.2,1556064000.0
2019-04-23,44.0,46.2,44.0,44.25,44.90356030821183,246973.0,1247.0,11089967.0,82238.0,33.3,2.2,0.25,1555977600.0
2019-04-22,44.8,46.95,43.85,44.65,45.61988588800281,453940.0,2769.0,20708691.0,127692.0,28.13,3.1,-0.15,1555891200.0
2019-04-18,44.7,48.0,41.4,45.05,45.13476648043154,1162151.0,6530.0,52453414.0,314814.0,27.09,6.6,0.35,1555545600.0
2019-04-16,37.5,44.8,37.5,44.5,43.27717600846248,2124199.0,7188.0,91929334.0,336125.0,15.82,7.3,7.0,1555372800.0
2019-04-15,37.05,37.55,37.0,37.35,37.378207417232055,58809.0,225.0,2198175.0,39745.0,67.58,0.55,0.3,1555286400.0
2019-04-12,36.1,37.35,36.1,36.9,36.83020393080672,43299.0,222.0,1594711.0,20764.0,47.95,1.25,0.8,1555027200.0
2019-04-11,37.45,37.45,35.0,36.1,36.32656721284748,98136.0,272.0,3564944.0,66490.0,67.75,2.45,-1.35,1554940800.0
2019-04-10,37.9,38.1,36.6,36.9,37.50262621760999,62828.0,352.0,2356215.0,31864.0,50.72,1.5,-1.0,1554854400.0
2019-04-09,38.0,38.0,36.2,36.9,36.72228181161481,45683.0,314.0,1677584.0,17015.0,37.25,1.8,-1.1,1554768000.0
2019-04-08,37.45,37.45,36.0,36.3,36.56516076238536,146645.0,343.0,5362098.0,81504.0,55.58,1.45,-1.15,1554681600.0
2019-04-05,37.1,37.35,36.5,36.65,36.87406072960865,42187.0,194.0,1555606.0,21725.0,51.5,0.85,-0.45,1554422400.0
2019-04-04,37.25,37.8,36.5,37.1,37.114366251146,73081.0,294.0,2712355.0,32812.0,44.9,1.3,-0.15,1554336000.0
2019-04-03,37.85,38.3,37.0,37.4,37.82505156317846,73696.0,299.0,2787555.0,38253.0,51.91,1.3,-0.45,1554249600.0
2019-04-02,39.15,39.25,37.75,37.9,38.35259429326246,127183.0,581.0,4877798.0,51983.0,40.87,1.5,-1.25,1554163200.0
2019-04-01,37.3,39.2,37.3,38.6,38.51837944947805,139286.0,591.0,5365071.0,55487.0,39.84,1.9,1.3,1554076800.0
2019-03-29,36.0,38.4,35.5,37.25,37.59568522487261,322427.0,1333.0,12121864.0,126951.0,39.37,2.9,1.25,1553817600.0
2019-03-28,35.15,37.55,35.0,36.05,36.01494368403937,67654.0,1302.0,2436555.0,28366.0,41.93,2.55,0.9,1553731200.0
2019-03-27,35.25,36.6,35.25,35.45,35.935560240750995,84901.0,399.0,3050965.0,49195.0,57.94,1.35,0.2,1553644800.0
2019-03-26,35.4,36.25,34.9,35.85,35.41802033078092,67779.0,398.0,2400598.0,28258.0,41.69,1.35,0.45,1553558400.0
2019-03-25,35.55,35.9,34.7,35.05,35.1057419096474,52439.0,307.0,1840910.0,25744.0,49.09,1.2,-0.5,1553472000.0
2019-03-22,36.65,37.0,35.5,36.0,36.15303447479927,60653.0,278.0,2192790.0,26255.0,43.29,1.5,-0.65,1553212800.0
2019-03-20,37.05,37.4,36.2,36.4,36.688329012136926,53226.0,283.0,1952773.0,29142.0,54.75,1.2,-0.65,1553040000.0
2019-03-19,37.95,37.95,36.9,37.05,37.336957607645935,60058.0,273.0,2242383.0,30624.0,50.99,1.05,-0.9,1552953600.0
2019-03-18,38.1,38.5,37.0,37.5,37.509725515919065,79276.0,492.0,2973621.0,32582.0,41.1,1.5,-0.6,1552867200.0
2019-03-15,39.2,39.6,37.3,37.95,38.564347666748105,163720.0,755.0,6313755.0,63876.0,39.02,2.3,-1.25,1552608000.0
2019-03-14,40.4,40.4,38.25,38.5,38.93832782347416,139447.0,724.0,5429833.0,55484.0,39.79,2.15,-1.9,1552521600.0
2019-03-13,39.5,41.65,38.6,39.85,40.34461204384712,326042.0,1736.0,13154038.0,107515.0,32.98,3.05,0.35,1552435200.0
2019-03-12,36.5,40.7,36.4,39.15,39.03039816406753,528124.0,2661.0,20612890.0,149825.0,28.37,4.3,2.65,1552348800.0
2019-03-11,35.65,36.35,35.35,36.25,35.98746702620318,85295.0,344.0,3069551.0,45801.0,53.7,1.0,0.6,1552262400.0
2019-03-08,35.4,35.95,34.75,35.05,35.105970634287566,67698.0,336.0,2376604.0,21266.0,31.41,1.2,-0.35,1552003200.0
2019-03-07,36.45,36.45,35.05,35.65,35.62337705721221,89806.0,442.0,3199193.0,42428.0,47.24,1.4,-0.8,1551916800.0
2019-03-06,37.0,37.9,35.2,35.5,36.43525700692936,193380.0,831.0,7045850.0,105044.0,54.32,2.7,-1.5,1551830400.0
2019-03-05,34.65,37.4,34.25,36.4,36.07392499725063,181860.0,726.0,6560404.0,95417.0,52.47,3.15,1.75,1551744000.0
2019-03-01,33.65,35.25,33.35,34.25,34.32247284310256,146924.0,682.0,5042795.0,53668.0,36.53,1.9,0.6,1551398400.0
2019-02-28,33.0,33.5,32.65,33.05,33.12464878671775,39150.0,231.0,1296830.0,15080.0,38.52,0.85,0.05,1551312000.0
2019-02-27,33.55,34.45,32.0,32.8,33.65942652213423,123248.0,647.0,4148457.0,40638.0,32.97,2.45,-0.75,1551225600.0
2019-02-26,32.0,33.25,30.6,32.9,31.76357796922194,125479.0,684.0,3985662.0,25698.0,20.48,2.65,0.9,1551139200.0
2019-02-25,33.3,33.6,32.4,32.9,32.887145937105046,40353.0,270.0,1327095.0,21273.0,52.72,1.2,-0.4,1551052800.0
2019-02-22,30.35,32.85,30.35,32.7,32.24292736074484,80769.0,452.0,2604229.0,33226.0,41.14,2.5,2.35,1550793600.0
2019-02-21,31.0,31.4,30.7,30.9,31.06810420528832,40996.0,213.0,1273668.0,21336.0,52.04,0.7,-0.1,1550707200.0
2019-02-20,31.3,31.55,30.75,30.9,30.95438968160009,32098.0,193.0,993574.0,19020.0,59.26,0.8,-0.4,1550620800.0
2019-02-19,30.7,31.5,30.55,30.7,30.832863145850183,50689.0,332.0,1562887.0,30234.0,59.65,0.95,0.0,1550534400.0
2019-02-18,31.0,31.5,30.05,30.1,30.334952012605644,69810.0,314.0,2117683.0,38044.0,54.5,1.45,-0.9,1550448000.0
2019-02-15,31.7,32.6,30.9,31.0,31.4291305009898,65670.0,453.0,2063951.0,33682.0,51.29,1.7,-0.7,1550188800.0
2019-02-14,32.95,33.6,31.7,31.95,32.487504341182195,71985.0,438.0,2338613.0,31445.0,43.68,1.9,-1.0,1550102400.0
2019-02-13,32.9,34.6,31.2,32.45,32.97829018678632,158684.0,826.0,5233127.0,49547.0,31.22,3.4,-0.45,1550016000.0
2019-02-12,32.65,33.25,31.7,32.05,32.3966904474278,43873.0,204.0,1421340.0,26228.0,59.78,1.55,-0.6,1549929600.0
2019-02-11,34.2,34.2,32.8,33.0,33.18892806972277,34881.0,165.0,1157663.0,27675.0,79.34,1.4,-1.2,1549843200.0
2019-02-08,33.9,34.65,33.05,33.85,33.83829590983772,34693.0,239.0,1173952.0,17977.0,51.82,1.6,-0.05,1549584000.0
2019-02-07,32.55,37.7,32.55,34.6,35.234309327454184,169639.0,1021.0,5977113.0,46418.0,27.36,5.15,2.05,1549497600.0
2019-02-06,34.5,34.5,33.0,33.25,33.24828478964401,30900.0,262.0,1027372.0,14715.0,47.62,1.5,-1.25,1549411200.0
2019-02-05,33.4,34.05,32.95,33.15,33.40061097332285,33062.0,203.0,1104291.0,21944.0,66.37,1.1,-0.25,1549324800.0
2019-02-04,35.8,36.25,33.2,33.75,34.01932415132653,90612.0,542.0,3082559.0,54016.0,59.61,3.05,-2.05,1549238400.0
2019-02-01,36.45,36.85,33.05,35.7,35.88682411856263,73885.0,456.0,2651498.0,24601.0,33.3,3.8,-0.75,1548979200.0
2019-01-31,38.0,39.9,35.2,35.7,37.75542041004377,108525.0,775.0,4097407.0,61564.0,56.73,4.7,-2.3,1548892800.0
2019-01-30,35.05,38.0,33.95,37.4,36.757175854201286,71002.0,597.0,2609833.0,24778.0,34.9,4.05,2.35,1548806400.0
2019-01-29,33.35,35.7,32.55,34.8,34.55490694617407,115632.0,708.0,3995653.0,62088.0,53.69,3.15,1.45,1548720000.0
2019-01-28,35.0,35.65,31.7,32.55,32.84027532978348,107798.0,1082.0,3540116.0,39386.0,36.54,3.95,-2.45,1548633600.0
2019-01-25,37.0,37.55,34.6,35.15,36.17914198198859,54521.0,405.0,1972523.0,30913.0,56.7,2.95,-1.85,1548374400.0
2019-01-24,38.0,38.15,37.0,37.15,37.47903612431137,23779.0,201.0,891214.0,10046.0,42.25,1.15,-0.85,1548288000.0
2019-01-23,37.6,38.35,37.6,38.05,38.105885078776645,17264.0,183.0,657860.0,10608.0,61.45,0.75,0.45,1548201600.0
2019-01-22,37.6,38.95,36.5,37.85,37.67201571548844,39197.0,599.0,1476630.0,17466.0,44.56,2.45,0.25,1548115200.0
2019-01-21,40.0,40.0,38.0,38.15,38.617182756527015,29646.0,226.0,1144845.0,18284.0,61.67,2.0,-1.85,1548028800.0
2019-01-18,40.0,40.0,38.35,38.7,39.01780529461998,23420.0,196.0,913797.0,10967.0,46.83,1.65,-1.3,1547769600.0
2019-01-17,39.5,40.25,39.0,39.35,39.60413669848742,45882.0,328.0,1817117.0,23694.0,51.64,1.25,-0.15,1547683200.0
2019-01-16,39.0,39.3,38.9,39.1,39.11249781302852,17147.0,193.0,670662.0,10353.0,60.38,0.4,0.1,1547596800.0
2019-01-15,40.0,40.1,38.7,38.9,39.33537379525919,38390.0,269.0,1510085.0,25498.0,66.42,1.4,-1.1,1547510400.0
2019-01-14,40.8,40.8,39.5,39.8,40.17025329280648,24675.0,228.0,991201.0,14995.0,60.77,1.3,-1.0,1547424000.0
2019-01-11,40.25,41.6,39.6,39.9,40.51832110998233,71857.0,481.0,2911525.0,34082.0,47.43,2.0,-0.35,1547164800.0
2019-01-10,40.7,41.05,40.45,40.75,40.75108997225525,10092.0,86.0,411260.0,6485.0,64.26,0.6,0.05,1547078400.0
2019-01-09,40.65,41.25,40.5,40.75,40.75020840975024,29989.0,299.0,1222058.0,18270.0,60.92,0.75,0.1,1546992000.0
2019-01-08,41.0,41.55,40.6,41.0,40.99162675954143,68910.0,348.0,2824733.0,58463.0,84.84,0.95,0.0,1546905600.0
2019-01-07,41.0,42.0,40.85,41.05,41.37558973391206,42392.0,276.0,1753994.0,17047.0,40.21,1.15,0.05,1546819200.0
2019-01-04,41.3,41.35,40.2,40.75,40.76454235510097,38130.0,373.0,1554352.0,17993.0,47.19,1.15,-0.55,1546560000.0
2019-01-03,41.95,42.15,40.9,41.0,41.27776274244474,33255.0,282.0,1372692.0,15062.0,45.29,1.25,-0.95,1546473600.0
2019-01-02,42.4,42.4,40.7,41.1,41.62257034594064,57004.0,471.0,2372653.0,23446.0,41.13,1.7,-1.3,1546387200.0
2019-01-01,41.5,41.9,41.2,41.35,41.42654840497909,19843.0,144.0,822027.0,10769.0,54.27,0.7,-0.15,1546300800.0
2018-12-31,41.65,42.4,41.65,41.9,41.95987911629845,47980.0,308.0,2013235.0,29902.0,62.32,0.75,0.25,1546214400.0
2018-12-28,42.0,42.55,41.45,41.65,42.00934626400683,39802.0,238.0,1672056.0,22696.0,57.02,1.1,-0.35,1545955200.0
2018-12-27,42.35,42.75,41.3,41.55,41.92125962820826,36741.0,312.0,1540229.0,14766.0,40.19,1.45,-0.8,1545868800.0
2018-12-26,42.7,42.7,40.05,41.65,41.36124163291793,83213.0,694.0,3441793.0,31224.0,37.52,2.65,-1.05,1545782400.0
2018-12-24,42.0,43.05,42.0,42.25,42.52312365975697,27980.0,222.0,1189797.0,11858.0,42.38,1.05,0.25,1545609600.0
2018-12-21,44.0,44.3,42.35,42.55,42.90148933287476,95949.0,553.0,4116355.0,40335.0,42.04,1.95,-1.45,1545350400.0
2018-12-20,43.9,44.7,43.2,43.8,43.99537795060718,58632.0,355.0,2579537.0,32449.0,55.34,1.5,-0.1,1545264000.0
2018-12-19,44.8,44.85,44.05,44.3,44.550370957958094,64293.0,414.0,2864277.0,36154.0,56.23,0.8,-0.5,1545177600.0
2018-12-18,44.4,46.7,43.55,44.3,45.04989159347348,243989.0,1430.0,10991678.0,82120.0,33.66,3.15,-0.1,1545091200.0
2018-12-17,44.0,45.75,44.0,44.65,45.03200868391094,37771.0,358.0,1700904.0,16863.0,44.65,1.75,0.65,1545004800.0
2018-12-14,44.0,45.9,44.0,44.35,44.808777429467085,32219.0,399.0,1443694.0,15040.0,46.68,1.9,0.35,1544745600.0
2018-12-13,45.4,45.5,44.0,44.2,44.705402913516494,54230.0,471.0,2424374.0,29435.0,54.28,1.5,-1.2,1544659200.0
2018-12-12,44.1,45.6,44.1,44.65,44.761781755001,65037.0,570.0,2911172.0,29076.0,44.71,1.5,0.55,1544572800.0
2018-12-11,41.0,44.9,39.6,43.35,42.24761617181492,211949.0,1248.0,8954340.0,57376.0,27.07,5.3,2.35,1544486400.0
2018-12-10,43.8,43.8,40.0,41.25,42.27522145338036,111423.0,639.0,4710432.0,60819.0,54.58,3.8,-2.55,1544400000.0
2018-12-07,45.75,46.4,43.4,44.35,44.83780262729345,101321.0,806.0,4543011.0,33635.0,33.2,3.0,-1.4,1544140800.0
2018-12-06,46.95,47.75,45.0,45.4,46.17750835612276,164550.0,1309.0,7598509.0,58417.0,35.5,2.75,-1.55,1544054400.0
2018-12-05,44.15,47.55,44.1,46.6,46.80865992119321,385246.0,2198.0,18032849.0,82870.0,21.51,3.45,2.45,1543968000.0
2018-12-04,45.85,46.65,44.95,45.3,45.39663423731098,44507.0,411.0,2020468.0,27213.0,61.14,1.7,-0.55,1543881600.0
2018-12-03,47.1,47.5,45.8,46.05,46.43282488044957,57298.0,605.0,2660508.0,31028.0,54.15,1.7,-1.05,1543795200.0
2018-11-30,47.5,48.55,46.0,46.75,47.31388205073317,93430.0,826.0,4420536.0,40702.0,43.56,2.55,-0.75,1543536000.0
2018-11-29,48.25,49.8,47.25,47.5,48.47310969375335,102695.0,892.0,4977946.0,34607.0,33.7,2.55,-0.75,1543449600.0
2018-11-28,50.4,50.4,47.05,48.05,47.781332991446725,272995.0,922.0,13044065.0,78726.0,28.84,3.35,-2.35,1543363200.0
2018-11-27,49.8,50.4,48.9,49.5,49.636036783784725,257831.0,1366.0,12797709.0,122634.0,47.56,1.5,-0.3,1543276800.0
2018-11-26,46.65,48.0,46.4,48.0,47.696925113449765,515206.0,1701.0,24573742.0,143845.0,27.92,1.6,1.35,1543190400.0
2018-11-22,44.3,45.75,43.9,45.75,45.284561517494645,575633.0,1695.0,26067288.0,140978.0,24.49,1.85,1.45,1542844800.0
2018-11-21,41.25,43.6,41.2,43.6,42.950124561860896,138084.0,679.0,5930725.0,59929.0,43.4,2.4,2.35,1542758400.0
2018-11-20,40.8,42.95,40.8,41.55,42.04698834651565,64101.0,529.0,2695254.0,25080.0,39.13,2.15,0.75,1542672000.0
2018-11-19,42.5,42.6,40.75,41.35,41.571658237599216,59714.0,484.0,2482410.0,22496.0,37.67,1.85,-1.15,1542585600.0
2018-11-16,43.9,44.65,41.9,42.65,42.72260000886014,90292.0,618.0,3857509.0,32682.0,36.2,2.75,-1.25,1542326400.0
2018-11-15,42.1,44.2,42.1,43.45,43.488827265408354,55895.0,370.0,2430808.0,18701.0,33.46,2.1,1.35,1542240000.0
2018-11-14,42.9,43.95,42.0,42.75,42.99690311031552,111725.0,573.0,4803829.0,52892.0,47.34,1.95,-0.15,1542153600.0
2018-11-13,43.15,43.15,41.5,42.15,42.019448785691246,80622.0,577.0,3387692.0,22031.0,27.33,1.65,-1.0,1542067200.0
2018-11-12,46.0,46.0,43.15,43.2,44.33106753263131,79295.0,699.0,3515232.0,41997.0,52.96,2.85,-2.8,1541980800.0
2018-11-09,46.75,46.75,44.0,45.4,45.201949801894045,118371.0,725.0,5350600.0,42797.0,36.15,2.75,-1.35,1541721600.0
2018-11-07,44.0,45.3,43.25,45.15,45.01897983976077,203321.0,714.0,9153304.0,101469.0,49.91,2.05,1.15,1541548800.0
2018-11-06,45.4,45.55,42.5,43.15,44.506603457552096,394036.0,2398.0,17537204.0,106501.0,27.03,3.05,-2.25,1541462400.0
2018-11-05,42.0,43.4,42.0,43.4,43.32623273167288,317344.0,745.0,13749320.0,107229.0,33.79,1.4,1.4,1541376000.0
2018-11-02,42.1,42.85,41.25,41.35,42.05383156059682,175529.0,1124.0,7381667.0,74768.0,42.6,1.6,-0.75,1541116800.0
2018-11-01,39.5,41.5,38.1,41.25,40.27201412149087,182417.0,1266.0,7346300.0,71486.0,39.19,3.4,1.75,1541030400.0
2018-10-31,39.9,40.65,37.5,39.55,38.81968797592066,416955.0,1624.0,16186063.0,130298.0,31.25,3.15,-0.35,1540944000.0
2018-10-30,39.95,39.95,38.5,39.45,39.77406455779983,1127114.0,2446.0,44829905.0,240648.0,21.35,1.45,-0.5,1540857600.0
2018-10-29,38.05,38.05,37.8,38.05,38.04736073779791,491842.0,403.0,18713290.0,191514.0,38.94,0.25,0.0,1540771200.0
2018-10-26,36.35,37.35,35.7,36.25,36.49482629562768,68133.0,503.0,2486502.0,30401.0,44.62,1.65,-0.1,1540512000.0
2018-10-25,37.0,37.9,35.6,36.2,36.40451170640571,143981.0,883.0,5241558.0,55679.0,38.67,2.3,-0.8,1540425600.0
2018-10-24,36.0,37.0,36.0,37.0,36.93104395488296,236629.0,555.0,8738956.0,89977.0,38.02,1.0,1.0,1540339200.0
2018-10-23,35.2,35.8,34.1,35.25,34.67266924696136,73635.0,526.0,2553122.0,37548.0,50.99,1.7,0.05,1540252800.0
2018-10-22,37.5,38.8,35.65,35.8,37.32059146676433,87376.0,500.0,3260924.0,45768.0,52.38,3.15,-1.7,1540166400.0
2018-10-19,39.2,39.6,37.45,37.45,37.9402712483512,118268.0,642.0,4487120.0,73608.0,62.24,2.15,-1.75,1539907200.0
2018-10-17,40.6,40.6,39.0,39.4,40.26484476429053,590006.0,1676.0,23756500.0,166763.0,28.26,1.6,-1.2,1539734400.0
2018-10-16,37.7,38.7,37.5,38.7,38.59921245801171,549558.0,1144.0,21212506.0,201674.0,36.7,1.2,1.0,1539648000.0
2018-10-15,35.9,37.0,35.25,36.9,36.74397215094465,1387767.0,3409.0,50992072.0,384600.0,27.71,1.75,1.0,1539561600.0
2018-10-12,35.25,35.25,34.6,35.25,35.20340109038956,2309083.0,1871.0,81287575.0,1252933.0,54.26,0.65,0.0,1539302400.0
2018-10-11,33.25,33.6,32.0,33.6,33.262926711167985,57826.0,229.0,1923462.0,37208.0,64.34,1.6,0.35,1539216000.0
2018-10-10,29.2,32.0,29.15,32.0,31.484835768511807,26213.0,116.0,825312.0,20578.0,78.5,2.85,2.8,1539129600.0
2018-10-09,30.7,32.1,30.5,30.5,30.95631718234391,122428.0,709.0,3789920.0,64168.0,52.41,1.6,-0.2,1539043200.0
2018-10-08,32.15,34.0,32.1,32.1,32.27588966334035,124963.0,523.0,4033292.0,63172.0,50.55,1.9,-0.05,1538956800.0
2018-10-05,33.75,33.75,33.75,33.75,33.75,25072.0,157.0,846180.0,18762.0,74.83,0.0,0.0,1538697600.0
2018-10-04,35.65,35.65,35.5,35.5,35.52867783101665,21079.0,110.0,748909.0,21069.0,99.95,0.15,-0.15,1538611200.0
2018-10-03,40.0,40.0,37.35,37.35,37.96398900784093,94249.0,641.0,3578068.0,58760.0,62.35,2.65,-2.65,1538524800.0
2018-10-01,39.0,40.95,38.95,39.3,39.20930004702931,51032.0,267.0,2000929.0,30113.0,59.01,2.0,0.3,1538352000.0
2018-09-28,43.5,43.5,41.0,41.0,41.04776825302986,33830.0,192.0,1388646.0,22041.0,65.15,2.5,-2.5,1538092800.0
2018-09-27,45.1,46.0,43.15,43.15,43.786532771451625,55765.0,484.0,2441756.0,26804.0,48.07,2.85,-1.95,1538006400.0
2018-09-26,46.5,47.05,45.0,45.4,46.28395061728395,138348.0,975.0,6403292.0,46210.0,33.4,2.05,-1.1,1537920000.0
2018-09-25,44.85,46.9,44.85,44.85,44.99748942096999,112723.0,503.0,5072252.0,38290.0,33.97,2.05,0.0,1537833600.0
2018-09-24,49.6,49.6,47.2,47.2,47.25965076696205,72559.0,292.0,3429113.0,55375.0,76.32,2.4,-2.4,1537747200.0
2018-09-21,51.7,52.9,49.6,49.65,50.45334860834617,53246.0,460.0,2686439.0,28167.0,52.9,3.3,-2.05,1537488000.0
2018-09-19,54.5,54.5,51.85,52.2,52.69046219413623,27218.0,320.0,1434129.0,11084.0,40.72,2.65,-2.3,1537315200.0
2018-09-18,53.75,54.7,53.25,53.45,54.002207355588006,29447.0,355.0,1590203.0,17120.0,58.14,1.45,-0.3,1537228800.0
2018-09-17,56.8,56.8,52.8,53.7,53.72926173657561,95982.0,783.0,5157042.0,44545.0,46.41,4.0,-3.1,1537142400.0
2018-09-14,55.0,55.1,52.75,55.1,54.85597158830792,72083.0,378.0,3954183.0,29189.0,40.49,2.35,0.1,1536883200.0
2018-09-12,53.0,53.8,51.2,52.5,52.392385012515646,51136.0,499.0,2679137.0,25077.0,49.04,2.6,-0.5,1536710400.0
2018-09-11,55.0,55.3,52.3,52.9,53.41788827645519,51162.0,549.0,2732966.0,24529.0,47.94,3.0,-2.1,1536624000.0
2018-09-10,56.0,56.1,53.8,54.5,54.696127222915685,61687.0,606.0,3374040.0,31300.0,50.74,2.3,-1.5,1536537600.0
2018-09-07,56.4,57.5,55.1,55.9,56.38943004930872,165488.0,905.0,9331774.0,87703.0,53.0,2.4,-0.5,1536278400.0
2018-09-06,52.7,55.25,52.7,55.25,54.950884990938725,238929.0,1040.0,13129360.0,115448.0,48.32,2.55,2.55,1536192000.0
2018-09-05,51.4,53.6,51.0,52.65,52.08254646866462,70639.0,645.0,3679059.0,39149.0,55.42,2.6,1.25,1536105600.0
2018-09-04,56.2,56.95,53.5,53.5,54.45114017907106,85776.0,763.0,4670601.0,52159.0,60.81,3.45,-2.7,1536019200.0
2018-09-03,57.75,58.4,55.5,56.3,57.00505692420023,73958.0,689.0,4215980.0,33215.0,44.91,2.9,-1.45,1535932800.0
2018-08-31,59.35,60.0,57.4,57.7,58.18314374253213,102941.0,827.0,5989431.0,48979.0,47.58,2.6,-1.65,1535673600.0
2018-08-30,62.0,62.7,58.65,59.35,61.09228343688371,182037.0,1261.0,11121056.0,75005.0,41.2,4.05,-2.65,1535587200.0
2018-08-29,60.75,61.4,58.4,61.05,60.82598320006676,1282267.0,3349.0,77995151.0,258924.0,20.19,3.0,0.3,1535500800.0
2018-08-28,56.4,58.5,55.35,58.5,57.693885960806654,196564.0,899.0,11340541.0,116317.0,59.18,3.15,2.1,1535414400.0
2018-08-27,55.9,57.55,53.15,55.75,55.364524263339206,168938.0,1469.0,9353172.0,46826.0,27.72,4.4,-0.15,1535328000.0
2018-08-24,58.9,58.9,55.55,55.85,56.354533226205405,110771.0,849.0,6242448.0,45678.0,41.24,3.35,-3.05,1535068800.0
2018-08-23,59.4,59.9,55.7,57.3,57.36294830964288,264382.0,1775.0,15165731.0,98902.0,37.41,4.2,-2.1,1534982400.0
2018-08-21,59.35,60.65,56.3,57.2,59.298899836788976,661720.0,3186.0,39239268.0,138184.0,20.88,4.35,-2.15,1534809600.0
2018-08-20,55.0,57.8,55.0,57.8,57.46641776244025,201684.0,562.0,11590057.0,101658.0,50.4,2.8,2.8,1534723200.0
2018-08-17,54.6,60.3,54.6,55.05,58.18219671128466,1657851.0,5692.0,96457413.0,299310.0,18.05,5.7,0.45,1534464000.0
2018-08-16,57.45,57.45,57.45,57.45,57.44987095493349,5037.0,56.0,289375.0,4937.0,98.01,0.0,0.0,1534377600.0
2018-08-14,60.45,60.45,60.45,60.45,60.44995810445955,10741.0,90.0,649293.0,10741.0,100.0,0.0,0.0,1534204800.0
2018-08-13,63.6,63.6,63.6,63.6,63.6,35465.0,153.0,2255574.0,35465.0,100.0,0.0,0.0,1534118400.0
2018-08-10,61.1,66.9,60.6,66.9,65.51773879688511,1998529.0,4118.0,130939101.0,441676.0,22.1,6.3,5.8,1533859200.0
2018-08-09,63.75,63.75,63.75,63.75,63.74991482112436,5870.0,65.0,374212.0,5870.0,100.0,0.0,0.0,1533772800.0
2018-08-08,67.1,67.1,67.1,67.1,67.09998822282417,8491.0,72.0,569746.0,8491.0,100.0,0.0,0.0,1533686400.0
2018-08-07,70.6,77.6,70.6,70.6,71.10283863703076,207811.0,637.0,14775952.0,136514.0,65.69,7.0,0.0,1533600000.0
2018-08-06,74.3,74.3,74.3,74.3,74.29999628257394,80701.0,167.0,5996084.0,80701.0,100.0,0.0,0.0,1533513600.0
2018-08-03,70.8,70.8,70.8,70.8,70.79999751008415,240972.0,450.0,17060817.0,208837.0,86.66,0.0,0.0,1533254400.0
2018-08-02,67.45,67.45,66.0,67.45,67.26411324524533,583583.0,1259.0,39254193.0,271989.0,46.61,1.45,0.0,1533168000.0
2018-08-01,62.8,64.25,62.0,64.25,63.9182868008912,612655.0,1526.0,39159858.0,230183.0,37.57,2.25,1.45,1533081600.0
2018-07-31,61.2,61.2,58.0,61.2,60.718936413922975,1226605.0,3703.0,74478151.0,341687.0,27.86,3.2,0.0,1532995200.0
2018-07-30,52.2,58.3,52.2,58.3,57.28311486095017,607552.0,2817.0,34802471.0,245991.0,40.49,6.1,6.1,1532908800.0
2018-07-27,54.75,54.85,52.0,53.0,53.50655576311405,396140.0,2904.0,21196087.0,139430.0,35.2,2.85,-1.75,1532649600.0
2018-07-26,55.9,56.3,48.2,52.55,53.485472324788304,1304579.0,8420.0,69776024.0,333330.0,25.55,8.1,-3.35,1532563200.0
2018-07-25,50.5,51.2,49.1,51.2,50.66035477779847,112803.0,396.0,5714640.0,76885.0,68.16,2.1,0.7,1532476800.0
2018-07-24,46.4,46.55,45.55,46.55,46.52388371543856,389596.0,553.0,18125519.0,100399.0,25.77,1.0,0.15,1532390400.0
2018-07-23,38.0,42.35,37.15,42.35,40.71058317282375,554484.0,2752.0,22573367.0,167689.0,30.24,5.2,4.35,1532304000.0
2018-07-20,29.5,35.4,29.5,35.3,34.87540247155868,1434884.0,4298.0,50042157.0,219720.0,15.31,5.9,5.8,1532044800.0
2018-07-19,29.75,30.35,28.2,29.5,29.26563171889672,113951.0,674.0,3334848.0,41241.0,36.19,2.15,-0.25,1531958400.0
2018-07-18,31.45,31.7,29.6,29.85,30.539451571914576,73191.0,488.0,2235213.0,34863.0,47.63,2.1,-1.6,1531872000.0
2018-07-17,31.95,31.95,31.05,31.45,31.48047086171477,73992.0,475.0,2329303.0,26917.0,36.38,0.9,-0.5,1531785600.0
2018-07-16,32.5,32.9,31.0,31.55,31.671829120444016,142697.0,1044.0,4519475.0,65645.0,46.0,1.9,-0.95,1531699200.0
2018-07-13,32.45,32.55,31.2,31.5,31.792784320749927,133986.0,919.0,4259788.0,48724.0,36.36,1.35,-0.95,1531440000.0
2018-07-12,32.05,32.8,30.95,31.15,31.8901696109722,147573.0,775.0,4706128.0,60867.0,41.25,1.85,-0.9,1531353600.0
2018-07-11,31.9,33.45,30.45,32.2,32.43235610692529,360476.0,2290.0,11691086.0,95676.0,26.54,3.0,0.3,1531267200.0
2018-07-10,30.0,31.85,30.0,31.0,31.16014173707244,75633.0,515.0,2356735.0,27440.0,36.28,1.85,1.0,1531180800.0
2018-07-09,31.0,31.55,30.0,30.8,30.909169250525924,118363.0,739.0,3658502.0,48913.0,41.32,1.55,-0.2,1531094400.0
2018-07-06,30.0,30.9,29.05,30.05,30.254357796169145,114909.0,1028.0,3476498.0,47650.0,41.47,1.85,0.05,1530835200.0
2018-07-05,29.6,32.05,29.0,29.6,30.65966665459768,331428.0,2388.0,10161472.0,118103.0,35.63,3.05,0.0,1530748800.0
2018-07-04,26.3,30.0,25.85,29.75,28.542075692478093,223906.0,1607.0,6390742.0,75804.0,33.86,4.15,3.45,1530662400.0
2018-07-03,26.0,26.45,24.8,26.25,25.67299809572992,61966.0,514.0,1590853.0,27978.0,45.15,1.65,0.25,1530576000.0
2018-07-02,27.0,27.4,22.75,25.05,25.44887918427853,249595.0,1521.0,6351913.0,120011.0,48.08,4.65,-1.95,1530489600.0
2018-06-29,24.65,27.15,24.65,27.15,26.97254312342938,327896.0,356.0,8844189.0,327896.0,100.0,2.5,2.5,1530230400.0
2018-06-28,26.0,26.35,25.9,25.9,26.05458574397808,2880972.0,138.0,75062532.0,2880972.0,100.0,0.45,-0.1,1530144000.0
2018-06-27,28.75,28.9,27.25,27.25,27.428397619282496,30411.0,134.0,834125.0,30411.0,100.0,1.65,-1.5,1530057600.0
2018-06-26,29.0,29.0,27.5,28.65,28.695203908436167,2877468.0,157.0,82569531.0,2877468.0,100.0,1.5,-0.35,1529971200.0
2018-06-25,29.4,30.35,28.6,28.85,29.3432232731238,2560447.0,230.0,75131768.0,2560447.0,100.0,1.75,-0.55,1529884800.0
2018-06-22,28.5,30.25,28.4,29.45,29.293614383276896,1772781.0,336.0,51931163.0,1772781.0,100.0,1.85,0.95,1529625600.0
2018-06-21,30.9,30.9,29.8,29.85,29.84805658087052,80734.0,310.0,2409753.0,80734.0,100.0,1.1,-1.05,1529539200.0
2018-06-20,32.3,32.3,29.7,31.35,30.88619207910288,584353.0,1190.0,18048439.0,584353.0,100.0,2.6,-0.95,1529452800.0
2018-06-19,30.85,30.85,30.85,30.85,30.84985902255639,4256.0,31.0,131297.0,4256.0,100.0,0.0,0.0,1529366400.0
2018-06-18,28.0,29.4,27.0,29.4,28.709506784115128,177326.0,551.0,5090942.0,177326.0,100.0,2.4,1.4,1529280000.0
